c 359.3 0.0 345.98 0.0 0.0 0.0
t 160
c 359.3 0.0 345.98 0.0 0.0 0.0
t 159
c 359.3 0.0 345.98 0.0 0.0 0.0
t 158
c 359.3 0.0 345.98 0.0 0.0 0.0
t 157
c 359.3 0.0 345.98 0.0 0.0 0.0
t 155
c 359.3 0.0 345.98 0.0 0.0 0.0
t 155
c 359.3 0.0 345.98 0.0 0.0 0.0
t 154
c 359.3 0.0 345.98 0.0 0.0 0.0
t 153
c 359.3 0.0 345.98 0.0 0.0 0.0
t 152
c 359.3 0.0 345.98 0.0 0.0 0.0
t 150
c 359.3 0.0 345.98 0.0 0.0 0.0
t 150
c 359.3 0.0 345.98 0.0 0.0 0.0
t 149
c 359.3 0.0 345.98 0.0 0.0 0.0
t 148
c 359.3 0.0 345.98 0.0 0.0 0.0
t 147
c 359.3 0.0 345.98 0.0 0.0 0.0
t 146
c 359.3 0.0 345.98 0.0 0.0 0.0
t 145
c 359.3 0.0 345.98 0.0 0.0 0.0
t 144
c 359.3 0.0 345.98 0.0 0.0 0.0
t 143
c 359.3 0.0 345.98 0.0 0.0 0.0
t 142
c 359.3 0.0 345.98 0.0 0.0 0.0
t 141
c 359.3 0.0 345.98 0.0 0.0 0.0
t 140
c 359.3 0.0 345.98 0.0 0.0 0.0
t 139
c 359.3 0.0 345.98 0.0 0.0 0.0
t 138
c 359.3 0.0 345.98 0.0 0.0 0.0
t 137
c 359.3 0.0 345.98 0.0 0.0 0.0
t 136
c 359.3 0.0 345.98 0.0 0.0 0.0
t 135
c 359.3 0.0 345.98 0.0 0.0 0.0
t 134
c 359.3 0.0 345.98 0.0 0.0 0.0
t 133
c 359.3 0.0 345.98 0.0 0.0 0.0
t 132
c 359.3 0.0 345.98 0.0 0.0 0.0
t 131
c 359.3 0.0 345.98 0.0 0.0 0.0
t 130
c 359.3 0.0 345.98 0.0 0.0 0.0
t 129
c 359.3 0.0 345.98 0.0 0.0 0.0
t 128
c 359.3 0.0 345.98 0.0 0.0 0.0
t 127
c 359.3 0.0 345.98 0.0 0.0 0.0
t 126
c 359.3 0.0 345.98 0.0 0.0 0.0
t 125
c 359.3 0.0 345.98 0.0 0.0 0.0
t 124
c 359.3 0.0 345.98 0.0 0.0 0.0
t 123
c 359.3 0.0 345.98 0.0 0.0 0.0
t 122
c 359.3 0.0 345.98 0.0 0.0 0.0
t 121
c 359.3 0.0 345.98 0.0 0.0 0.0
t 120
c 359.3 0.0 345.98 0.0 0.0 0.0
t 119
c 359.3 0.0 345.98 0.0 0.0 0.0
t 118
c 359.3 0.0 345.98 0.0 0.0 0.0
t 117
c 359.3 0.0 345.98 0.0 0.0 0.0
t 116
c 359.3 0.0 345.98 0.0 0.0 0.0
t 115
c 359.3 0.0 345.98 0.0 0.0 0.0
t 114
c 359.3 0.0 345.98 0.0 0.0 0.0
t 113
c 359.3 0.0 345.98 0.0 0.0 0.0
t 112
c 359.3 0.0 345.98 0.0 0.0 0.0
t 111
c 359.3 0.0 345.98 0.0 0.0 0.0
t 110
c 359.3 0.0 345.98 0.0 0.0 0.0
t 109
c 359.3 0.0 345.98 0.0 0.0 0.0
t 108
c 359.3 0.0 345.98 0.0 0.0 0.0
t 107
c 359.3 0.0 345.98 0.0 0.0 0.0
t 106
c 359.3 0.0 345.98 0.0 0.0 0.0
t 105
c 359.3 0.0 345.98 0.0 0.0 0.0
t 104
c 359.3 0.0 345.98 0.0 0.0 0.0
t 103
c 359.3 0.0 345.98 0.0 0.0 0.0
t 102
c 359.3 0.0 345.98 0.0 0.0 0.0
t 101
c 359.3 0.0 345.98 0.0 0.0 0.0
t 100
c 359.3 0.0 345.98 0.0 0.0 0.0
t 99
c 359.3 0.0 345.98 0.0 0.0 0.0
t 98
c 359.3 0.0 345.98 0.0 0.0 0.0
t 97
c 359.3 0.0 345.98 0.0 0.0 0.0
t 96
c 359.3 0.0 345.98 0.0 0.0 0.0
t 95
c 359.3 0.0 345.98 0.0 0.0 0.0
t 94
c 359.3 0.0 345.98 0.0 0.0 0.0
t 93
c 359.3 0.0 345.98 0.0 0.0 0.0
t 92
c 359.3 0.0 345.98 0.0 0.0 0.0
t 91
c 359.3 0.0 345.98 0.0 0.0 0.0
t 90
c 359.3 0.0 345.98 0.0 0.0 0.0
t 89
