c 359.19469 -78.57031 54.93678 0.00255998 1.40007605 0.0023028
t 128
c 359.19108 -78.57221 49.33739 0.00249493 1.40008549 0.0022198
t 124
c 359.18747 -78.57411 43.73801 0.00242988 1.40009494 0.00213679
t 121
c 359.18386 -78.57601 38.13863 0.00236483 1.40010438 0.00205378
t 118
c 359.18025 -78.57791 32.53925 0.00229978 1.40011383 0.00197078
t 115
s 1.000
c 359.18025 -78.57791 32.53925 0.00229978 1.40011383 0.00197078
t 115
c 359.18025 -78.57791 32.53925 0.00229978 1.40011383 0.00197078
t 114
c 359.18025 -78.57791 32.53925 0.00229978 1.40011383 0.00197078
t 113
c 359.18025 -78.57791 32.53925 0.00229978 1.40011383 0.00197078
t 112
c 359.18025 -78.57791 32.53925 0.00229978 1.40011383 0.00197078
t 111
c 359.18025 -78.57791 32.53925 0.00229978 1.40011383 0.00197078
t 110
c 359.18025 -78.57791 32.53925 0.00229978 1.40011383 0.00197078
t 108
c 359.18025 -78.57791 32.53925 0.00229978 1.40011383 0.00197078
t 108
c 359.18025 -78.57791 32.53925 0.00229978 1.40011383 0.00197078
t 107
c 359.18025 -78.57791 32.53925 0.00229978 1.40011383 0.00197078
t 106
c 359.18025 -78.57791 32.53925 0.00229978 1.40011383 0.00197078
t 105
c 359.18025 -78.57791 32.53925 0.00229978 1.40011383 0.00197078
t 104
c 359.18025 -78.57791 32.53925 0.00229978 1.40011383 0.00197078
t 103
c 359.18025 -78.57791 32.53925 0.00229978 1.40011383 0.00197078
t 102
c 359.18025 -78.57791 32.53925 0.00229978 1.40011383 0.00197078
t 100
c 359.18025 -78.57791 32.53925 0.00229978 1.40011383 0.00197078
t 100
c 359.18025 -78.57791 32.53925 0.00229978 1.40011383 0.00197078
t 99
c 359.18025 -78.57791 32.53925 0.00229978 1.40011383 0.00197078
t 98
c 359.18025 -78.57791 32.53925 0.00229978 1.40011383 0.00197078
t 97
c 359.18025 -78.57791 32.53925 0.00229978 1.40011383 0.00197078
t 96
c 359.18025 -78.57791 32.53925 0.00229978 1.40011383 0.00197078
t 95
c 359.18025 -78.57791 32.53925 0.00229978 1.40011383 0.00197078
t 94
c 359.18025 -78.57791 32.53925 0.00229978 1.40011383 0.00197078
t 93
c 359.18025 -78.57791 32.53925 0.00229978 1.40011383 0.00197078
t 92
c 359.18025 -78.57791 32.53925 0.00229978 1.40011383 0.00197078
t 91
c 359.18025 -78.57791 32.53925 0.00229978 1.40011383 0.00197078
t 90
c 359.18025 -78.57791 32.53925 0.00229978 1.40011383 0.00197078
t 89
c 359.18025 -78.57791 32.53925 0.00229978 1.40011383 0.00197078
t 88
c 359.18025 -78.57791 32.53925 0.00229978 1.40011383 0.00197078
t 87
c 359.18025 -78.57791 32.53925 0.00229978 1.40011383 0.00197078
t 86
c 359.18025 -78.57791 32.53925 0.00229978 1.40011383 0.00197078
t 85
c 359.18025 -78.57791 32.53925 0.00229978 1.40011383 0.00197078
t 84
c 359.18025 -78.57791 32.53925 0.00229978 1.40011383 0.00197078
t 83
c 359.18025 -78.57791 32.53925 0.00229978 1.40011383 0.00197078
t 82
c 359.18025 -78.57791 32.53925 0.00229978 1.40011383 0.00197078
t 81
c 359.18025 -78.57791 32.53925 0.00229978 1.40011383 0.00197078
t 80
c 359.18025 -78.57791 32.53925 0.00229978 1.40011383 0.00197078
t 79
c 359.18025 -78.57791 32.53925 0.00229978 1.40011383 0.00197078
t 78
c 359.18025 -78.57791 32.53925 0.00229978 1.40011383 0.00197078
t 77
c 359.18025 -78.57791 32.53925 0.00229978 1.40011383 0.00197078
t 76
c 359.18025 -78.57791 32.53925 0.00229978 1.40011383 0.00197078
t 75
c 359.18025 -78.57791 32.53925 0.00229978 1.40011383 0.00197078
t 74
c 359.18025 -78.57791 32.53925 0.00229978 1.40011383 0.00197078
t 73
c 359.18025 -78.57791 32.53925 0.00229978 1.40011383 0.00197078
t 72
c 359.18025 -78.57791 32.53925 0.00229978 1.40011383 0.00197078
t 71
c 359.18025 -78.57791 32.53925 0.00229978 1.40011383 0.00197078
t 70
c 359.18025 -78.57791 32.53925 0.00229978 1.40011383 0.00197078
t 69
c 359.18025 -78.57791 32.53925 0.00229978 1.40011383 0.00197078
t 68
c 359.18025 -78.57791 32.53925 0.00229978 1.40011383 0.00197078
t 67
c 359.18025 -78.57791 32.53925 0.00229978 1.40011383 0.00197078
t 66
c 359.18025 -78.57791 32.53925 0.00229978 1.40011383 0.00197078
t 65
c 359.18025 -78.57791 32.53925 0.00229978 1.40011383 0.00197078
t 64
c 359.18025 -78.57791 32.53925 0.00229978 1.40011383 0.00197078
t 63
c 359.18025 -78.57791 32.53925 0.00229978 1.40011383 0.00197078
t 62
c 359.18025 -78.57791 32.53925 0.00229978 1.40011383 0.00197078
t 61
s 1.000
c 359.18025 -78.57791 32.53925 0.00229978 1.40011383 0.00197078
t 61
c 359.17869 -73.58996 33.40293 0.00240083 1.40011916 0.00207639
t 61
c 359.17712 -68.60201 34.26662 0.00250188 1.4001245 0.00218201
t 61
c 359.17556 -63.61406 35.1303 0.00260293 1.40012984 0.00228762
t 61
c 359.17399 -58.62611 35.99399 0.00270398 1.40013517 0.00239324
t 61
c 359.17243 -53.63816 36.85767 0.00280504 1.40014051 0.00249885
t 61
c 359.17087 -48.65021 37.72136 0.00290609 1.40014585 0.00260447
t 61
c 359.1693 -43.66226 38.58504 0.00300714 1.40015119 0.00271008
t 61
c 359.16774 -38.67431 39.44873 0.00310819 1.40015652 0.0028157
t 61
c 359.16618 -33.68636 40.31241 0.00320924 1.40016186 0.00292131
t 61
c 359.16461 -28.69842 41.1761 0.00331029 1.4001672 0.00302693
t 61
c 359.16305 -23.71047 42.03978 0.00341134 1.40017253 0.00313254
t 61
c 359.16149 -18.72252 42.90347 0.00351239 1.40017787 0.00323816
t 61
c 359.15992 -13.73457 43.76715 0.00361344 1.40018321 0.00334377
t 61
c 359.15836 -8.74662 44.63084 0.00371449 1.40018854 0.00344939
t 61
c 359.1568 -3.75867 45.49452 0.00381555 1.40019388 0.003555
t 61
c 359.15523 1.22928 46.35821 0.0039166 1.40019922 0.00366062
t 61
c 359.15367 6.21723 47.22189 0.00401765 1.40020456 0.00376623
t 61
c 359.15211 11.20518 48.08558 0.0041187 1.40020989 0.00387185
t 61
c 359.15054 16.19313 48.94926 0.00421975 1.40021523 0.00397746
t 61
c 359.14898 21.18108 49.81295 0.0043208 1.40022057 0.00408308
t 61
c 359.14742 26.16903 50.67663 0.00442185 1.4002259 0.00418869
t 61
c 359.14585 31.15698 51.54032 0.0045229 1.40023124 0.00429431
t 61
c 359.14429 36.14493 52.404 0.00462395 1.40023658 0.00439992
t 61
c 359.14273 41.13288 53.26769 0.004725 1.40024192 0.00450554
t 61
c 359.14116 46.12083 54.13137 0.00482606 1.40024725 0.00461115
t 61
c 359.1396 51.10878 54.99506 0.00492711 1.40025259 0.00471677
t 61
c 359.13804 56.09672 55.85874 0.00502816 1.40025793 0.00482238
t 61
c 359.13647 61.08467 56.72243 0.00512921 1.40026326 0.004928
t 61
c 359.13491 66.07262 57.58611 0.00523026 1.4002686 0.00503361
t 61
c 359.13335 71.06057 58.4498 0.00533131 1.40027394 0.00513923
t 61
c 359.13178 76.04852 59.31348 0.00543236 1.40027927 0.00524484
t 61
c 359.13022 81.03647 60.17717 0.00553341 1.40028461 0.00535046
t 61
c 359.12866 86.02442 61.04086 0.00563446 1.40028995 0.00545607
t 61
c 359.12709 91.01237 61.90454 0.00573551 1.40029529 0.00556169
t 61
c 359.12553 96.00032 62.76823 0.00583657 1.40030062 0.0056673
t 61
c 359.12397 100.98827 63.63191 0.00593762 1.40030596 0.00577292
t 61
c 359.1224 105.97622 64.4956 0.00603867 1.4003113 0.00587853
t 61
c 359.12084 110.96417 65.35928 0.00613972 1.40031663 0.00598415
t 61
s 1.000
c 359.12084 110.96417 65.35928 0.00613972 1.40031663 0.00598415
t 61
c 359.13304 110.973 59.47086 0.00639732 1.40025204 0.00627184
t 61
c 359.14524 110.98183 53.58243 0.00665493 1.40018745 0.00655953
t 61
c 359.15744 110.99066 47.69401 0.00691253 1.40012286 0.00684722
t 61
c 359.16964 110.99949 41.80559 0.00717013 1.40005827 0.00713491
t 61
c 359.18185 111.00832 35.91716 0.00742774 1.39999368 0.0074226
t 61
s 1.000
c 359.18185 111.00832 35.91716 0.00742774 1.39999368 0.0074226
t 61
c 359.18185 111.00832 35.91716 0.00742774 1.39999368 0.0074226
t 61
c 359.18185 111.00832 35.91716 0.00742774 1.39999368 0.0074226
t 63
c 359.18185 111.00832 35.91716 0.00742774 1.39999368 0.0074226
t 64
c 359.18185 111.00832 35.91716 0.00742774 1.39999368 0.0074226
t 65
c 359.18185 111.00832 35.91716 0.00742774 1.39999368 0.0074226
t 66
c 359.18185 111.00832 35.91716 0.00742774 1.39999368 0.0074226
t 67
c 359.18185 111.00832 35.91716 0.00742774 1.39999368 0.0074226
t 68
c 359.18185 111.00832 35.91716 0.00742774 1.39999368 0.0074226
t 69
c 359.18185 111.00832 35.91716 0.00742774 1.39999368 0.0074226
t 70
c 359.18185 111.00832 35.91716 0.00742774 1.39999368 0.0074226
t 71
c 359.18185 111.00832 35.91716 0.00742774 1.39999368 0.0074226
t 72
c 359.18185 111.00832 35.91716 0.00742774 1.39999368 0.0074226
t 73
c 359.18185 111.00832 35.91716 0.00742774 1.39999368 0.0074226
t 74
c 359.18185 111.00832 35.91716 0.00742774 1.39999368 0.0074226
t 75
c 359.18185 111.00832 35.91716 0.00742774 1.39999368 0.0074226
t 76
c 359.18185 111.00832 35.91716 0.00742774 1.39999368 0.0074226
t 77
c 359.18185 111.00832 35.91716 0.00742774 1.39999368 0.0074226
t 78
c 359.18185 111.00832 35.91716 0.00742774 1.39999368 0.0074226
t 79
c 359.18185 111.00832 35.91716 0.00742774 1.39999368 0.0074226
t 80
c 359.18185 111.00832 35.91716 0.00742774 1.39999368 0.0074226
t 81
c 359.18185 111.00832 35.91716 0.00742774 1.39999368 0.0074226
t 82
c 359.18185 111.00832 35.91716 0.00742774 1.39999368 0.0074226
t 83
c 359.18185 111.00832 35.91716 0.00742774 1.39999368 0.0074226
t 84
c 359.18185 111.00832 35.91716 0.00742774 1.39999368 0.0074226
t 85
c 359.18185 111.00832 35.91716 0.00742774 1.39999368 0.0074226
t 86
c 359.18185 111.00832 35.91716 0.00742774 1.39999368 0.0074226
t 87
c 359.18185 111.00832 35.91716 0.00742774 1.39999368 0.0074226
t 88
c 359.18185 111.00832 35.91716 0.00742774 1.39999368 0.0074226
t 89
c 359.18185 111.00832 35.91716 0.00742774 1.39999368 0.0074226
t 90
c 359.18185 111.00832 35.91716 0.00742774 1.39999368 0.0074226
t 91
c 359.18185 111.00832 35.91716 0.00742774 1.39999368 0.0074226
t 92
c 359.18185 111.00832 35.91716 0.00742774 1.39999368 0.0074226
t 93
c 359.18185 111.00832 35.91716 0.00742774 1.39999368 0.0074226
t 94
c 359.18185 111.00832 35.91716 0.00742774 1.39999368 0.0074226
t 95
c 359.18185 111.00832 35.91716 0.00742774 1.39999368 0.0074226
t 96
c 359.18185 111.00832 35.91716 0.00742774 1.39999368 0.0074226
t 97
c 359.18185 111.00832 35.91716 0.00742774 1.39999368 0.0074226
t 98
c 359.18185 111.00832 35.91716 0.00742774 1.39999368 0.0074226
t 99
c 359.18185 111.00832 35.91716 0.00742774 1.39999368 0.0074226
t 100
c 359.18185 111.00832 35.91716 0.00742774 1.39999368 0.0074226
t 101
c 359.18185 111.00832 35.91716 0.00742774 1.39999368 0.0074226
t 102
c 359.18185 111.00832 35.91716 0.00742774 1.39999368 0.0074226
t 103
c 359.18185 111.00832 35.91716 0.00742774 1.39999368 0.0074226
t 104
c 359.18185 111.00832 35.91716 0.00742774 1.39999368 0.0074226
t 105
c 359.18185 111.00832 35.91716 0.00742774 1.39999368 0.0074226
t 106
c 359.18185 111.00832 35.91716 0.00742774 1.39999368 0.0074226
t 107
c 359.18185 111.00832 35.91716 0.00742774 1.39999368 0.0074226
t 108
c 359.18185 111.00832 35.91716 0.00742774 1.39999368 0.0074226
t 109
c 359.18185 111.00832 35.91716 0.00742774 1.39999368 0.0074226
t 110
c 359.18185 111.00832 35.91716 0.00742774 1.39999368 0.0074226
t 111
c 359.18185 111.00832 35.91716 0.00742774 1.39999368 0.0074226
t 112
c 359.18185 111.00832 35.91716 0.00742774 1.39999368 0.0074226
t 113
c 359.18185 111.00832 35.91716 0.00742774 1.39999368 0.0074226
t 114
c 359.18185 111.00832 35.91716 0.00742774 1.39999368 0.0074226
t 115
c 359.18185 111.00832 35.91716 0.00742774 1.39999368 0.0074226
t 116
c 359.18185 111.00832 35.91716 0.00742774 1.39999368 0.0074226
t 117
c 359.18185 111.00832 35.91716 0.00742774 1.39999368 0.0074226
t 118
c 359.18185 111.00832 35.91716 0.00742774 1.39999368 0.0074226
t 119
c 359.18185 111.00832 35.91716 0.00742774 1.39999368 0.0074226
t 120
c 359.18185 111.00832 35.91716 0.00742774 1.39999368 0.0074226
t 121
s 1.000
c 359.18185 111.00832 35.91716 0.00742774 1.39999368 0.0074226
t 121
c 359.18185 111.00832 35.91716 0.00742774 1.39999368 0.0074226
t 120
c 359.18185 111.00832 35.91716 0.00742774 1.39999368 0.0074226
t 119
c 359.18185 111.00832 35.91716 0.00742774 1.39999368 0.0074226
t 118
c 359.18185 111.00832 35.91716 0.00742774 1.39999368 0.0074226
t 117
c 359.18185 111.00832 35.91716 0.00742774 1.39999368 0.0074226
t 116
c 359.18185 111.00832 35.91716 0.00742774 1.39999368 0.0074226
t 115
c 359.18185 111.00832 35.91716 0.00742774 1.39999368 0.0074226
t 114
c 359.18185 111.00832 35.91716 0.00742774 1.39999368 0.0074226
t 113
c 359.18185 111.00832 35.91716 0.00742774 1.39999368 0.0074226
t 112
c 359.18185 111.00832 35.91716 0.00742774 1.39999368 0.0074226
t 111
c 359.18185 111.00832 35.91716 0.00742774 1.39999368 0.0074226
t 110
c 359.18185 111.00832 35.91716 0.00742774 1.39999368 0.0074226
t 109
c 359.18185 111.00832 35.91716 0.00742774 1.39999368 0.0074226
t 108
c 359.18185 111.00832 35.91716 0.00742774 1.39999368 0.0074226
t 107
c 359.18185 111.00832 35.91716 0.00742774 1.39999368 0.0074226
t 106
c 359.18185 111.00832 35.91716 0.00742774 1.39999368 0.0074226
t 105
c 359.18185 111.00832 35.91716 0.00742774 1.39999368 0.0074226
t 104
c 359.18185 111.00832 35.91716 0.00742774 1.39999368 0.0074226
t 103
c 359.18185 111.00832 35.91716 0.00742774 1.39999368 0.0074226
t 102
c 359.18185 111.00832 35.91716 0.00742774 1.39999368 0.0074226
t 101
c 359.18185 111.00832 35.91716 0.00742774 1.39999368 0.0074226
t 100
c 359.18185 111.00832 35.91716 0.00742774 1.39999368 0.0074226
t 99
c 359.18185 111.00832 35.91716 0.00742774 1.39999368 0.0074226
t 98
c 359.18185 111.00832 35.91716 0.00742774 1.39999368 0.0074226
t 97
c 359.18185 111.00832 35.91716 0.00742774 1.39999368 0.0074226
t 96
c 359.18185 111.00832 35.91716 0.00742774 1.39999368 0.0074226
t 95
c 359.18185 111.00832 35.91716 0.00742774 1.39999368 0.0074226
t 94
c 359.18185 111.00832 35.91716 0.00742774 1.39999368 0.0074226
t 93
c 359.18185 111.00832 35.91716 0.00742774 1.39999368 0.0074226
t 92
c 359.18185 111.00832 35.91716 0.00742774 1.39999368 0.0074226
t 91
c 359.18185 111.00832 35.91716 0.00742774 1.39999368 0.0074226
t 90
c 359.18185 111.00832 35.91716 0.00742774 1.39999368 0.0074226
t 89
c 359.18185 111.00832 35.91716 0.00742774 1.39999368 0.0074226
t 88
c 359.18185 111.00832 35.91716 0.00742774 1.39999368 0.0074226
t 87
c 359.18185 111.00832 35.91716 0.00742774 1.39999368 0.0074226
t 85
c 359.18185 111.00832 35.91716 0.00742774 1.39999368 0.0074226
t 84
c 359.18185 111.00832 35.91716 0.00742774 1.39999368 0.0074226
t 83
c 359.18185 111.00832 35.91716 0.00742774 1.39999368 0.0074226
t 82
c 359.18185 111.00832 35.91716 0.00742774 1.39999368 0.0074226
t 81
c 359.18185 111.00832 35.91716 0.00742774 1.39999368 0.0074226
t 80
c 359.18185 111.00832 35.91716 0.00742774 1.39999368 0.0074226
t 79
c 359.18185 111.00832 35.91716 0.00742774 1.39999368 0.0074226
t 78
c 359.18185 111.00832 35.91716 0.00742774 1.39999368 0.0074226
t 77
c 359.18185 111.00832 35.91716 0.00742774 1.39999368 0.0074226
t 76
c 359.18185 111.00832 35.91716 0.00742774 1.39999368 0.0074226
t 75
c 359.18185 111.00832 35.91716 0.00742774 1.39999368 0.0074226
t 74
c 359.18185 111.00832 35.91716 0.00742774 1.39999368 0.0074226
t 73
c 359.18185 111.00832 35.91716 0.00742774 1.39999368 0.0074226
t 72
c 359.18185 111.00832 35.91716 0.00742774 1.39999368 0.0074226
t 71
c 359.18185 111.00832 35.91716 0.00742774 1.39999368 0.0074226
t 70
c 359.18185 111.00832 35.91716 0.00742774 1.39999368 0.0074226
t 69
c 359.18185 111.00832 35.91716 0.00742774 1.39999368 0.0074226
t 68
s 1.000
c 359.18185 111.00832 35.91716 0.00742774 1.39999368 0.0074226
t 69
c 359.19119 111.01414 42.02967 0.00767281 1.3999391 0.00761894
t 69
c 359.20053 111.01995 48.14218 0.00791788 1.39988452 0.00781528
t 69
c 359.20987 111.02576 54.25469 0.00816296 1.39982994 0.00801163
t 69
c 359.21921 111.03158 60.3672 0.00840803 1.39977536 0.00820797
t 69
s 1.000
c 359.21921 111.03158 60.3672 0.00840803 1.39977536 0.00820797
t 69
c 359.21768 106.00384 60.36428 0.00834524 1.39978699 0.00815751
t 69
c 359.21615 100.9761 60.36136 0.00828245 1.39979861 0.00810705
t 68
c 359.21463 95.94837 60.35844 0.00821966 1.39981024 0.0080566
t 69
c 359.2131 90.92063 60.35552 0.00815687 1.39982186 0.00800614
t 69
c 359.21157 85.89289 60.3526 0.00809408 1.39983348 0.00795568
t 69
c 359.21004 80.86515 60.34968 0.00803129 1.39984511 0.00790522
t 69
c 359.20851 75.83742 60.34677 0.0079685 1.39985673 0.00785477
t 69
c 359.20698 70.80968 60.34385 0.00790571 1.39986836 0.00780431
t 69
c 359.20545 65.78194 60.34093 0.00784292 1.39987998 0.00775385
t 69
c 359.20392 60.75421 60.33801 0.00778013 1.39989161 0.00770339
t 69
c 359.2024 55.72647 60.33509 0.00771734 1.39990323 0.00765293
t 69
c 359.20087 50.69873 60.33217 0.00765455 1.39991485 0.00760248
t 69
c 359.19934 45.67099 60.32925 0.00759176 1.39992648 0.00755202
t 69
c 359.19781 40.64326 60.32633 0.00752897 1.3999381 0.00750156
t 69
c 359.19628 35.61552 60.32342 0.00746618 1.39994973 0.0074511
t 69
c 359.19475 30.58778 60.3205 0.00740339 1.39996135 0.00740065
t 69
c 359.19322 25.56004 60.31758 0.0073406 1.39997298 0.00735019
t 69
c 359.19169 20.53231 60.31466 0.00727781 1.3999846 0.00729973
t 69
c 359.19016 15.50457 60.31174 0.00721502 1.39999622 0.00724927
t 69
c 359.18864 10.47683 60.30882 0.00715223 1.40000785 0.00719882
t 69
c 359.18711 5.44909 60.3059 0.00708944 1.40001947 0.00714836
t 69
c 359.18558 0.42136 60.30298 0.00702665 1.4000311 0.0070979
t 69
c 359.18405 -4.60638 60.30006 0.00696386 1.40004272 0.00704744
t 69
c 359.18252 -9.63412 60.29715 0.00690107 1.40005435 0.00699698
t 69
c 359.18099 -14.66185 60.29423 0.00683828 1.40006597 0.00694653
t 69
c 359.17946 -19.68959 60.29131 0.00677549 1.40007759 0.00689607
t 69
c 359.17793 -24.71733 60.28839 0.0067127 1.40008922 0.00684561
t 69
c 359.17641 -29.74507 60.28547 0.00664991 1.40010084 0.00679515
t 69
c 359.17488 -34.7728 60.28255 0.00658712 1.40011247 0.0067447
t 69
c 359.17335 -39.80054 60.27963 0.00652433 1.40012409 0.00669424
t 69
c 359.17182 -44.82828 60.27671 0.00646154 1.40013572 0.00664378
t 69
c 359.17029 -49.85602 60.2738 0.00639875 1.40014734 0.00659332
t 69
c 359.16876 -54.88375 60.27088 0.00633596 1.40015896 0.00654287
t 69
c 359.16723 -59.91149 60.26796 0.00627317 1.40017059 0.00649241
t 69
c 359.1657 -64.93923 60.26504 0.00621038 1.40018221 0.00644195
t 69
c 359.16418 -69.96696 60.26212 0.00614759 1.40019384 0.00639149
t 69
c 359.16265 -74.9947 60.2592 0.0060848 1.40020546 0.00634103
t 69
c 359.16112 -80.02244 60.25628 0.00602201 1.40021709 0.00629058
t 69
c 359.15959 -85.05018 60.25336 0.00595922 1.40022871 0.00624012
t 69
s 1.000
c 359.15959 -85.05018 60.25336 0.00595922 1.40022871 0.00624012
t 69
c 359.15003 -85.04483 55.13764 0.00613082 1.40030047 0.00645146
t 69
c 359.14047 -85.03948 50.02191 0.00630241 1.40037223 0.00666279
t 69
c 359.1309 -85.03413 44.90619 0.00647401 1.40044399 0.00687413
t 69
c 359.12134 -85.02878 39.79046 0.00664561 1.40051575 0.00708546
t 69
c 359.11178 -85.02344 34.67473 0.0068172 1.40058751 0.0072968
t 69
s 1.000
c 359.11178 -85.02344 34.67473 0.0068172 1.40058751 0.0072968
t 69
c 359.11178 -85.02344 34.67473 0.0068172 1.40058751 0.0072968
t 70
c 359.11178 -85.02344 34.67473 0.0068172 1.40058751 0.0072968
t 71
c 359.11178 -85.02344 34.67473 0.0068172 1.40058751 0.0072968
t 72
c 359.11178 -85.02344 34.67473 0.0068172 1.40058751 0.0072968
t 73
c 359.11178 -85.02344 34.67473 0.0068172 1.40058751 0.0072968
t 74
c 359.11178 -85.02344 34.67473 0.0068172 1.40058751 0.0072968
t 75
c 359.11178 -85.02344 34.67473 0.0068172 1.40058751 0.0072968
t 76
c 359.11178 -85.02344 34.67473 0.0068172 1.40058751 0.0072968
t 77
c 359.11178 -85.02344 34.67473 0.0068172 1.40058751 0.0072968
t 78
c 359.11178 -85.02344 34.67473 0.0068172 1.40058751 0.0072968
t 79
c 359.11178 -85.02344 34.67473 0.0068172 1.40058751 0.0072968
t 80
c 359.11178 -85.02344 34.67473 0.0068172 1.40058751 0.0072968
t 81
c 359.11178 -85.02344 34.67473 0.0068172 1.40058751 0.0072968
t 82
c 359.11178 -85.02344 34.67473 0.0068172 1.40058751 0.0072968
t 83
c 359.11178 -85.02344 34.67473 0.0068172 1.40058751 0.0072968
t 84
c 359.11178 -85.02344 34.67473 0.0068172 1.40058751 0.0072968
t 85
c 359.11178 -85.02344 34.67473 0.0068172 1.40058751 0.0072968
t 86
c 359.11178 -85.02344 34.67473 0.0068172 1.40058751 0.0072968
t 87
c 359.11178 -85.02344 34.67473 0.0068172 1.40058751 0.0072968
t 88
c 359.11178 -85.02344 34.67473 0.0068172 1.40058751 0.0072968
t 89
c 359.11178 -85.02344 34.67473 0.0068172 1.40058751 0.0072968
t 90
c 359.11178 -85.02344 34.67473 0.0068172 1.40058751 0.0072968
t 90
c 359.11178 -85.02344 34.67473 0.0068172 1.40058751 0.0072968
t 92
c 359.11178 -85.02344 34.67473 0.0068172 1.40058751 0.0072968
t 93
c 359.11178 -85.02344 34.67473 0.0068172 1.40058751 0.0072968
t 94
c 359.11178 -85.02344 34.67473 0.0068172 1.40058751 0.0072968
t 94
c 359.11178 -85.02344 34.67473 0.0068172 1.40058751 0.0072968
t 96
c 359.11178 -85.02344 34.67473 0.0068172 1.40058751 0.0072968
t 97
c 359.11178 -85.02344 34.67473 0.0068172 1.40058751 0.0072968
t 97
c 359.11178 -85.02344 34.67473 0.0068172 1.40058751 0.0072968
t 98
c 359.11178 -85.02344 34.67473 0.0068172 1.40058751 0.0072968
t 99
c 359.11178 -85.02344 34.67473 0.0068172 1.40058751 0.0072968
t 101
c 359.11178 -85.02344 34.67473 0.0068172 1.40058751 0.0072968
t 102
c 359.11178 -85.02344 34.67473 0.0068172 1.40058751 0.0072968
t 103
c 359.11178 -85.02344 34.67473 0.0068172 1.40058751 0.0072968
t 104
c 359.11178 -85.02344 34.67473 0.0068172 1.40058751 0.0072968
t 105
c 359.11178 -85.02344 34.67473 0.0068172 1.40058751 0.0072968
t 106
c 359.11178 -85.02344 34.67473 0.0068172 1.40058751 0.0072968
t 107
c 359.11178 -85.02344 34.67473 0.0068172 1.40058751 0.0072968
t 108
c 359.11178 -85.02344 34.67473 0.0068172 1.40058751 0.0072968
t 109
c 359.11178 -85.02344 34.67473 0.0068172 1.40058751 0.0072968
t 110
c 359.11178 -85.02344 34.67473 0.0068172 1.40058751 0.0072968
t 111
c 359.11178 -85.02344 34.67473 0.0068172 1.40058751 0.0072968
t 112
c 359.11178 -85.02344 34.67473 0.0068172 1.40058751 0.0072968
t 113
c 359.11178 -85.02344 34.67473 0.0068172 1.40058751 0.0072968
t 114
c 359.11178 -85.02344 34.67473 0.0068172 1.40058751 0.0072968
t 115
c 359.11178 -85.02344 34.67473 0.0068172 1.40058751 0.0072968
t 116
c 359.11178 -85.02344 34.67473 0.0068172 1.40058751 0.0072968
t 117
c 359.11178 -85.02344 34.67473 0.0068172 1.40058751 0.0072968
t 118
c 359.11178 -85.02344 34.67473 0.0068172 1.40058751 0.0072968
t 119
c 359.11178 -85.02344 34.67473 0.0068172 1.40058751 0.0072968
t 120
c 359.11178 -85.02344 34.67473 0.0068172 1.40058751 0.0072968
t 121
c 359.11178 -85.02344 34.67473 0.0068172 1.40058751 0.0072968
t 122
c 359.11178 -85.02344 34.67473 0.0068172 1.40058751 0.0072968
t 123
c 359.11178 -85.02344 34.67473 0.0068172 1.40058751 0.0072968
t 124
c 359.11178 -85.02344 34.67473 0.0068172 1.40058751 0.0072968
t 125
