c 361.32243 -85.83645 41.64447 0.00194011 1.22307628 0.001589
t 100
c 361.32243 -85.83645 41.64447 0.00194011 1.22307628 0.001589
t 99
c 361.32243 -85.83645 41.64447 0.00194011 1.22307628 0.001589
t 98
c 361.32243 -85.83645 41.64447 0.00194011 1.22307628 0.001589
t 97
c 361.32243 -85.83645 41.64447 0.00194011 1.22307628 0.001589
t 96
c 361.32243 -85.83645 41.64447 0.00194011 1.22307628 0.001589
t 95
c 361.32243 -85.83645 41.64447 0.00194011 1.22307628 0.001589
t 94
c 361.32243 -85.83645 41.64447 0.00194011 1.22307628 0.001589
t 93
c 361.32243 -85.83645 41.64447 0.00194011 1.22307628 0.001589
t 92
c 361.32243 -85.83645 41.64447 0.00194011 1.22307628 0.001589
t 91
c 361.32243 -85.83645 41.64447 0.00194011 1.22307628 0.001589
t 90
c 361.32243 -85.83645 41.64447 0.00194011 1.22307628 0.001589
t 89
c 361.32243 -85.83645 41.64447 0.00194011 1.22307628 0.001589
t 88
c 361.32243 -85.83645 41.64447 0.00194011 1.22307628 0.001589
t 87
c 361.32243 -85.83645 41.64447 0.00194011 1.22307628 0.001589
t 85
c 361.32243 -85.83645 41.64447 0.00194011 1.22307628 0.001589
t 85
c 361.32243 -85.83645 41.64447 0.00194011 1.22307628 0.001589
t 83
c 361.32243 -85.83645 41.64447 0.00194011 1.22307628 0.001589
t 83
c 361.32243 -85.83645 41.64447 0.00194011 1.22307628 0.001589
t 82
c 361.32243 -85.83645 41.64447 0.00194011 1.22307628 0.001589
t 81
c 361.32243 -85.83645 41.64447 0.00194011 1.22307628 0.001589
t 80
c 361.32243 -85.83645 41.64447 0.00194011 1.22307628 0.001589
t 79
c 361.32243 -85.83645 41.64447 0.00194011 1.22307628 0.001589
t 78
c 361.32243 -85.83645 41.64447 0.00194011 1.22307628 0.001589
t 77
c 361.32243 -85.83645 41.64447 0.00194011 1.22307628 0.001589
t 76
c 361.32243 -85.83645 41.64447 0.00194011 1.22307628 0.001589
t 75
c 361.32243 -85.83645 41.64447 0.00194011 1.22307628 0.001589
t 74
c 361.32243 -85.83645 41.64447 0.00194011 1.22307628 0.001589
t 72
c 361.32243 -85.83645 41.64447 0.00194011 1.22307628 0.001589
t 71
c 361.32243 -85.83645 41.64447 0.00194011 1.22307628 0.001589
t 70
c 361.32243 -85.83645 41.64447 0.00194011 1.22307628 0.001589
t 69
c 361.32243 -85.83645 41.64447 0.00194011 1.22307628 0.001589
t 68
c 361.32243 -85.83645 41.64447 0.00194011 1.22307628 0.001589
t 67
c 361.32243 -85.83645 41.64447 0.00194011 1.22307628 0.001589
t 66
c 361.32243 -85.83645 41.64447 0.00194011 1.22307628 0.001589
t 65
c 361.32243 -85.83645 41.64447 0.00194011 1.22307628 0.001589
t 64
c 361.32243 -85.83645 41.64447 0.00194011 1.22307628 0.001589
t 63
c 361.32243 -85.83645 41.64447 0.00194011 1.22307628 0.001589
t 62
c 361.32243 -85.83645 41.64447 0.00194011 1.22307628 0.001589
t 61
c 361.32243 -85.83645 41.64447 0.00194011 1.22307628 0.001589
t 60
c 361.32243 -85.83645 41.64447 0.00194011 1.22307628 0.001589
t 59
s 1.000
c 361.32243 -85.83645 41.64447 0.00194011 1.22307628 0.001589
t 60
c 361.3377 -85.8322 46.837 0.0019633 1.22299239 0.00167186
t 59
c 361.35297 -85.82795 52.02953 0.00198648 1.22290851 0.00175471
t 60
c 361.36824 -85.8237 57.22206 0.00200967 1.22282462 0.00183757
t 60
c 361.3835 -85.81945 62.41459 0.00203285 1.22274073 0.00192042
t 60
c 361.39877 -85.8152 67.60712 0.00205604 1.22265684 0.00200328
t 60
c 361.41404 -85.81095 72.79965 0.00207922 1.22257295 0.00208613
t 60
c 361.42931 -85.8067 77.99218 0.00210241 1.22248906 0.00216899
t 60
c 361.44458 -85.80245 83.18471 0.00212559 1.22240517 0.00225185
t 60
c 361.45985 -85.7982 88.37724 0.00214878 1.22232128 0.0023347
t 60
s 1.000
c 361.45985 -85.7982 88.37724 0.00214878 1.22232128 0.0023347
t 60
c 361.4666 -80.73517 88.39138 0.0019172 1.22227673 0.002157
t 60
c 361.47335 -75.67214 88.40552 0.00168562 1.22223218 0.0019793
t 60
c 361.4801 -70.6091 88.41966 0.00145404 1.22218763 0.00180161
t 60
c 361.48686 -65.54607 88.43381 0.00122247 1.22214309 0.00162391
t 60
c 361.49361 -60.48304 88.44795 0.00099089 1.22209854 0.00144621
t 60
c 361.50036 -55.42001 88.46209 0.00075931 1.22205399 0.00126851
t 60
c 361.50711 -50.35698 88.47623 0.00052773 1.22200944 0.00109081
t 60
c 361.51386 -45.29395 88.49037 0.00029615 1.22196489 0.00091312
t 60
c 361.52062 -40.23092 88.50451 6.457e-05 1.22192034 0.00073542
t 60
c 361.52737 -35.16789 88.51865 -0.00016701 1.22187579 0.00055772
t 60
c 361.53412 -30.10486 88.5328 -0.00039858 1.22183125 0.00038002
t 60
c 361.54087 -25.04183 88.54694 -0.00063016 1.2217867 0.00020232
t 60
c 361.54763 -19.9788 88.56108 -0.00086174 1.22174215 2.462e-05
t 60
c 361.55438 -14.91576 88.57522 -0.00109332 1.2216976 -0.00015307
t 60
c 361.56113 -9.85273 88.58936 -0.0013249 1.22165305 -0.00033077
t 60
c 361.56788 -4.7897 88.6035 -0.00155648 1.2216085 -0.00050847
t 60
c 361.57463 0.27333 88.61764 -0.00178806 1.22156395 -0.00068617
t 60
c 361.58139 5.33636 88.63179 -0.00201963 1.2215194 -0.00086387
t 60
c 361.58814 10.39939 88.64593 -0.00225121 1.22147486 -0.00104156
t 60
c 361.59489 15.46242 88.66007 -0.00248279 1.22143031 -0.00121926
t 60
c 361.60164 20.52545 88.67421 -0.00271437 1.22138576 -0.00139696
t 60
c 361.6084 25.58848 88.68835 -0.00294595 1.22134121 -0.00157466
t 60
c 361.61515 30.65151 88.70249 -0.00317753 1.22129666 -0.00175236
t 60
c 361.6219 35.71454 88.71664 -0.0034091 1.22125211 -0.00193006
t 60
c 361.62865 40.77758 88.73078 -0.00364068 1.22120756 -0.00210775
t 60
c 361.63541 45.84061 88.74492 -0.00387226 1.22116302 -0.00228545
t 60
c 361.64216 50.90364 88.75906 -0.00410384 1.22111847 -0.00246315
t 60
c 361.64891 55.96667 88.7732 -0.00433542 1.22107392 -0.00264085
t 60
c 361.65566 61.0297 88.78734 -0.004567 1.22102937 -0.00281855
t 60
c 361.66241 66.09273 88.80148 -0.00479858 1.22098482 -0.00299624
t 60
s 1.000
c 361.66241 66.09273 88.80148 -0.00479858 1.22098482 -0.00299624
t 60
c 361.67199 66.09966 83.63011 -0.00472625 1.22093085 -0.00288004
t 60
c 361.68156 66.10659 78.45873 -0.00465392 1.22087689 -0.00276383
t 60
c 361.69114 66.11351 73.28736 -0.00458159 1.22082292 -0.00264762
t 60
c 361.70071 66.12044 68.11599 -0.00450926 1.22076895 -0.00253142
t 60
c 361.71029 66.12737 62.94461 -0.00443693 1.22071498 -0.00241521
t 60
c 361.71986 66.1343 57.77324 -0.0043646 1.22066101 -0.002299
t 60
c 361.72944 66.14122 52.60186 -0.00429227 1.22060704 -0.0021828
t 60
s 1.000
c 361.72944 66.14122 52.60186 -0.00429227 1.22060704 -0.0021828
t 60
c 361.72944 66.14122 52.60186 -0.00429227 1.22060704 -0.0021828
t 61
c 361.72944 66.14122 52.60186 -0.00429227 1.22060704 -0.0021828
t 62
c 361.72944 66.14122 52.60186 -0.00429227 1.22060704 -0.0021828
t 63
c 361.72944 66.14122 52.60186 -0.00429227 1.22060704 -0.0021828
t 64
c 361.72944 66.14122 52.60186 -0.00429227 1.22060704 -0.0021828
t 65
c 361.72944 66.14122 52.60186 -0.00429227 1.22060704 -0.0021828
t 66
c 361.72944 66.14122 52.60186 -0.00429227 1.22060704 -0.0021828
t 67
c 361.72944 66.14122 52.60186 -0.00429227 1.22060704 -0.0021828
t 68
c 361.72944 66.14122 52.60186 -0.00429227 1.22060704 -0.0021828
t 69
c 361.72944 66.14122 52.60186 -0.00429227 1.22060704 -0.0021828
t 70
c 361.72944 66.14122 52.60186 -0.00429227 1.22060704 -0.0021828
t 71
c 361.72944 66.14122 52.60186 -0.00429227 1.22060704 -0.0021828
t 72
c 361.72944 66.14122 52.60186 -0.00429227 1.22060704 -0.0021828
t 73
c 361.72944 66.14122 52.60186 -0.00429227 1.22060704 -0.0021828
t 74
c 361.72944 66.14122 52.60186 -0.00429227 1.22060704 -0.0021828
t 75
c 361.72944 66.14122 52.60186 -0.00429227 1.22060704 -0.0021828
t 76
c 361.72944 66.14122 52.60186 -0.00429227 1.22060704 -0.0021828
t 77
c 361.72944 66.14122 52.60186 -0.00429227 1.22060704 -0.0021828
t 78
c 361.72944 66.14122 52.60186 -0.00429227 1.22060704 -0.0021828
t 78
c 361.72944 66.14122 52.60186 -0.00429227 1.22060704 -0.0021828
t 79
c 361.72944 66.14122 52.60186 -0.00429227 1.22060704 -0.0021828
t 81
c 361.72944 66.14122 52.60186 -0.00429227 1.22060704 -0.0021828
t 82
c 361.72944 66.14122 52.60186 -0.00429227 1.22060704 -0.0021828
t 82
c 361.72944 66.14122 52.60186 -0.00429227 1.22060704 -0.0021828
t 83
c 361.72944 66.14122 52.60186 -0.00429227 1.22060704 -0.0021828
t 84
c 361.72944 66.14122 52.60186 -0.00429227 1.22060704 -0.0021828
t 85
c 361.72944 66.14122 52.60186 -0.00429227 1.22060704 -0.0021828
t 86
c 361.72944 66.14122 52.60186 -0.00429227 1.22060704 -0.0021828
t 87
c 361.72944 66.14122 52.60186 -0.00429227 1.22060704 -0.0021828
t 88
c 361.72944 66.14122 52.60186 -0.00429227 1.22060704 -0.0021828
t 89
c 361.72944 66.14122 52.60186 -0.00429227 1.22060704 -0.0021828
t 90
c 361.72944 66.14122 52.60186 -0.00429227 1.22060704 -0.0021828
t 91
c 361.72944 66.14122 52.60186 -0.00429227 1.22060704 -0.0021828
t 92
c 361.72944 66.14122 52.60186 -0.00429227 1.22060704 -0.0021828
t 93
c 361.72944 66.14122 52.60186 -0.00429227 1.22060704 -0.0021828
t 94
c 361.72944 66.14122 52.60186 -0.00429227 1.22060704 -0.0021828
t 95
c 361.72944 66.14122 52.60186 -0.00429227 1.22060704 -0.0021828
t 96
c 361.72944 66.14122 52.60186 -0.00429227 1.22060704 -0.0021828
t 97
c 361.72944 66.14122 52.60186 -0.00429227 1.22060704 -0.0021828
t 98
c 361.72944 66.14122 52.60186 -0.00429227 1.22060704 -0.0021828
t 99
c 361.72944 66.14122 52.60186 -0.00429227 1.22060704 -0.0021828
t 100
c 361.72944 66.14122 52.60186 -0.00429227 1.22060704 -0.0021828
t 101
c 361.72944 66.14122 52.60186 -0.00429227 1.22060704 -0.0021828
t 102
c 361.72944 66.14122 52.60186 -0.00429227 1.22060704 -0.0021828
t 103
c 361.72944 66.14122 52.60186 -0.00429227 1.22060704 -0.0021828
t 104
c 361.72944 66.14122 52.60186 -0.00429227 1.22060704 -0.0021828
t 105
c 361.72944 66.14122 52.60186 -0.00429227 1.22060704 -0.0021828
t 106
c 361.72944 66.14122 52.60186 -0.00429227 1.22060704 -0.0021828
t 107
c 361.72944 66.14122 52.60186 -0.00429227 1.22060704 -0.0021828
t 108
c 361.72944 66.14122 52.60186 -0.00429227 1.22060704 -0.0021828
t 109
c 361.72944 66.14122 52.60186 -0.00429227 1.22060704 -0.0021828
t 110
c 361.72944 66.14122 52.60186 -0.00429227 1.22060704 -0.0021828
t 111
c 361.72944 66.14122 52.60186 -0.00429227 1.22060704 -0.0021828
t 112
c 361.72944 66.14122 52.60186 -0.00429227 1.22060704 -0.0021828
t 113
c 361.72944 66.14122 52.60186 -0.00429227 1.22060704 -0.0021828
t 114
c 361.72944 66.14122 52.60186 -0.00429227 1.22060704 -0.0021828
t 115
c 361.72944 66.14122 52.60186 -0.00429227 1.22060704 -0.0021828
t 116
c 361.72944 66.14122 52.60186 -0.00429227 1.22060704 -0.0021828
t 117
c 361.72944 66.14122 52.60186 -0.00429227 1.22060704 -0.0021828
t 118
c 361.72944 66.14122 52.60186 -0.00429227 1.22060704 -0.0021828
t 119
c 361.72944 66.14122 52.60186 -0.00429227 1.22060704 -0.0021828
t 120
c 361.72944 66.14122 52.60186 -0.00429227 1.22060704 -0.0021828
t 121
c 361.72944 66.14122 52.60186 -0.00429227 1.22060704 -0.0021828
t 122
c 361.72944 66.14122 52.60186 -0.00429227 1.22060704 -0.0021828
t 123
c 361.72944 66.14122 52.60186 -0.00429227 1.22060704 -0.0021828
t 124
c 361.72944 66.14122 52.60186 -0.00429227 1.22060704 -0.0021828
t 125
