c 296.73838 -66.02454 47.21828 0.02046628 1.40070221 -0.16821695
t 113
c 296.73689 -66.02723 40.72321 0.020354 1.40070124 -0.16832087
t 114
c 296.7354 -66.02993 34.22815 0.02024173 1.40070028 -0.1684248
t 115
c 296.73391 -66.03262 27.73308 0.02012945 1.40069932 -0.16852872
t 116
s 1.000
c 296.73391 -66.03262 27.73308 0.02012945 1.40069932 -0.16852872
t 116
c 296.73391 -66.03262 27.73308 0.02012945 1.40069932 -0.16852872
t 115
c 296.73391 -66.03262 27.73308 0.02012945 1.40069932 -0.16852872
t 114
c 296.73391 -66.03262 27.73308 0.02012945 1.40069932 -0.16852872
t 113
c 296.73391 -66.03262 27.73308 0.02012945 1.40069932 -0.16852872
t 112
c 296.73391 -66.03262 27.73308 0.02012945 1.40069932 -0.16852872
t 111
c 296.73391 -66.03262 27.73308 0.02012945 1.40069932 -0.16852872
t 110
c 296.73391 -66.03262 27.73308 0.02012945 1.40069932 -0.16852872
t 109
c 296.73391 -66.03262 27.73308 0.02012945 1.40069932 -0.16852872
t 108
c 296.73391 -66.03262 27.73308 0.02012945 1.40069932 -0.16852872
t 107
c 296.73391 -66.03262 27.73308 0.02012945 1.40069932 -0.16852872
t 106
c 296.73391 -66.03262 27.73308 0.02012945 1.40069932 -0.16852872
t 105
c 296.73391 -66.03262 27.73308 0.02012945 1.40069932 -0.16852872
t 104
c 296.73391 -66.03262 27.73308 0.02012945 1.40069932 -0.16852872
t 103
c 296.73391 -66.03262 27.73308 0.02012945 1.40069932 -0.16852872
t 102
c 296.73391 -66.03262 27.73308 0.02012945 1.40069932 -0.16852872
t 101
c 296.73391 -66.03262 27.73308 0.02012945 1.40069932 -0.16852872
t 100
c 296.73391 -66.03262 27.73308 0.02012945 1.40069932 -0.16852872
t 99
c 296.73391 -66.03262 27.73308 0.02012945 1.40069932 -0.16852872
t 98
c 296.73391 -66.03262 27.73308 0.02012945 1.40069932 -0.16852872
t 97
c 296.73391 -66.03262 27.73308 0.02012945 1.40069932 -0.16852872
t 96
c 296.73391 -66.03262 27.73308 0.02012945 1.40069932 -0.16852872
t 95
c 296.73391 -66.03262 27.73308 0.02012945 1.40069932 -0.16852872
t 94
c 296.73391 -66.03262 27.73308 0.02012945 1.40069932 -0.16852872
t 93
c 296.73391 -66.03262 27.73308 0.02012945 1.40069932 -0.16852872
t 92
c 296.73391 -66.03262 27.73308 0.02012945 1.40069932 -0.16852872
t 91
c 296.73391 -66.03262 27.73308 0.02012945 1.40069932 -0.16852872
t 90
c 296.73391 -66.03262 27.73308 0.02012945 1.40069932 -0.16852872
t 89
c 296.73391 -66.03262 27.73308 0.02012945 1.40069932 -0.16852872
t 88
c 296.73391 -66.03262 27.73308 0.02012945 1.40069932 -0.16852872
t 87
c 296.73391 -66.03262 27.73308 0.02012945 1.40069932 -0.16852872
t 86
c 296.73391 -66.03262 27.73308 0.02012945 1.40069932 -0.16852872
t 85
c 296.73391 -66.03262 27.73308 0.02012945 1.40069932 -0.16852872
t 84
c 296.73391 -66.03262 27.73308 0.02012945 1.40069932 -0.16852872
t 83
c 296.73391 -66.03262 27.73308 0.02012945 1.40069932 -0.16852872
t 82
c 296.73391 -66.03262 27.73308 0.02012945 1.40069932 -0.16852872
t 81
c 296.73391 -66.03262 27.73308 0.02012945 1.40069932 -0.16852872
t 80
c 296.73391 -66.03262 27.73308 0.02012945 1.40069932 -0.16852872
t 79
c 296.73391 -66.03262 27.73308 0.02012945 1.40069932 -0.16852872
t 78
c 296.73391 -66.03262 27.73308 0.02012945 1.40069932 -0.16852872
t 77
c 296.73391 -66.03262 27.73308 0.02012945 1.40069932 -0.16852872
t 76
c 296.73391 -66.03262 27.73308 0.02012945 1.40069932 -0.16852872
t 75
c 296.73391 -66.03262 27.73308 0.02012945 1.40069932 -0.16852872
t 74
c 296.73391 -66.03262 27.73308 0.02012945 1.40069932 -0.16852872
t 73
c 296.73391 -66.03262 27.73308 0.02012945 1.40069932 -0.16852872
t 72
c 296.73391 -66.03262 27.73308 0.02012945 1.40069932 -0.16852872
t 71
c 296.73391 -66.03262 27.73308 0.02012945 1.40069932 -0.16852872
t 70
c 296.73391 -66.03262 27.73308 0.02012945 1.40069932 -0.16852872
t 69
c 296.73391 -66.03262 27.73308 0.02012945 1.40069932 -0.16852872
t 68
c 296.73391 -66.03262 27.73308 0.02012945 1.40069932 -0.16852872
t 67
c 296.73391 -66.03262 27.73308 0.02012945 1.40069932 -0.16852872
t 66
c 296.73391 -66.03262 27.73308 0.02012945 1.40069932 -0.16852872
t 65
c 296.73391 -66.03262 27.73308 0.02012945 1.40069932 -0.16852872
t 64
c 296.73391 -66.03262 27.73308 0.02012945 1.40069932 -0.16852872
t 63
s 1.000
c 296.73391 -66.03262 27.73308 0.02012945 1.40069932 -0.16852872
t 63
c 296.73474 -61.02306 28.45684 0.02003197 1.40069725 -0.16862671
t 63
c 296.73557 -56.01349 29.18059 0.0199345 1.40069518 -0.1687247
t 63
c 296.73641 -51.00392 29.90435 0.01983702 1.40069311 -0.16882269
t 63
c 296.73724 -45.99435 30.62811 0.01973955 1.40069104 -0.16892068
t 63
c 296.73807 -40.98478 31.35187 0.01964207 1.40068897 -0.16901867
t 63
c 296.73891 -35.97522 32.07563 0.0195446 1.4006869 -0.16911666
t 62
c 296.73974 -30.96565 32.79939 0.01944712 1.40068482 -0.16921465
t 63
c 296.74058 -25.95608 33.52314 0.01934965 1.40068275 -0.16931264
t 63
c 296.74141 -20.94651 34.2469 0.01925217 1.40068068 -0.16941063
t 63
c 296.74224 -15.93694 34.97066 0.01915469 1.40067861 -0.16950862
t 63
c 296.74308 -10.92737 35.69442 0.01905722 1.40067654 -0.1696066
t 63
c 296.74391 -5.91781 36.41818 0.01895974 1.40067447 -0.16970459
t 63
c 296.74474 -0.90824 37.14194 0.01886227 1.4006724 -0.16980258
t 63
c 296.74558 4.10133 37.86569 0.01876479 1.40067033 -0.16990057
t 63
c 296.74641 9.1109 38.58945 0.01866732 1.40066826 -0.16999856
t 63
c 296.74724 14.12047 39.31321 0.01856984 1.40066619 -0.17009655
t 63
c 296.74808 19.13003 40.03697 0.01847237 1.40066411 -0.17019454
t 63
c 296.74891 24.1396 40.76073 0.01837489 1.40066204 -0.17029253
t 63
c 296.74975 29.14917 41.48449 0.01827742 1.40065997 -0.17039052
t 63
c 296.75058 34.15874 42.20824 0.01817994 1.4006579 -0.17048851
t 63
c 296.75141 39.16831 42.932 0.01808246 1.40065583 -0.1705865
t 63
c 296.75225 44.17787 43.65576 0.01798499 1.40065376 -0.17068448
t 63
c 296.75308 49.18744 44.37952 0.01788751 1.40065169 -0.17078247
t 63
c 296.75391 54.19701 45.10328 0.01779004 1.40064962 -0.17088046
t 63
c 296.75475 59.20658 45.82704 0.01769256 1.40064755 -0.17097845
t 63
c 296.75558 64.21615 46.55079 0.01759509 1.40064548 -0.17107644
t 63
c 296.75642 69.22571 47.27455 0.01749761 1.4006434 -0.17117443
t 63
c 296.75725 74.23528 47.99831 0.01740014 1.40064133 -0.17127242
t 63
c 296.75808 79.24485 48.72207 0.01730266 1.40063926 -0.17137041
t 63
c 296.75892 84.25442 49.44583 0.01720519 1.40063719 -0.1714684
t 63
c 296.75975 89.26399 50.16959 0.01710771 1.40063512 -0.17156639
t 63
c 296.76058 94.27355 50.89335 0.01701023 1.40063305 -0.17166438
t 63
c 296.76142 99.28312 51.6171 0.01691276 1.40063098 -0.17176236
t 63
c 296.76225 104.29269 52.34086 0.01681528 1.40062891 -0.17186035
t 63
c 296.76309 109.30226 53.06462 0.01671781 1.40062684 -0.17195834
t 63
c 296.76392 114.31183 53.78838 0.01662033 1.40062477 -0.17205633
t 63
c 296.76475 119.3214 54.51214 0.01652286 1.40062269 -0.17215432
t 63
c 296.76559 124.33096 55.2359 0.01642538 1.40062062 -0.17225231
t 63
s 1.000
c 296.76559 124.33096 55.2359 0.01642538 1.40062062 -0.17225231
t 63
c 296.75554 124.3335 49.63676 0.01647328 1.40068578 -0.17223826
t 63
c 296.7455 124.33603 44.03763 0.01652119 1.40075094 -0.17222421
t 63
c 296.73545 124.33857 38.43849 0.01656909 1.4008161 -0.17221015
t 63
c 296.72541 124.3411 32.83936 0.01661699 1.40088126 -0.1721961
t 63
c 296.71536 124.34363 27.24022 0.0166649 1.40094642 -0.17218205
t 63
s 1.000
c 296.71536 124.34363 27.24022 0.0166649 1.40094642 -0.17218205
t 63
c 296.71536 124.34363 27.24022 0.0166649 1.40094642 -0.17218205
t 63
c 296.71536 124.34363 27.24022 0.0166649 1.40094642 -0.17218205
t 65
c 296.71536 124.34363 27.24022 0.0166649 1.40094642 -0.17218205
t 66
c 296.71536 124.34363 27.24022 0.0166649 1.40094642 -0.17218205
t 67
c 296.71536 124.34363 27.24022 0.0166649 1.40094642 -0.17218205
t 68
c 296.71536 124.34363 27.24022 0.0166649 1.40094642 -0.17218205
t 69
c 296.71536 124.34363 27.24022 0.0166649 1.40094642 -0.17218205
t 70
c 296.71536 124.34363 27.24022 0.0166649 1.40094642 -0.17218205
t 71
c 296.71536 124.34363 27.24022 0.0166649 1.40094642 -0.17218205
t 72
c 296.71536 124.34363 27.24022 0.0166649 1.40094642 -0.17218205
t 73
c 296.71536 124.34363 27.24022 0.0166649 1.40094642 -0.17218205
t 74
c 296.71536 124.34363 27.24022 0.0166649 1.40094642 -0.17218205
t 75
c 296.71536 124.34363 27.24022 0.0166649 1.40094642 -0.17218205
t 76
c 296.71536 124.34363 27.24022 0.0166649 1.40094642 -0.17218205
t 77
c 296.71536 124.34363 27.24022 0.0166649 1.40094642 -0.17218205
t 78
c 296.71536 124.34363 27.24022 0.0166649 1.40094642 -0.17218205
t 79
c 296.71536 124.34363 27.24022 0.0166649 1.40094642 -0.17218205
t 80
c 296.71536 124.34363 27.24022 0.0166649 1.40094642 -0.17218205
t 81
c 296.71536 124.34363 27.24022 0.0166649 1.40094642 -0.17218205
t 82
c 296.71536 124.34363 27.24022 0.0166649 1.40094642 -0.17218205
t 83
c 296.71536 124.34363 27.24022 0.0166649 1.40094642 -0.17218205
t 84
c 296.71536 124.34363 27.24022 0.0166649 1.40094642 -0.17218205
t 85
c 296.71536 124.34363 27.24022 0.0166649 1.40094642 -0.17218205
t 86
c 296.71536 124.34363 27.24022 0.0166649 1.40094642 -0.17218205
t 87
c 296.71536 124.34363 27.24022 0.0166649 1.40094642 -0.17218205
t 88
c 296.71536 124.34363 27.24022 0.0166649 1.40094642 -0.17218205
t 89
c 296.71536 124.34363 27.24022 0.0166649 1.40094642 -0.17218205
t 90
c 296.71536 124.34363 27.24022 0.0166649 1.40094642 -0.17218205
t 91
c 296.71536 124.34363 27.24022 0.0166649 1.40094642 -0.17218205
t 92
c 296.71536 124.34363 27.24022 0.0166649 1.40094642 -0.17218205
t 93
c 296.71536 124.34363 27.24022 0.0166649 1.40094642 -0.17218205
t 94
c 296.71536 124.34363 27.24022 0.0166649 1.40094642 -0.17218205
t 95
c 296.71536 124.34363 27.24022 0.0166649 1.40094642 -0.17218205
t 96
c 296.71536 124.34363 27.24022 0.0166649 1.40094642 -0.17218205
t 97
c 296.71536 124.34363 27.24022 0.0166649 1.40094642 -0.17218205
t 98
c 296.71536 124.34363 27.24022 0.0166649 1.40094642 -0.17218205
t 99
c 296.71536 124.34363 27.24022 0.0166649 1.40094642 -0.17218205
t 100
c 296.71536 124.34363 27.24022 0.0166649 1.40094642 -0.17218205
t 101
c 296.71536 124.34363 27.24022 0.0166649 1.40094642 -0.17218205
t 102
c 296.71536 124.34363 27.24022 0.0166649 1.40094642 -0.17218205
t 103
c 296.71536 124.34363 27.24022 0.0166649 1.40094642 -0.17218205
t 104
c 296.71536 124.34363 27.24022 0.0166649 1.40094642 -0.17218205
t 105
c 296.71536 124.34363 27.24022 0.0166649 1.40094642 -0.17218205
t 106
c 296.71536 124.34363 27.24022 0.0166649 1.40094642 -0.17218205
t 107
c 296.71536 124.34363 27.24022 0.0166649 1.40094642 -0.17218205
t 108
c 296.71536 124.34363 27.24022 0.0166649 1.40094642 -0.17218205
t 109
c 296.71536 124.34363 27.24022 0.0166649 1.40094642 -0.17218205
t 110
c 296.71536 124.34363 27.24022 0.0166649 1.40094642 -0.17218205
t 111
c 296.71536 124.34363 27.24022 0.0166649 1.40094642 -0.17218205
t 112
c 296.71536 124.34363 27.24022 0.0166649 1.40094642 -0.17218205
t 113
c 296.71536 124.34363 27.24022 0.0166649 1.40094642 -0.17218205
t 114
c 296.71536 124.34363 27.24022 0.0166649 1.40094642 -0.17218205
t 115
c 296.71536 124.34363 27.24022 0.0166649 1.40094642 -0.17218205
t 116
c 296.71536 124.34363 27.24022 0.0166649 1.40094642 -0.17218205
t 117
c 296.71536 124.34363 27.24022 0.0166649 1.40094642 -0.17218205
t 118
c 296.71536 124.34363 27.24022 0.0166649 1.40094642 -0.17218205
t 119
c 296.71536 124.34363 27.24022 0.0166649 1.40094642 -0.17218205
t 120
c 296.71536 124.34363 27.24022 0.0166649 1.40094642 -0.17218205
t 121
c 296.71536 124.34363 27.24022 0.0166649 1.40094642 -0.17218205
t 122
c 296.71536 124.34363 27.24022 0.0166649 1.40094642 -0.17218205
t 123
c 296.71536 124.34363 27.24022 0.0166649 1.40094642 -0.17218205
t 124
c 296.71536 124.34363 27.24022 0.0166649 1.40094642 -0.17218205
t 125
c 296.71536 124.34363 27.24022 0.0166649 1.40094642 -0.17218205
t 126
c 296.71536 124.34363 27.24022 0.0166649 1.40094642 -0.17218205
t 127
c 296.71536 124.34363 27.24022 0.0166649 1.40094642 -0.17218205
t 128
c 296.71536 124.34363 27.24022 0.0166649 1.40094642 -0.17218205
t 129
c 296.71536 124.34363 27.24022 0.0166649 1.40094642 -0.17218205
t 130
c 296.71536 124.34363 27.24022 0.0166649 1.40094642 -0.17218205
t 131
c 296.71536 124.34363 27.24022 0.0166649 1.40094642 -0.17218205
t 132
c 296.71536 124.34363 27.24022 0.0166649 1.40094642 -0.17218205
t 133
c 296.71536 124.34363 27.24022 0.0166649 1.40094642 -0.17218205
t 134
c 296.71536 124.34363 27.24022 0.0166649 1.40094642 -0.17218205
t 135
c 296.71536 124.34363 27.24022 0.0166649 1.40094642 -0.17218205
t 136
s 1.000
c 296.71536 124.34363 27.24022 0.0166649 1.40094642 -0.17218205
t 136
c 296.71536 124.34363 27.24022 0.0166649 1.40094642 -0.17218205
t 135
c 296.71536 124.34363 27.24022 0.0166649 1.40094642 -0.17218205
t 134
c 296.71536 124.34363 27.24022 0.0166649 1.40094642 -0.17218205
t 133
c 296.71536 124.34363 27.24022 0.0166649 1.40094642 -0.17218205
t 132
c 296.71536 124.34363 27.24022 0.0166649 1.40094642 -0.17218205
t 131
c 296.71536 124.34363 27.24022 0.0166649 1.40094642 -0.17218205
t 130
c 296.71536 124.34363 27.24022 0.0166649 1.40094642 -0.17218205
t 129
c 296.71536 124.34363 27.24022 0.0166649 1.40094642 -0.17218205
t 128
c 296.71536 124.34363 27.24022 0.0166649 1.40094642 -0.17218205
t 127
c 296.71536 124.34363 27.24022 0.0166649 1.40094642 -0.17218205
t 126
c 296.71536 124.34363 27.24022 0.0166649 1.40094642 -0.17218205
t 125
c 296.71536 124.34363 27.24022 0.0166649 1.40094642 -0.17218205
t 124
c 296.71536 124.34363 27.24022 0.0166649 1.40094642 -0.17218205
t 123
c 296.71536 124.34363 27.24022 0.0166649 1.40094642 -0.17218205
t 122
c 296.71536 124.34363 27.24022 0.0166649 1.40094642 -0.17218205
t 121
c 296.71536 124.34363 27.24022 0.0166649 1.40094642 -0.17218205
t 120
c 296.71536 124.34363 27.24022 0.0166649 1.40094642 -0.17218205
t 119
c 296.71536 124.34363 27.24022 0.0166649 1.40094642 -0.17218205
t 118
c 296.71536 124.34363 27.24022 0.0166649 1.40094642 -0.17218205
t 117
c 296.71536 124.34363 27.24022 0.0166649 1.40094642 -0.17218205
t 116
c 296.71536 124.34363 27.24022 0.0166649 1.40094642 -0.17218205
t 115
c 296.71536 124.34363 27.24022 0.0166649 1.40094642 -0.17218205
t 114
c 296.71536 124.34363 27.24022 0.0166649 1.40094642 -0.17218205
t 113
c 296.71536 124.34363 27.24022 0.0166649 1.40094642 -0.17218205
t 112
c 296.71536 124.34363 27.24022 0.0166649 1.40094642 -0.17218205
t 111
c 296.71536 124.34363 27.24022 0.0166649 1.40094642 -0.17218205
t 110
c 296.71536 124.34363 27.24022 0.0166649 1.40094642 -0.17218205
t 109
c 296.71536 124.34363 27.24022 0.0166649 1.40094642 -0.17218205
t 108
c 296.71536 124.34363 27.24022 0.0166649 1.40094642 -0.17218205
t 107
c 296.71536 124.34363 27.24022 0.0166649 1.40094642 -0.17218205
t 106
c 296.71536 124.34363 27.24022 0.0166649 1.40094642 -0.17218205
t 105
c 296.71536 124.34363 27.24022 0.0166649 1.40094642 -0.17218205
t 104
c 296.71536 124.34363 27.24022 0.0166649 1.40094642 -0.17218205
t 103
c 296.71536 124.34363 27.24022 0.0166649 1.40094642 -0.17218205
t 102
c 296.71536 124.34363 27.24022 0.0166649 1.40094642 -0.17218205
t 101
c 296.71536 124.34363 27.24022 0.0166649 1.40094642 -0.17218205
t 100
c 296.71536 124.34363 27.24022 0.0166649 1.40094642 -0.17218205
t 99
c 296.71536 124.34363 27.24022 0.0166649 1.40094642 -0.17218205
t 98
c 296.71536 124.34363 27.24022 0.0166649 1.40094642 -0.17218205
t 97
c 296.71536 124.34363 27.24022 0.0166649 1.40094642 -0.17218205
t 96
c 296.71536 124.34363 27.24022 0.0166649 1.40094642 -0.17218205
t 95
c 296.71536 124.34363 27.24022 0.0166649 1.40094642 -0.17218205
t 94
c 296.71536 124.34363 27.24022 0.0166649 1.40094642 -0.17218205
t 93
c 296.71536 124.34363 27.24022 0.0166649 1.40094642 -0.17218205
t 92
c 296.71536 124.34363 27.24022 0.0166649 1.40094642 -0.17218205
t 90
c 296.71536 124.34363 27.24022 0.0166649 1.40094642 -0.17218205
t 90
c 296.71536 124.34363 27.24022 0.0166649 1.40094642 -0.17218205
t 88
c 296.71536 124.34363 27.24022 0.0166649 1.40094642 -0.17218205
t 87
c 296.71536 124.34363 27.24022 0.0166649 1.40094642 -0.17218205
t 86
c 296.71536 124.34363 27.24022 0.0166649 1.40094642 -0.17218205
t 85
c 296.71536 124.34363 27.24022 0.0166649 1.40094642 -0.17218205
t 84
c 296.71536 124.34363 27.24022 0.0166649 1.40094642 -0.17218205
t 83
c 296.71536 124.34363 27.24022 0.0166649 1.40094642 -0.17218205
t 82
c 296.71536 124.34363 27.24022 0.0166649 1.40094642 -0.17218205
t 81
c 296.71536 124.34363 27.24022 0.0166649 1.40094642 -0.17218205
t 80
c 296.71536 124.34363 27.24022 0.0166649 1.40094642 -0.17218205
t 79
c 296.71536 124.34363 27.24022 0.0166649 1.40094642 -0.17218205
t 78
c 296.71536 124.34363 27.24022 0.0166649 1.40094642 -0.17218205
t 77
c 296.71536 124.34363 27.24022 0.0166649 1.40094642 -0.17218205
t 76
c 296.71536 124.34363 27.24022 0.0166649 1.40094642 -0.17218205
t 75
c 296.71536 124.34363 27.24022 0.0166649 1.40094642 -0.17218205
t 74
c 296.71536 124.34363 27.24022 0.0166649 1.40094642 -0.17218205
t 73
c 296.71536 124.34363 27.24022 0.0166649 1.40094642 -0.17218205
t 72
c 296.71536 124.34363 27.24022 0.0166649 1.40094642 -0.17218205
t 71
c 296.71536 124.34363 27.24022 0.0166649 1.40094642 -0.17218205
t 70
c 296.71536 124.34363 27.24022 0.0166649 1.40094642 -0.17218205
t 69
c 296.71536 124.34363 27.24022 0.0166649 1.40094642 -0.17218205
t 68
s 1.000
c 296.71536 124.34363 27.24022 0.0166649 1.40094642 -0.17218205
t 69
c 296.71068 124.34486 33.16411 0.01672244 1.40097364 -0.17216077
t 69
c 296.70599 124.34608 39.08799 0.01677997 1.40100087 -0.17213949
t 69
c 296.70131 124.3473 45.01187 0.01683751 1.40102809 -0.17211821
t 69
c 296.69663 124.34852 50.93575 0.01689505 1.40105532 -0.17209693
t 69
c 296.69195 124.34974 56.85963 0.01695259 1.40108254 -0.17207565
t 69
s 1.000
c 296.69195 124.34974 56.85963 0.01695259 1.40108254 -0.17207565
t 69
c 296.69038 119.32627 56.8622 0.01697745 1.40108878 -0.17204969
t 69
c 296.6888 114.3028 56.86476 0.0170023 1.40109501 -0.17202374
t 69
c 296.68723 109.27932 56.86733 0.01702716 1.40110125 -0.17199779
t 69
c 296.68566 104.25585 56.86989 0.01705201 1.40110749 -0.17197184
t 69
c 296.68409 99.23237 56.87245 0.01707686 1.40111373 -0.17194589
t 69
c 296.68252 94.2089 56.87502 0.01710172 1.40111996 -0.17191994
t 69
c 296.68094 89.18543 56.87758 0.01712657 1.4011262 -0.17189398
t 69
c 296.67937 84.16195 56.88015 0.01715143 1.40113244 -0.17186803
t 69
c 296.6778 79.13848 56.88271 0.01717628 1.40113868 -0.17184208
t 69
c 296.67623 74.115 56.88528 0.01720113 1.40114491 -0.17181613
t 69
c 296.67466 69.09153 56.88784 0.01722599 1.40115115 -0.17179018
t 69
c 296.67308 64.06806 56.8904 0.01725084 1.40115739 -0.17176422
t 69
c 296.67151 59.04458 56.89297 0.0172757 1.40116363 -0.17173827
t 69
c 296.66994 54.02111 56.89553 0.01730055 1.40116986 -0.17171232
t 69
c 296.66837 48.99763 56.8981 0.01732541 1.4011761 -0.17168637
t 69
c 296.6668 43.97416 56.90066 0.01735026 1.40118234 -0.17166042
t 69
c 296.66522 38.95069 56.90322 0.01737511 1.40118858 -0.17163447
t 69
c 296.66365 33.92721 56.90579 0.01739997 1.40119481 -0.17160851
t 69
c 296.66208 28.90374 56.90835 0.01742482 1.40120105 -0.17158256
t 69
c 296.66051 23.88027 56.91092 0.01744968 1.40120729 -0.17155661
t 69
c 296.65894 18.85679 56.91348 0.01747453 1.40121352 -0.17153066
t 69
c 296.65737 13.83332 56.91604 0.01749938 1.40121976 -0.17150471
t 69
c 296.65579 8.80984 56.91861 0.01752424 1.401226 -0.17147876
t 69
c 296.65422 3.78637 56.92117 0.01754909 1.40123224 -0.1714528
t 69
c 296.65265 -1.2371 56.92374 0.01757395 1.40123847 -0.17142685
t 69
c 296.65108 -6.26058 56.9263 0.0175988 1.40124471 -0.1714009
t 69
c 296.64951 -11.28405 56.92887 0.01762366 1.40125095 -0.17137495
t 69
c 296.64793 -16.30753 56.93143 0.01764851 1.40125719 -0.171349
t 69
c 296.64636 -21.331 56.93399 0.01767336 1.40126342 -0.17132305
t 69
c 296.64479 -26.35447 56.93656 0.01769822 1.40126966 -0.17129709
t 69
c 296.64322 -31.37795 56.93912 0.01772307 1.4012759 -0.17127114
t 69
c 296.64165 -36.40142 56.94169 0.01774793 1.40128214 -0.17124519
t 69
c 296.64007 -41.4249 56.94425 0.01777278 1.40128837 -0.17121924
t 69
c 296.6385 -46.44837 56.94681 0.01779763 1.40129461 -0.17119329
t 69
c 296.63693 -51.47184 56.94938 0.01782249 1.40130085 -0.17116734
t 69
c 296.63536 -56.49532 56.95194 0.01784734 1.40130709 -0.17114138
t 69
c 296.63379 -61.51879 56.95451 0.0178722 1.40131332 -0.17111543
t 69
c 296.63221 -66.54227 56.95707 0.01789705 1.40131956 -0.17108948
t 69
s 1.000
c 296.63221 -66.54227 56.95707 0.01789705 1.40131956 -0.17108948
t 69
c 296.64327 -66.54446 51.25714 0.01787887 1.40125783 -0.17109745
t 69
c 296.65433 -66.54666 45.5572 0.01786068 1.4011961 -0.17110541
t 69
c 296.66539 -66.54885 39.85727 0.0178425 1.40113437 -0.17111338
t 69
c 296.67644 -66.55105 34.15733 0.01782431 1.40107264 -0.17112135
t 69
c 296.6875 -66.55325 28.4574 0.01780613 1.40101091 -0.17112931
t 69
s 1.000
c 296.6875 -66.55325 28.4574 0.01780613 1.40101091 -0.17112931
t 69
c 296.6875 -66.55325 28.4574 0.01780613 1.40101091 -0.17112931
t 70
c 296.6875 -66.55325 28.4574 0.01780613 1.40101091 -0.17112931
t 71
c 296.6875 -66.55325 28.4574 0.01780613 1.40101091 -0.17112931
t 72
c 296.6875 -66.55325 28.4574 0.01780613 1.40101091 -0.17112931
t 73
c 296.6875 -66.55325 28.4574 0.01780613 1.40101091 -0.17112931
t 74
c 296.6875 -66.55325 28.4574 0.01780613 1.40101091 -0.17112931
t 75
c 296.6875 -66.55325 28.4574 0.01780613 1.40101091 -0.17112931
t 76
c 296.6875 -66.55325 28.4574 0.01780613 1.40101091 -0.17112931
t 77
c 296.6875 -66.55325 28.4574 0.01780613 1.40101091 -0.17112931
t 78
c 296.6875 -66.55325 28.4574 0.01780613 1.40101091 -0.17112931
t 79
c 296.6875 -66.55325 28.4574 0.01780613 1.40101091 -0.17112931
t 80
c 296.6875 -66.55325 28.4574 0.01780613 1.40101091 -0.17112931
t 81
c 296.6875 -66.55325 28.4574 0.01780613 1.40101091 -0.17112931
t 82
c 296.6875 -66.55325 28.4574 0.01780613 1.40101091 -0.17112931
t 83
c 296.6875 -66.55325 28.4574 0.01780613 1.40101091 -0.17112931
t 84
c 296.6875 -66.55325 28.4574 0.01780613 1.40101091 -0.17112931
t 85
c 296.6875 -66.55325 28.4574 0.01780613 1.40101091 -0.17112931
t 86
c 296.6875 -66.55325 28.4574 0.01780613 1.40101091 -0.17112931
t 87
c 296.6875 -66.55325 28.4574 0.01780613 1.40101091 -0.17112931
t 88
c 296.6875 -66.55325 28.4574 0.01780613 1.40101091 -0.17112931
t 89
c 296.6875 -66.55325 28.4574 0.01780613 1.40101091 -0.17112931
t 90
c 296.6875 -66.55325 28.4574 0.01780613 1.40101091 -0.17112931
t 91
c 296.6875 -66.55325 28.4574 0.01780613 1.40101091 -0.17112931
t 92
c 296.6875 -66.55325 28.4574 0.01780613 1.40101091 -0.17112931
t 92
c 296.6875 -66.55325 28.4574 0.01780613 1.40101091 -0.17112931
t 94
c 296.6875 -66.55325 28.4574 0.01780613 1.40101091 -0.17112931
t 95
c 296.6875 -66.55325 28.4574 0.01780613 1.40101091 -0.17112931
t 96
c 296.6875 -66.55325 28.4574 0.01780613 1.40101091 -0.17112931
t 96
c 296.6875 -66.55325 28.4574 0.01780613 1.40101091 -0.17112931
t 97
c 296.6875 -66.55325 28.4574 0.01780613 1.40101091 -0.17112931
t 98
c 296.6875 -66.55325 28.4574 0.01780613 1.40101091 -0.17112931
t 100
c 296.6875 -66.55325 28.4574 0.01780613 1.40101091 -0.17112931
t 101
c 296.6875 -66.55325 28.4574 0.01780613 1.40101091 -0.17112931
t 102
c 296.6875 -66.55325 28.4574 0.01780613 1.40101091 -0.17112931
t 103
c 296.6875 -66.55325 28.4574 0.01780613 1.40101091 -0.17112931
t 104
c 296.6875 -66.55325 28.4574 0.01780613 1.40101091 -0.17112931
t 105
c 296.6875 -66.55325 28.4574 0.01780613 1.40101091 -0.17112931
t 106
c 296.6875 -66.55325 28.4574 0.01780613 1.40101091 -0.17112931
t 107
c 296.6875 -66.55325 28.4574 0.01780613 1.40101091 -0.17112931
t 108
c 296.6875 -66.55325 28.4574 0.01780613 1.40101091 -0.17112931
t 109
c 296.6875 -66.55325 28.4574 0.01780613 1.40101091 -0.17112931
t 110
c 296.6875 -66.55325 28.4574 0.01780613 1.40101091 -0.17112931
t 111
c 296.6875 -66.55325 28.4574 0.01780613 1.40101091 -0.17112931
t 112
c 296.6875 -66.55325 28.4574 0.01780613 1.40101091 -0.17112931
t 113
c 296.6875 -66.55325 28.4574 0.01780613 1.40101091 -0.17112931
t 114
c 296.6875 -66.55325 28.4574 0.01780613 1.40101091 -0.17112931
t 115
c 296.6875 -66.55325 28.4574 0.01780613 1.40101091 -0.17112931
t 116
c 296.6875 -66.55325 28.4574 0.01780613 1.40101091 -0.17112931
t 117
c 296.6875 -66.55325 28.4574 0.01780613 1.40101091 -0.17112931
t 118
c 296.6875 -66.55325 28.4574 0.01780613 1.40101091 -0.17112931
t 119
c 296.6875 -66.55325 28.4574 0.01780613 1.40101091 -0.17112931
t 120
c 296.6875 -66.55325 28.4574 0.01780613 1.40101091 -0.17112931
t 121
c 296.6875 -66.55325 28.4574 0.01780613 1.40101091 -0.17112931
t 122
c 296.6875 -66.55325 28.4574 0.01780613 1.40101091 -0.17112931
t 123
c 296.6875 -66.55325 28.4574 0.01780613 1.40101091 -0.17112931
t 124
c 296.6875 -66.55325 28.4574 0.01780613 1.40101091 -0.17112931
t 125
c 296.6875 -66.55325 28.4574 0.01780613 1.40101091 -0.17112931
t 126
c 296.6875 -66.55325 28.4574 0.01780613 1.40101091 -0.17112931
t 127
