c 340.61939 -99.4003 27.48824 0.00493036 1.45162551 0.00506444
t 126
c 340.61939 -99.4003 27.48824 0.00493036 1.45162551 0.00506444
t 125
c 340.61939 -99.4003 27.48824 0.00493036 1.45162551 0.00506444
t 124
c 340.61939 -99.4003 27.48824 0.00493036 1.45162551 0.00506444
t 123
c 340.61939 -99.4003 27.48824 0.00493036 1.45162551 0.00506444
t 122
c 340.61939 -99.4003 27.48824 0.00493036 1.45162551 0.00506444
t 121
c 340.61939 -99.4003 27.48824 0.00493036 1.45162551 0.00506444
t 120
c 340.61939 -99.4003 27.48824 0.00493036 1.45162551 0.00506444
t 119
c 340.61939 -99.4003 27.48824 0.00493036 1.45162551 0.00506444
t 118
c 340.61939 -99.4003 27.48824 0.00493036 1.45162551 0.00506444
t 117
c 340.61939 -99.4003 27.48824 0.00493036 1.45162551 0.00506444
t 116
c 340.61939 -99.4003 27.48824 0.00493036 1.45162551 0.00506444
t 115
c 340.61939 -99.4003 27.48824 0.00493036 1.45162551 0.00506444
t 114
c 340.61939 -99.4003 27.48824 0.00493036 1.45162551 0.00506444
t 113
c 340.61939 -99.4003 27.48824 0.00493036 1.45162551 0.00506444
t 112
c 340.61939 -99.4003 27.48824 0.00493036 1.45162551 0.00506444
t 111
c 340.61939 -99.4003 27.48824 0.00493036 1.45162551 0.00506444
t 110
c 340.61939 -99.4003 27.48824 0.00493036 1.45162551 0.00506444
t 109
c 340.61939 -99.4003 27.48824 0.00493036 1.45162551 0.00506444
t 108
c 340.61939 -99.4003 27.48824 0.00493036 1.45162551 0.00506444
t 107
c 340.61939 -99.4003 27.48824 0.00493036 1.45162551 0.00506444
t 106
c 340.61939 -99.4003 27.48824 0.00493036 1.45162551 0.00506444
t 105
c 340.61939 -99.4003 27.48824 0.00493036 1.45162551 0.00506444
t 104
c 340.61939 -99.4003 27.48824 0.00493036 1.45162551 0.00506444
t 103
c 340.61939 -99.4003 27.48824 0.00493036 1.45162551 0.00506444
t 102
c 340.61939 -99.4003 27.48824 0.00493036 1.45162551 0.00506444
t 101
c 340.61939 -99.4003 27.48824 0.00493036 1.45162551 0.00506444
t 100
c 340.61939 -99.4003 27.48824 0.00493036 1.45162551 0.00506444
t 99
c 340.61939 -99.4003 27.48824 0.00493036 1.45162551 0.00506444
t 98
c 340.61939 -99.4003 27.48824 0.00493036 1.45162551 0.00506444
t 97
c 340.61939 -99.4003 27.48824 0.00493036 1.45162551 0.00506444
t 96
c 340.61939 -99.4003 27.48824 0.00493036 1.45162551 0.00506444
t 95
c 340.61939 -99.4003 27.48824 0.00493036 1.45162551 0.00506444
t 94
c 340.61939 -99.4003 27.48824 0.00493036 1.45162551 0.00506444
t 93
c 340.61939 -99.4003 27.48824 0.00493036 1.45162551 0.00506444
t 92
c 340.61939 -99.4003 27.48824 0.00493036 1.45162551 0.00506444
t 91
c 340.61939 -99.4003 27.48824 0.00493036 1.45162551 0.00506444
t 90
c 340.61939 -99.4003 27.48824 0.00493036 1.45162551 0.00506444
t 89
c 340.61939 -99.4003 27.48824 0.00493036 1.45162551 0.00506444
t 88
c 340.61939 -99.4003 27.48824 0.00493036 1.45162551 0.00506444
t 87
c 340.61939 -99.4003 27.48824 0.00493036 1.45162551 0.00506444
t 86
c 340.61939 -99.4003 27.48824 0.00493036 1.45162551 0.00506444
t 85
c 340.61939 -99.4003 27.48824 0.00493036 1.45162551 0.00506444
t 84
c 340.61939 -99.4003 27.48824 0.00493036 1.45162551 0.00506444
t 83
c 340.61939 -99.4003 27.48824 0.00493036 1.45162551 0.00506444
t 82
c 340.61939 -99.4003 27.48824 0.00493036 1.45162551 0.00506444
t 81
c 340.61939 -99.4003 27.48824 0.00493036 1.45162551 0.00506444
t 80
c 340.61939 -99.4003 27.48824 0.00493036 1.45162551 0.00506444
t 79
c 340.61939 -99.4003 27.48824 0.00493036 1.45162551 0.00506444
t 78
c 340.61939 -99.4003 27.48824 0.00493036 1.45162551 0.00506444
t 77
c 340.61939 -99.4003 27.48824 0.00493036 1.45162551 0.00506444
t 76
c 340.61939 -99.4003 27.48824 0.00493036 1.45162551 0.00506444
t 75
c 340.61939 -99.4003 27.48824 0.00493036 1.45162551 0.00506444
t 74
c 340.61939 -99.4003 27.48824 0.00493036 1.45162551 0.00506444
t 73
c 340.61939 -99.4003 27.48824 0.00493036 1.45162551 0.00506444
t 72
c 340.61939 -99.4003 27.48824 0.00493036 1.45162551 0.00506444
t 71
c 340.61939 -99.4003 27.48824 0.00493036 1.45162551 0.00506444
t 70
c 340.61939 -99.4003 27.48824 0.00493036 1.45162551 0.00506444
t 69
c 340.61939 -99.4003 27.48824 0.00493036 1.45162551 0.00506444
t 68
c 340.61939 -99.4003 27.48824 0.00493036 1.45162551 0.00506444
t 67
c 340.61939 -99.4003 27.48824 0.00493036 1.45162551 0.00506444
t 66
c 340.61939 -99.4003 27.48824 0.00493036 1.45162551 0.00506444
t 65
c 340.61939 -99.4003 27.48824 0.00493036 1.45162551 0.00506444
t 64
c 340.61939 -99.4003 27.48824 0.00493036 1.45162551 0.00506444
t 63
c 340.61939 -99.4003 27.48824 0.00493036 1.45162551 0.00506444
t 62
c 340.61939 -99.4003 27.48824 0.00493036 1.45162551 0.00506444
t 61
s 0.500
c 340.61939 -99.4003 27.48824 0.00493036 1.45162551 0.00506444
t 61
c 340.61815 -94.37867 27.4906 0.00497801 1.45162608 0.00508233
t 61
c 340.61691 -89.35703 27.49296 0.00502565 1.45162664 0.00510023
t 61
c 340.61567 -84.33539 27.49532 0.00507329 1.45162721 0.00511812
t 61
c 340.61443 -79.31376 27.49769 0.00512093 1.45162777 0.00513601
t 61
c 340.61319 -74.29212 27.50005 0.00516857 1.45162834 0.00515391
t 61
c 340.61195 -69.27049 27.50241 0.00521621 1.45162891 0.0051718
t 61
c 340.61071 -64.24885 27.50477 0.00526385 1.45162947 0.0051897
t 61
c 340.60947 -59.22722 27.50714 0.00531149 1.45163004 0.00520759
t 61
c 340.60823 -54.20558 27.5095 0.00535913 1.4516306 0.00522549
t 61
c 340.60699 -49.18395 27.51186 0.00540678 1.45163117 0.00524338
t 61
c 340.60575 -44.16231 27.51422 0.00545442 1.45163174 0.00526128
t 61
c 340.60451 -39.14067 27.51659 0.00550206 1.4516323 0.00527917
t 61
c 340.60327 -34.11904 27.51895 0.0055497 1.45163287 0.00529707
t 61
c 340.60203 -29.0974 27.52131 0.00559734 1.45163344 0.00531496
t 61
c 340.60079 -24.07577 27.52367 0.00564498 1.451634 0.00533285
t 61
c 340.59955 -19.05413 27.52604 0.00569262 1.45163457 0.00535075
t 61
c 340.59831 -14.0325 27.5284 0.00574026 1.45163513 0.00536864
t 61
c 340.59707 -9.01086 27.53076 0.0057879 1.4516357 0.00538654
t 61
c 340.59583 -3.98923 27.53313 0.00583555 1.45163627 0.00540443
t 61
c 340.59459 1.03241 27.53549 0.00588319 1.45163683 0.00542233
t 61
c 340.59335 6.05405 27.53785 0.00593083 1.4516374 0.00544022
t 61
c 340.59211 11.07568 27.54021 0.00597847 1.45163796 0.00545812
t 61
c 340.59087 16.09732 27.54258 0.00602611 1.45163853 0.00547601
t 61
c 340.58963 21.11895 27.54494 0.00607375 1.4516391 0.00549391
t 61
c 340.58839 26.14059 27.5473 0.00612139 1.45163966 0.0055118
t 61
c 340.58715 31.16222 27.54966 0.00616903 1.45164023 0.0055297
t 61
c 340.58591 36.18386 27.55203 0.00621668 1.45164079 0.00554759
t 61
c 340.58467 41.20549 27.55439 0.00626432 1.45164136 0.00556548
t 61
c 340.58343 46.22713 27.55675 0.00631196 1.45164193 0.00558338
t 61
c 340.58219 51.24877 27.55911 0.0063596 1.45164249 0.00560127
t 61
c 340.58095 56.2704 27.56148 0.00640724 1.45164306 0.00561917
t 61
c 340.57971 61.29204 27.56384 0.00645488 1.45164363 0.00563706
t 61
c 340.57847 66.31367 27.5662 0.00650252 1.45164419 0.00565496
t 61
c 340.57723 71.33531 27.56856 0.00655016 1.45164476 0.00567285
t 61
c 340.57599 76.35694 27.57093 0.0065978 1.45164532 0.00569075
t 61
c 340.57475 81.37858 27.57329 0.00664545 1.45164589 0.00570864
t 61
c 340.57351 86.40021 27.57565 0.00669309 1.45164646 0.00572654
t 61
c 340.57227 91.42185 27.57801 0.00674073 1.45164702 0.00574443
t 61
c 340.57103 96.44349 27.58038 0.00678837 1.45164759 0.00576232
t 61
c 340.56979 101.46512 27.58274 0.00683601 1.45164815 0.00578022
t 61
c 340.56855 106.48676 27.5851 0.00688365 1.45164872 0.00579811
t 61
c 340.56731 111.50839 27.58746 0.00693129 1.45164929 0.00581601
t 61
c 340.56607 116.53003 27.58983 0.00697893 1.45164985 0.0058339
t 61
c 340.56483 121.55166 27.59219 0.00702658 1.45165042 0.0058518
t 61
s 0.500
c 340.56483 121.55166 27.59219 0.00702658 1.45165042 0.0058518
t 61
c 340.56483 121.55166 27.59219 0.00702658 1.45165042 0.0058518
t 61
c 340.56483 121.55166 27.59219 0.00702658 1.45165042 0.0058518
t 63
c 340.56483 121.55166 27.59219 0.00702658 1.45165042 0.0058518
t 64
c 340.56483 121.55166 27.59219 0.00702658 1.45165042 0.0058518
t 65
c 340.56483 121.55166 27.59219 0.00702658 1.45165042 0.0058518
t 66
c 340.56483 121.55166 27.59219 0.00702658 1.45165042 0.0058518
t 67
c 340.56483 121.55166 27.59219 0.00702658 1.45165042 0.0058518
t 68
c 340.56483 121.55166 27.59219 0.00702658 1.45165042 0.0058518
t 69
c 340.56483 121.55166 27.59219 0.00702658 1.45165042 0.0058518
t 70
c 340.56483 121.55166 27.59219 0.00702658 1.45165042 0.0058518
t 71
c 340.56483 121.55166 27.59219 0.00702658 1.45165042 0.0058518
t 72
c 340.56483 121.55166 27.59219 0.00702658 1.45165042 0.0058518
t 73
c 340.56483 121.55166 27.59219 0.00702658 1.45165042 0.0058518
t 74
c 340.56483 121.55166 27.59219 0.00702658 1.45165042 0.0058518
t 75
c 340.56483 121.55166 27.59219 0.00702658 1.45165042 0.0058518
t 76
c 340.56483 121.55166 27.59219 0.00702658 1.45165042 0.0058518
t 77
c 340.56483 121.55166 27.59219 0.00702658 1.45165042 0.0058518
t 78
c 340.56483 121.55166 27.59219 0.00702658 1.45165042 0.0058518
t 79
c 340.56483 121.55166 27.59219 0.00702658 1.45165042 0.0058518
t 80
c 340.56483 121.55166 27.59219 0.00702658 1.45165042 0.0058518
t 81
c 340.56483 121.55166 27.59219 0.00702658 1.45165042 0.0058518
t 82
c 340.56483 121.55166 27.59219 0.00702658 1.45165042 0.0058518
t 83
c 340.56483 121.55166 27.59219 0.00702658 1.45165042 0.0058518
t 84
c 340.56483 121.55166 27.59219 0.00702658 1.45165042 0.0058518
t 85
c 340.56483 121.55166 27.59219 0.00702658 1.45165042 0.0058518
t 86
c 340.56483 121.55166 27.59219 0.00702658 1.45165042 0.0058518
t 87
c 340.56483 121.55166 27.59219 0.00702658 1.45165042 0.0058518
t 88
c 340.56483 121.55166 27.59219 0.00702658 1.45165042 0.0058518
t 89
c 340.56483 121.55166 27.59219 0.00702658 1.45165042 0.0058518
t 90
c 340.56483 121.55166 27.59219 0.00702658 1.45165042 0.0058518
t 91
c 340.56483 121.55166 27.59219 0.00702658 1.45165042 0.0058518
t 92
c 340.56483 121.55166 27.59219 0.00702658 1.45165042 0.0058518
t 93
c 340.56483 121.55166 27.59219 0.00702658 1.45165042 0.0058518
t 94
c 340.56483 121.55166 27.59219 0.00702658 1.45165042 0.0058518
t 95
c 340.56483 121.55166 27.59219 0.00702658 1.45165042 0.0058518
t 96
c 340.56483 121.55166 27.59219 0.00702658 1.45165042 0.0058518
t 97
c 340.56483 121.55166 27.59219 0.00702658 1.45165042 0.0058518
t 98
c 340.56483 121.55166 27.59219 0.00702658 1.45165042 0.0058518
t 99
c 340.56483 121.55166 27.59219 0.00702658 1.45165042 0.0058518
t 100
c 340.56483 121.55166 27.59219 0.00702658 1.45165042 0.0058518
t 101
c 340.56483 121.55166 27.59219 0.00702658 1.45165042 0.0058518
t 102
c 340.56483 121.55166 27.59219 0.00702658 1.45165042 0.0058518
t 103
c 340.56483 121.55166 27.59219 0.00702658 1.45165042 0.0058518
t 104
c 340.56483 121.55166 27.59219 0.00702658 1.45165042 0.0058518
t 105
c 340.56483 121.55166 27.59219 0.00702658 1.45165042 0.0058518
t 106
c 340.56483 121.55166 27.59219 0.00702658 1.45165042 0.0058518
t 107
c 340.56483 121.55166 27.59219 0.00702658 1.45165042 0.0058518
t 108
c 340.56483 121.55166 27.59219 0.00702658 1.45165042 0.0058518
t 109
c 340.56483 121.55166 27.59219 0.00702658 1.45165042 0.0058518
t 110
c 340.56483 121.55166 27.59219 0.00702658 1.45165042 0.0058518
t 111
c 340.56483 121.55166 27.59219 0.00702658 1.45165042 0.0058518
t 112
c 340.56483 121.55166 27.59219 0.00702658 1.45165042 0.0058518
t 113
c 340.56483 121.55166 27.59219 0.00702658 1.45165042 0.0058518
t 114
c 340.56483 121.55166 27.59219 0.00702658 1.45165042 0.0058518
t 115
c 340.56483 121.55166 27.59219 0.00702658 1.45165042 0.0058518
t 116
c 340.56483 121.55166 27.59219 0.00702658 1.45165042 0.0058518
t 117
c 340.56483 121.55166 27.59219 0.00702658 1.45165042 0.0058518
t 118
c 340.56483 121.55166 27.59219 0.00702658 1.45165042 0.0058518
t 119
c 340.56483 121.55166 27.59219 0.00702658 1.45165042 0.0058518
t 120
c 340.56483 121.55166 27.59219 0.00702658 1.45165042 0.0058518
t 121
s 0.500
c 340.56483 121.55166 27.59219 0.00702658 1.45165042 0.0058518
t 121
c 340.56483 121.55166 27.59219 0.00702658 1.45165042 0.0058518
t 120
c 340.56483 121.55166 27.59219 0.00702658 1.45165042 0.0058518
t 119
c 340.56483 121.55166 27.59219 0.00702658 1.45165042 0.0058518
t 118
c 340.56483 121.55166 27.59219 0.00702658 1.45165042 0.0058518
t 116
c 340.56483 121.55166 27.59219 0.00702658 1.45165042 0.0058518
t 116
c 340.56483 121.55166 27.59219 0.00702658 1.45165042 0.0058518
t 115
c 340.56483 121.55166 27.59219 0.00702658 1.45165042 0.0058518
t 114
c 340.56483 121.55166 27.59219 0.00702658 1.45165042 0.0058518
t 113
c 340.56483 121.55166 27.59219 0.00702658 1.45165042 0.0058518
t 112
c 340.56483 121.55166 27.59219 0.00702658 1.45165042 0.0058518
t 111
c 340.56483 121.55166 27.59219 0.00702658 1.45165042 0.0058518
t 110
c 340.56483 121.55166 27.59219 0.00702658 1.45165042 0.0058518
t 109
c 340.56483 121.55166 27.59219 0.00702658 1.45165042 0.0058518
t 107
c 340.56483 121.55166 27.59219 0.00702658 1.45165042 0.0058518
t 107
c 340.56483 121.55166 27.59219 0.00702658 1.45165042 0.0058518
t 106
c 340.56483 121.55166 27.59219 0.00702658 1.45165042 0.0058518
t 105
c 340.56483 121.55166 27.59219 0.00702658 1.45165042 0.0058518
t 103
c 340.56483 121.55166 27.59219 0.00702658 1.45165042 0.0058518
t 103
c 340.56483 121.55166 27.59219 0.00702658 1.45165042 0.0058518
t 102
c 340.56483 121.55166 27.59219 0.00702658 1.45165042 0.0058518
t 101
c 340.56483 121.55166 27.59219 0.00702658 1.45165042 0.0058518
t 99
c 340.56483 121.55166 27.59219 0.00702658 1.45165042 0.0058518
t 99
c 340.56483 121.55166 27.59219 0.00702658 1.45165042 0.0058518
t 98
c 340.56483 121.55166 27.59219 0.00702658 1.45165042 0.0058518
t 96
c 340.56483 121.55166 27.59219 0.00702658 1.45165042 0.0058518
t 95
c 340.56483 121.55166 27.59219 0.00702658 1.45165042 0.0058518
t 94
c 340.56483 121.55166 27.59219 0.00702658 1.45165042 0.0058518
t 94
c 340.56483 121.55166 27.59219 0.00702658 1.45165042 0.0058518
t 92
c 340.56483 121.55166 27.59219 0.00702658 1.45165042 0.0058518
t 91
c 340.56483 121.55166 27.59219 0.00702658 1.45165042 0.0058518
t 90
c 340.56483 121.55166 27.59219 0.00702658 1.45165042 0.0058518
t 89
c 340.56483 121.55166 27.59219 0.00702658 1.45165042 0.0058518
t 89
c 340.56483 121.55166 27.59219 0.00702658 1.45165042 0.0058518
t 88
c 340.56483 121.55166 27.59219 0.00702658 1.45165042 0.0058518
t 87
c 340.56483 121.55166 27.59219 0.00702658 1.45165042 0.0058518
t 86
c 340.56483 121.55166 27.59219 0.00702658 1.45165042 0.0058518
t 85
c 340.56483 121.55166 27.59219 0.00702658 1.45165042 0.0058518
t 84
c 340.56483 121.55166 27.59219 0.00702658 1.45165042 0.0058518
t 83
c 340.56483 121.55166 27.59219 0.00702658 1.45165042 0.0058518
t 82
c 340.56483 121.55166 27.59219 0.00702658 1.45165042 0.0058518
t 81
c 340.56483 121.55166 27.59219 0.00702658 1.45165042 0.0058518
t 80
c 340.56483 121.55166 27.59219 0.00702658 1.45165042 0.0058518
t 79
c 340.56483 121.55166 27.59219 0.00702658 1.45165042 0.0058518
t 78
c 340.56483 121.55166 27.59219 0.00702658 1.45165042 0.0058518
t 77
c 340.56483 121.55166 27.59219 0.00702658 1.45165042 0.0058518
t 76
c 340.56483 121.55166 27.59219 0.00702658 1.45165042 0.0058518
t 75
c 340.56483 121.55166 27.59219 0.00702658 1.45165042 0.0058518
t 74
c 340.56483 121.55166 27.59219 0.00702658 1.45165042 0.0058518
t 73
c 340.56483 121.55166 27.59219 0.00702658 1.45165042 0.0058518
t 72
c 340.56483 121.55166 27.59219 0.00702658 1.45165042 0.0058518
t 71
c 340.56483 121.55166 27.59219 0.00702658 1.45165042 0.0058518
t 70
c 340.56483 121.55166 27.59219 0.00702658 1.45165042 0.0058518
t 69
c 340.56483 121.55166 27.59219 0.00702658 1.45165042 0.0058518
t 68
c 340.56483 121.55166 27.59219 0.00702658 1.45165042 0.0058518
t 67
c 340.56483 121.55166 27.59219 0.00702658 1.45165042 0.0058518
t 66
c 340.56483 121.55166 27.59219 0.00702658 1.45165042 0.0058518
t 65
c 340.56483 121.55166 27.59219 0.00702658 1.45165042 0.0058518
t 64
c 340.56483 121.55166 27.59219 0.00702658 1.45165042 0.0058518
t 63
c 340.56483 121.55166 27.59219 0.00702658 1.45165042 0.0058518
t 62
s 0.500
c 340.56483 121.55166 27.59219 0.00702658 1.45165042 0.0058518
t 62
c 340.56055 116.47153 27.58665 0.00696305 1.45167857 0.00579606
t 62
c 340.55627 111.3914 27.58111 0.00689953 1.45170673 0.00574033
t 62
c 340.55199 106.31127 27.57557 0.00683601 1.45173488 0.0056846
t 61
c 340.5477 101.23114 27.57003 0.00677249 1.45176304 0.00562887
t 62
c 340.54342 96.15101 27.56449 0.00670896 1.4517912 0.00557313
t 62
c 340.53914 91.07087 27.55896 0.00664544 1.45181935 0.0055174
t 62
c 340.53486 85.99074 27.55342 0.00658192 1.45184751 0.00546167
t 62
c 340.53057 80.91061 27.54788 0.0065184 1.45187566 0.00540593
t 62
c 340.52629 75.83048 27.54234 0.00645487 1.45190382 0.0053502
t 62
c 340.52201 70.75035 27.5368 0.00639135 1.45193197 0.00529447
t 62
c 340.51773 65.67022 27.53126 0.00632783 1.45196013 0.00523874
t 62
c 340.51345 60.59008 27.52572 0.00626431 1.45198828 0.005183
t 62
c 340.50916 55.50995 27.52019 0.00620079 1.45201644 0.00512727
t 62
c 340.50488 50.42982 27.51465 0.00613726 1.45204459 0.00507154
t 62
c 340.5006 45.34969 27.50911 0.00607374 1.45207275 0.00501581
t 62
c 340.49632 40.26956 27.50357 0.00601022 1.4521009 0.00496007
t 62
c 340.49203 35.18943 27.49803 0.0059467 1.45212906 0.00490434
t 62
c 340.48775 30.10929 27.49249 0.00588317 1.45215721 0.00484861
t 62
c 340.48347 25.02916 27.48695 0.00581965 1.45218537 0.00479287
t 62
c 340.47919 19.94903 27.48142 0.00575613 1.45221353 0.00473714
t 62
c 340.47491 14.8689 27.47588 0.00569261 1.45224168 0.00468141
t 62
c 340.47062 9.78877 27.47034 0.00562908 1.45226984 0.00462568
t 62
c 340.46634 4.70864 27.4648 0.00556556 1.45229799 0.00456994
t 62
c 340.46206 -0.3715 27.45926 0.00550204 1.45232615 0.00451421
t 62
c 340.45778 -5.45163 27.45372 0.00543852 1.4523543 0.00445848
t 62
c 340.45349 -10.53176 27.44818 0.005375 1.45238246 0.00440274
t 62
c 340.44921 -15.61189 27.44265 0.00531147 1.45241061 0.00434701
t 62
c 340.44493 -20.69202 27.43711 0.00524795 1.45243877 0.00429128
t 62
c 340.44065 -25.77215 27.43157 0.00518443 1.45246692 0.00423555
t 62
c 340.43636 -30.85228 27.42603 0.00512091 1.45249508 0.00417981
t 62
c 340.43208 -35.93242 27.42049 0.00505738 1.45252323 0.00412408
t 62
c 340.4278 -41.01255 27.41495 0.00499386 1.45255139 0.00406835
t 62
c 340.42352 -46.09268 27.40941 0.00493034 1.45257954 0.00401261
t 62
c 340.41924 -51.17281 27.40388 0.00486682 1.4526077 0.00395688
t 62
c 340.41495 -56.25294 27.39834 0.0048033 1.45263586 0.00390115
t 62
c 340.41067 -61.33307 27.3928 0.00473977 1.45266401 0.00384542
t 62
c 340.40639 -66.41321 27.38726 0.00467625 1.45269217 0.00378968
t 62
c 340.40211 -71.49334 27.38172 0.00461273 1.45272032 0.00373395
t 62
s 0.500
c 340.40211 -71.49334 27.38172 0.00461273 1.45272032 0.00373395
t 62
c 340.40211 -71.49334 27.38172 0.00461273 1.45272032 0.00373395
t 63
c 340.40211 -71.49334 27.38172 0.00461273 1.45272032 0.00373395
t 64
c 340.40211 -71.49334 27.38172 0.00461273 1.45272032 0.00373395
t 65
c 340.40211 -71.49334 27.38172 0.00461273 1.45272032 0.00373395
t 66
c 340.40211 -71.49334 27.38172 0.00461273 1.45272032 0.00373395
t 67
c 340.40211 -71.49334 27.38172 0.00461273 1.45272032 0.00373395
t 68
c 340.40211 -71.49334 27.38172 0.00461273 1.45272032 0.00373395
t 69
c 340.40211 -71.49334 27.38172 0.00461273 1.45272032 0.00373395
t 70
c 340.40211 -71.49334 27.38172 0.00461273 1.45272032 0.00373395
t 71
c 340.40211 -71.49334 27.38172 0.00461273 1.45272032 0.00373395
t 72
c 340.40211 -71.49334 27.38172 0.00461273 1.45272032 0.00373395
t 73
c 340.40211 -71.49334 27.38172 0.00461273 1.45272032 0.00373395
t 74
c 340.40211 -71.49334 27.38172 0.00461273 1.45272032 0.00373395
t 75
c 340.40211 -71.49334 27.38172 0.00461273 1.45272032 0.00373395
t 76
c 340.40211 -71.49334 27.38172 0.00461273 1.45272032 0.00373395
t 77
c 340.40211 -71.49334 27.38172 0.00461273 1.45272032 0.00373395
t 78
c 340.40211 -71.49334 27.38172 0.00461273 1.45272032 0.00373395
t 79
c 340.40211 -71.49334 27.38172 0.00461273 1.45272032 0.00373395
t 80
c 340.40211 -71.49334 27.38172 0.00461273 1.45272032 0.00373395
t 81
c 340.40211 -71.49334 27.38172 0.00461273 1.45272032 0.00373395
t 82
c 340.40211 -71.49334 27.38172 0.00461273 1.45272032 0.00373395
t 83
c 340.40211 -71.49334 27.38172 0.00461273 1.45272032 0.00373395
t 84
c 340.40211 -71.49334 27.38172 0.00461273 1.45272032 0.00373395
t 85
c 340.40211 -71.49334 27.38172 0.00461273 1.45272032 0.00373395
t 86
c 340.40211 -71.49334 27.38172 0.00461273 1.45272032 0.00373395
t 87
c 340.40211 -71.49334 27.38172 0.00461273 1.45272032 0.00373395
t 88
c 340.40211 -71.49334 27.38172 0.00461273 1.45272032 0.00373395
t 89
c 340.40211 -71.49334 27.38172 0.00461273 1.45272032 0.00373395
t 90
c 340.40211 -71.49334 27.38172 0.00461273 1.45272032 0.00373395
t 91
c 340.40211 -71.49334 27.38172 0.00461273 1.45272032 0.00373395
t 92
c 340.40211 -71.49334 27.38172 0.00461273 1.45272032 0.00373395
t 93
c 340.40211 -71.49334 27.38172 0.00461273 1.45272032 0.00373395
t 94
c 340.40211 -71.49334 27.38172 0.00461273 1.45272032 0.00373395
t 95
c 340.40211 -71.49334 27.38172 0.00461273 1.45272032 0.00373395
t 96
c 340.40211 -71.49334 27.38172 0.00461273 1.45272032 0.00373395
t 97
c 340.40211 -71.49334 27.38172 0.00461273 1.45272032 0.00373395
t 98
c 340.40211 -71.49334 27.38172 0.00461273 1.45272032 0.00373395
t 99
c 340.40211 -71.49334 27.38172 0.00461273 1.45272032 0.00373395
t 100
c 340.40211 -71.49334 27.38172 0.00461273 1.45272032 0.00373395
t 100
c 340.40211 -71.49334 27.38172 0.00461273 1.45272032 0.00373395
t 101
c 340.40211 -71.49334 27.38172 0.00461273 1.45272032 0.00373395
t 102
c 340.40211 -71.49334 27.38172 0.00461273 1.45272032 0.00373395
t 103
c 340.40211 -71.49334 27.38172 0.00461273 1.45272032 0.00373395
t 104
c 340.40211 -71.49334 27.38172 0.00461273 1.45272032 0.00373395
t 105
c 340.40211 -71.49334 27.38172 0.00461273 1.45272032 0.00373395
t 106
c 340.40211 -71.49334 27.38172 0.00461273 1.45272032 0.00373395
t 107
c 340.40211 -71.49334 27.38172 0.00461273 1.45272032 0.00373395
t 108
c 340.40211 -71.49334 27.38172 0.00461273 1.45272032 0.00373395
t 109
c 340.40211 -71.49334 27.38172 0.00461273 1.45272032 0.00373395
t 110
c 340.40211 -71.49334 27.38172 0.00461273 1.45272032 0.00373395
t 111
c 340.40211 -71.49334 27.38172 0.00461273 1.45272032 0.00373395
t 112
c 340.40211 -71.49334 27.38172 0.00461273 1.45272032 0.00373395
t 113
c 340.40211 -71.49334 27.38172 0.00461273 1.45272032 0.00373395
t 114
c 340.40211 -71.49334 27.38172 0.00461273 1.45272032 0.00373395
t 115
c 340.40211 -71.49334 27.38172 0.00461273 1.45272032 0.00373395
t 116
c 340.40211 -71.49334 27.38172 0.00461273 1.45272032 0.00373395
t 117
c 340.40211 -71.49334 27.38172 0.00461273 1.45272032 0.00373395
t 118
c 340.40211 -71.49334 27.38172 0.00461273 1.45272032 0.00373395
t 119
c 340.40211 -71.49334 27.38172 0.00461273 1.45272032 0.00373395
t 120
c 340.40211 -71.49334 27.38172 0.00461273 1.45272032 0.00373395
t 121
c 340.40211 -71.49334 27.38172 0.00461273 1.45272032 0.00373395
t 122
c 340.40211 -71.49334 27.38172 0.00461273 1.45272032 0.00373395
t 123
c 340.40211 -71.49334 27.38172 0.00461273 1.45272032 0.00373395
t 124
c 340.40211 -71.49334 27.38172 0.00461273 1.45272032 0.00373395
t 125
c 340.40211 -71.49334 27.38172 0.00461273 1.45272032 0.00373395
t 126
c 340.40211 -71.49334 27.38172 0.00461273 1.45272032 0.00373395
t 127
c 340.40211 -71.49334 27.38172 0.00461273 1.45272032 0.00373395
t 128
c 340.40211 -71.49334 27.38172 0.00461273 1.45272032 0.00373395
t 129
