c 359.41741 88.48607 356.75858 0.11225945 0.02078665 0.0
c 359.21709 88.48607 356.75858 0.11225945 0.02007647 0.0
c 359.01677 88.48607 356.75858 0.11225945 0.01936629 0.0
c 358.81644 88.48607 356.75858 0.11225945 0.01865611 0.0
c 358.61612 88.48607 356.75858 0.11225945 0.01794594 0.0
c 358.4158 88.48607 356.75858 0.11225945 0.01723576 0.0
c 358.21547 88.48607 356.75858 0.11225945 0.01652558 0.0
c 358.01515 88.48607 356.75858 0.11225945 0.0158154 0.0
c 357.81483 88.48607 356.75858 0.11225945 0.01510522 0.0
c 357.61451 88.48607 356.75858 0.11225945 0.01439504 0.0
c 357.41418 88.48607 356.75858 0.11225945 0.01368487 0.0
c 357.21386 88.48607 356.75858 0.11225945 0.01297469 0.0
c 357.01354 88.48607 356.75858 0.11225945 0.01226451 0.0
c 356.81321 88.48607 356.75858 0.11225945 0.01155433 0.0
c 356.61289 88.48607 356.75858 0.11225945 0.01084415 0.0
c 356.41257 88.48607 356.75858 0.11225945 0.01013397 0.0
c 356.21225 88.48607 356.75858 0.11225945 0.0094238 0.0
c 356.01192 88.48607 356.75858 0.11225945 0.00871362 0.0
c 355.8116 88.48607 356.75858 0.11225945 0.00800344 0.0
c 355.61128 88.48607 356.75858 0.11225945 0.00729326 0.0
c 355.41095 88.48607 356.75858 0.11225945 0.00658308 0.0
c 355.21063 88.48607 356.75858 0.11225945 0.0058729 0.0
c 355.01031 88.48607 356.75858 0.11225945 0.00516272 0.0
c 354.80999 88.48607 356.75858 0.11225945 0.00445255 0.0
c 354.60966 88.48607 356.75858 0.11225945 0.00374237 0.0
c 354.40934 88.48607 356.75858 0.11225945 0.00303219 0.0
c 354.20902 88.48607 356.75858 0.11225945 0.00232201 0.0
c 354.00869 88.48607 356.75858 0.11225945 0.00161183 0.0
c 353.80837 88.48607 356.75858 0.11225945 0.00090165 0.0
c 353.60805 88.48607 356.75858 0.11225945 0.00019148 0.0
c 353.40772 88.48607 356.75858 0.11225945 -0.0005187 0.0
c 353.2074 88.48607 356.75858 0.11225945 -0.00122888 0.0
c 353.00708 88.48607 356.75858 0.11225945 -0.00193906 0.0
c 352.80676 88.48607 356.75858 0.11225945 -0.00264924 0.0
c 352.60643 88.48607 356.75858 0.11225945 -0.00335942 0.0
c 352.40611 88.48607 356.75858 0.11225945 -0.00406959 0.0
c 352.20579 88.48607 356.75858 0.11225945 -0.00477977 0.0
c 352.00546 88.48607 356.75858 0.11225945 -0.00548995 0.0
c 351.80514 88.48607 356.75858 0.11225945 -0.00620013 0.0
c 351.60482 88.48607 356.75858 0.11225945 -0.00691031 0.0
c 351.4045 88.48607 356.75858 0.11225945 -0.00762049 0.0
c 351.20417 88.48607 356.75858 0.11225945 -0.00833066 0.0
c 351.00385 88.48607 356.75858 0.11225945 -0.00904084 0.0
c 350.80353 88.48607 356.75858 0.11225945 -0.00975102 0.0
c 350.6032 88.48607 356.75858 0.11225945 -0.0104612 0.0
c 350.40288 88.48607 356.75858 0.11225945 -0.01117138 0.0
c 350.20256 88.48607 356.75858 0.11225945 -0.01188156 0.0
c 350.00224 88.48607 356.75858 0.11225945 -0.01259174 0.0
c 349.80191 88.48607 356.75858 0.11225945 -0.01330191 0.0
c 349.60159 88.48607 356.75858 0.11225945 -0.01401209 0.0
c 349.40127 88.48607 356.75858 0.11225945 -0.01472227 0.0
c 349.20094 88.48607 356.75858 0.11225945 -0.01543245 0.0
c 349.00062 88.48607 356.75858 0.11225945 -0.01614263 0.0
c 348.8003 88.48607 356.75858 0.11225945 -0.01685281 0.0
c 348.59998 88.48607 356.75858 0.11225945 -0.01756298 0.0
c 348.39965 88.48607 356.75858 0.11225945 -0.01827316 0.0
c 348.19933 88.48607 356.75858 0.11225945 -0.01898334 0.0
c 347.99901 88.48607 356.75858 0.11225945 -0.01969352 0.0
c 347.79868 88.48607 356.75858 0.11225945 -0.0204037 0.0
c 347.59836 88.48607 356.75858 0.11225945 -0.02111388 0.0
c 347.39804 88.48607 356.75858 0.11225945 -0.02182405 0.0
c 347.19772 88.48607 356.75858 0.11225945 -0.02253423 0.0
c 346.99739 88.48607 356.75858 0.11225945 -0.02324441 0.0
c 346.79707 88.48607 356.75858 0.11225945 -0.02395459 0.0
c 346.59675 88.48607 356.75858 0.11225945 -0.02466477 0.0
c 346.39642 88.48607 356.75858 0.11225945 -0.02537495 0.0
c 346.1961 88.48607 356.75858 0.11225945 -0.02608513 0.0
c 345.99578 88.48607 356.75858 0.11225945 -0.0267953 0.0
c 345.79546 88.48607 356.75858 0.11225945 -0.02750548 0.0
c 345.59513 88.48607 356.75858 0.11225945 -0.02821566 0.0
c 345.39481 88.48607 356.75858 0.11225945 -0.02892584 0.0
c 345.19449 88.48607 356.75858 0.11225945 -0.02963602 0.0
c 344.99416 88.48607 356.75858 0.11225945 -0.0303462 0.0
c 344.79384 88.48607 356.75858 0.11225945 -0.03105637 0.0
c 344.59352 88.48607 356.75858 0.11225945 -0.03176655 0.0
c 344.3932 88.48607 356.75858 0.11225945 -0.03247673 0.0
c 344.19287 88.48607 356.75858 0.11225945 -0.03318691 0.0
c 343.99255 88.48607 356.75858 0.11225945 -0.03389709 0.0
c 343.79223 88.48607 356.75858 0.11225945 -0.03460727 0.0
c 343.5919 88.48607 356.75858 0.11225945 -0.03531744 0.0
c 343.39158 88.48607 356.75858 0.11225945 -0.03602762 0.0
c 343.19126 88.48607 356.75858 0.11225945 -0.0367378 0.0
c 342.99094 88.48607 356.75858 0.11225945 -0.03744798 0.0
c 342.79061 88.48607 356.75858 0.11225945 -0.03815816 0.0
c 342.59029 88.48607 356.75858 0.11225945 -0.03886834 0.0
c 342.38997 88.48607 356.75858 0.11225945 -0.03957851 0.0
c 342.18964 88.48607 356.75858 0.11225945 -0.04028869 0.0
c 341.98932 88.48607 356.75858 0.11225945 -0.04099887 0.0
c 341.789 88.48607 356.75858 0.11225945 -0.04170905 0.0
c 341.58868 88.48607 356.75858 0.11225945 -0.04241923 0.0
c 341.38835 88.48607 356.75858 0.11225945 -0.04312941 0.0
c 341.18803 88.48607 356.75858 0.11225945 -0.04383959 0.0
c 340.98771 88.48607 356.75858 0.11225945 -0.04454976 0.0
c 340.78738 88.48607 356.75858 0.11225945 -0.04525994 0.0
c 340.58706 88.48607 356.75858 0.11225945 -0.04597012 0.0
c 340.38674 88.48607 356.75858 0.11225945 -0.0466803 0.0
c 340.18642 88.48607 356.75858 0.11225945 -0.04739048 0.0
c 339.98609 88.48607 356.75858 0.11225945 -0.04810066 0.0
c 339.78577 88.48607 356.75858 0.11225945 -0.04881083 0.0
c 339.58545 88.48607 356.75858 0.11225945 -0.04952101 0.0
c 339.38512 88.48607 356.75858 0.11225945 -0.05023119 0.0
c 339.1848 88.48607 356.75858 0.11225945 -0.05094137 0.0
c 338.98448 88.48607 356.75858 0.11225945 -0.05165155 0.0
c 338.78416 88.48607 356.75858 0.11225945 -0.05236173 0.0
c 338.58383 88.48607 356.75858 0.11225945 -0.0530719 0.0
c 338.38351 88.48607 356.75858 0.11225945 -0.05378208 0.0
c 338.18319 88.48607 356.75858 0.11225945 -0.05449226 0.0
c 337.98286 88.48607 356.75858 0.11225945 -0.05520244 0.0
c 337.78254 88.48607 356.75858 0.11225945 -0.05591262 0.0
c 337.58222 88.48607 356.75858 0.11225945 -0.0566228 0.0
c 337.3819 88.48607 356.75858 0.11225945 -0.05733298 0.0
c 337.18157 88.48607 356.75858 0.11225945 -0.05804315 0.0
c 336.98125 88.48607 356.75858 0.11225945 -0.05875333 0.0
c 336.78093 88.48607 356.75858 0.11225945 -0.05946351 0.0
c 336.5806 88.48607 356.75858 0.11225945 -0.06017369 0.0
c 336.38028 88.48607 356.75858 0.11225945 -0.06088387 0.0
c 336.17996 88.48607 356.75858 0.11225945 -0.06159405 0.0
c 335.97964 88.48607 356.75858 0.11225945 -0.06230422 0.0
c 335.77931 88.48607 356.75858 0.11225945 -0.0630144 0.0
c 335.57899 88.48607 356.75858 0.11225945 -0.06372458 0.0
c 335.37867 88.48607 356.75858 0.11225945 -0.06443476 0.0
c 335.17834 88.48607 356.75858 0.11225945 -0.06514494 0.0
c 334.97802 88.48607 356.75858 0.11225945 -0.06585512 0.0
c 334.7777 88.48607 356.75858 0.11225945 -0.06656529 0.0
c 334.57738 88.48607 356.75858 0.11225945 -0.06727547 0.0
c 334.37705 88.48607 356.75858 0.11225945 -0.06798565 0.0
c 334.17673 88.48607 356.75858 0.11225945 -0.06869583 0.0
c 333.97641 88.48607 356.75858 0.11225945 -0.06940601 0.0
c 333.77608 88.48607 356.75858 0.11225945 -0.07011619 0.0
c 333.57576 88.48607 356.75858 0.11225945 -0.07082637 0.0
c 333.37544 88.48607 356.75858 0.11225945 -0.07153654 0.0
c 333.17512 88.48607 356.75858 0.11225945 -0.07224672 0.0
c 332.97479 88.48607 356.75858 0.11225945 -0.0729569 0.0
c 332.77447 88.48607 356.75858 0.11225945 -0.07366708 0.0
c 332.57415 88.48607 356.75858 0.11225945 -0.07437726 0.0
c 332.37382 88.48607 356.75858 0.11225945 -0.07508744 0.0
c 332.1735 88.48607 356.75858 0.11225945 -0.07579761 0.0
c 331.97318 88.48607 356.75858 0.11225945 -0.07650779 0.0
c 331.77286 88.48607 356.75858 0.11225945 -0.07721797 0.0
c 331.57253 88.48607 356.75858 0.11225945 -0.07792815 0.0
c 331.37221 88.48607 356.75858 0.11225945 -0.07863833 0.0
c 331.17189 88.48607 356.75858 0.11225945 -0.07934851 0.0
c 330.97156 88.48607 356.75858 0.11225945 -0.08005868 0.0
c 330.77124 88.48607 356.75858 0.11225945 -0.08076886 0.0
c 330.57092 88.48607 356.75858 0.11225945 -0.08147904 0.0
c 330.37059 88.48607 356.75858 0.11225945 -0.08218922 0.0
c 330.17027 88.48607 356.75858 0.11225945 -0.0828994 0.0
c 329.96995 88.48607 356.75858 0.11225945 -0.08360958 0.0
c 329.76963 88.48607 356.75858 0.11225945 -0.08431975 0.0
c 329.5693 88.48607 356.75858 0.11225945 -0.08502993 0.0
c 329.36898 88.48607 356.75858 0.11225945 -0.08574011 0.0
c 329.16866 88.48607 356.75858 0.11225945 -0.08645029 0.0
c 328.96833 88.48607 356.75858 0.11225945 -0.08716047 0.0
c 328.76801 88.48607 356.75858 0.11225945 -0.08787065 0.0
c 328.56769 88.48607 356.75858 0.11225945 -0.08858083 0.0
c 328.36737 88.48607 356.75858 0.11225945 -0.089291 0.0
c 328.16704 88.48607 356.75858 0.11225945 -0.09000118 0.0
c 327.96672 88.48607 356.75858 0.11225945 -0.09071136 0.0
c 327.7664 88.48607 356.75858 0.11225945 -0.09142154 0.0
c 327.56607 88.48607 356.75858 0.11225945 -0.09213172 0.0
c 327.36575 88.48607 356.75858 0.11225945 -0.0928419 0.0
c 327.16543 88.48607 356.75858 0.11225945 -0.09355207 0.0
c 326.96511 88.48607 356.75858 0.11225945 -0.09426225 0.0
c 326.76478 88.48607 356.75858 0.11225945 -0.09497243 0.0
c 326.56446 88.48607 356.75858 0.11225945 -0.09568261 0.0
c 326.36414 88.48607 356.75858 0.11225945 -0.09639279 0.0
c 326.16381 88.48607 356.75858 0.11225945 -0.09710297 0.0
c 325.96349 88.48607 356.75858 0.11225945 -0.09781314 0.0
c 325.76317 88.48607 356.75858 0.11225945 -0.09852332 0.0
c 325.56285 88.48607 356.75858 0.11225945 -0.0992335 0.0
c 325.36252 88.48607 356.75858 0.11225945 -0.09994368 0.0
c 325.1622 88.48607 356.75858 0.11225945 -0.10065386 0.0
c 324.96188 88.48607 356.75858 0.11225945 -0.10136404 0.0
c 324.76155 88.48607 356.75858 0.11225945 -0.10207422 0.0
c 324.56123 88.48607 356.75858 0.11225945 -0.10278439 0.0
c 324.36091 88.48607 356.75858 0.11225945 -0.10349457 0.0
c 324.16059 88.48607 356.75858 0.11225945 -0.10420475 0.0
c 323.96026 88.48607 356.75858 0.11225945 -0.10491493 0.0
c 323.75994 88.48607 356.75858 0.11225945 -0.10562511 0.0
c 323.55962 88.48607 356.75858 0.11225945 -0.10633529 0.0
c 323.35929 88.48607 356.75858 0.11225945 -0.10704546 0.0
c 323.15897 88.48607 356.75858 0.11225945 -0.10775564 0.0
c 322.95865 88.48607 356.75858 0.11225945 -0.10846582 0.0
c 322.75833 88.48607 356.75858 0.11225945 -0.109176 0.0
c 322.558 88.48607 356.75858 0.11225945 -0.10988618 0.0
c 322.35768 88.48607 356.75858 0.11225945 -0.11059636 0.0
c 322.15736 88.48607 356.75858 0.11225945 -0.11130653 0.0
c 321.95703 88.48607 356.75858 0.11225945 -0.11201671 0.0
c 321.75671 88.48607 356.75858 0.11225945 -0.11272689 0.0
c 321.55639 88.48607 356.75858 0.11225945 -0.11343707 0.0
c 321.35607 88.48607 356.75858 0.11225945 -0.11414725 0.0
c 321.15574 88.48607 356.75858 0.11225945 -0.11485743 0.0
c 320.95542 88.48607 356.75858 0.11225945 -0.1155676 0.0
c 320.7551 88.48607 356.75858 0.11225945 -0.11627778 0.0
c 320.55477 88.48607 356.75858 0.11225945 -0.11698796 0.0
c 320.35445 88.48607 356.75858 0.11225945 -0.11769814 0.0
c 320.15413 88.48607 356.75858 0.11225945 -0.11840832 0.0
c 319.95381 88.48607 356.75858 0.11225945 -0.1191185 0.0
c 319.75348 88.48607 356.75858 0.11225945 -0.11982868 0.0
c 319.55316 88.48607 356.75858 0.11225945 -0.12053885 0.0
c 319.35284 88.48607 356.75858 0.11225945 -0.12124903 0.0
c 319.15251 88.48607 356.75858 0.11225945 -0.12195921 0.0
c 318.95219 88.48607 356.75858 0.11225945 -0.12266939 0.0
c 318.75187 88.48607 356.75858 0.11225945 -0.12337957 0.0
c 318.55155 88.48607 356.75858 0.11225945 -0.12408975 0.0
c 318.35122 88.48607 356.75858 0.11225945 -0.12479992 0.0
c 318.1509 88.48607 356.75858 0.11225945 -0.1255101 0.0
c 317.95058 88.48607 356.75858 0.11225945 -0.12622028 0.0
c 317.75025 88.48607 356.75858 0.11225945 -0.12693046 0.0
c 317.54993 88.48607 356.75858 0.11225945 -0.12764064 0.0
c 317.34961 88.48607 356.75858 0.11225945 -0.12835082 0.0
c 317.14929 88.48607 356.75858 0.11225945 -0.12906099 0.0
c 316.94896 88.48607 356.75858 0.11225945 -0.12977117 0.0
c 316.74864 88.48607 356.75858 0.11225945 -0.13048135 0.0
c 316.54832 88.48607 356.75858 0.11225945 -0.13119153 0.0
c 316.34799 88.48607 356.75858 0.11225945 -0.13190171 0.0
c 316.14767 88.48607 356.75858 0.11225945 -0.13261189 0.0
c 315.94735 88.48607 356.75858 0.11225945 -0.13332207 0.0
c 315.74703 88.48607 356.75858 0.11225945 -0.13403224 0.0
c 315.5467 88.48607 356.75858 0.11225945 -0.13474242 0.0
c 315.34638 88.48607 356.75858 0.11225945 -0.1354526 0.0
c 315.14606 88.48607 356.75858 0.11225945 -0.13616278 0.0
c 314.94573 88.48607 356.75858 0.11225945 -0.13687296 0.0
c 314.74541 88.48607 356.75858 0.11225945 -0.13758314 0.0
c 314.54509 88.48607 356.75858 0.11225945 -0.13829331 0.0
c 314.34477 88.48607 356.75858 0.11225945 -0.13900349 0.0
c 314.14444 88.48607 356.75858 0.11225945 -0.13971367 0.0
c 313.94412 88.48607 356.75858 0.11225945 -0.14042385 0.0
c 313.7438 88.48607 356.75858 0.11225945 -0.14113403 0.0
c 313.54347 88.48607 356.75858 0.11225945 -0.14184421 0.0
c 313.34315 88.48607 356.75858 0.11225945 -0.14255438 0.0
c 313.14283 88.48607 356.75858 0.11225945 -0.14326456 0.0
c 312.94251 88.48607 356.75858 0.11225945 -0.14397474 0.0
c 312.74218 88.48607 356.75858 0.11225945 -0.14468492 0.0
c 312.54186 88.48607 356.75858 0.11225945 -0.1453951 0.0
c 312.34154 88.48607 356.75858 0.11225945 -0.14610528 0.0
c 312.14121 88.48607 356.75858 0.11225945 -0.14681546 0.0
c 311.94089 88.48607 356.75858 0.11225945 -0.14752563 0.0
c 311.74057 88.48607 356.75858 0.11225945 -0.14823581 0.0
c 311.54025 88.48607 356.75858 0.11225945 -0.14894599 0.0
c 311.33992 88.48607 356.75858 0.11225945 -0.14965617 0.0
c 311.1396 88.48607 356.75858 0.11225945 -0.15036635 0.0
c 310.93928 88.48607 356.75858 0.11225945 -0.15107653 0.0
c 310.73895 88.48607 356.75858 0.11225945 -0.1517867 0.0
c 310.53863 88.48607 356.75858 0.11225945 -0.15249688 0.0
c 310.33831 88.48607 356.75858 0.11225945 -0.15320706 0.0
c 310.13799 88.48607 356.75858 0.11225945 -0.15391724 0.0
c 309.93766 88.48607 356.75858 0.11225945 -0.15462742 0.0
c 309.73734 88.48607 356.75858 0.11225945 -0.1553376 0.0
c 309.53702 88.48607 356.75858 0.11225945 -0.15604777 0.0
c 309.33669 88.48607 356.75858 0.11225945 -0.15675795 0.0
c 309.13637 88.48607 356.75858 0.11225945 -0.15746813 0.0
c 308.93605 88.48607 356.75858 0.11225945 -0.15817831 0.0
c 308.73573 88.48607 356.75858 0.11225945 -0.15888849 0.0
c 308.5354 88.48607 356.75858 0.11225945 -0.15959867 0.0
c 308.33508 88.48607 356.75858 0.11225945 -0.16030884 0.0
c 308.13476 88.48607 356.75858 0.11225945 -0.16101902 0.0
c 307.93443 88.48607 356.75858 0.11225945 -0.1617292 0.0
c 307.73411 88.48607 356.75858 0.11225945 -0.16243938 0.0
c 307.53379 88.48607 356.75858 0.11225945 -0.16314956 0.0
c 307.33347 88.48607 356.75858 0.11225945 -0.16385974 0.0
c 307.13314 88.48607 356.75858 0.11225945 -0.16456992 0.0
c 306.93282 88.48607 356.75858 0.11225945 -0.16528009 0.0
c 306.7325 88.48607 356.75858 0.11225945 -0.16599027 0.0
c 306.53217 88.48607 356.75858 0.11225945 -0.16670045 0.0
c 306.33185 88.48607 356.75858 0.11225945 -0.16741063 0.0
c 306.13153 88.48607 356.75858 0.11225945 -0.16812081 0.0
c 305.9312 88.48607 356.75858 0.11225945 -0.16883099 0.0
c 305.73088 88.48607 356.75858 0.11225945 -0.16954116 0.0
c 305.53056 88.48607 356.75858 0.11225945 -0.17025134 0.0
c 305.33024 88.48607 356.75858 0.11225945 -0.17096152 0.0
c 305.12991 88.48607 356.75858 0.11225945 -0.1716717 0.0
c 304.92959 88.48607 356.75858 0.11225945 -0.17238188 0.0
c 304.72927 88.48607 356.75858 0.11225945 -0.17309206 0.0
c 304.52894 88.48607 356.75858 0.11225945 -0.17380223 0.0
c 304.32862 88.48607 356.75858 0.11225945 -0.17451241 0.0
c 304.1283 88.48607 356.75858 0.11225945 -0.17522259 0.0
c 303.92798 88.48607 356.75858 0.11225945 -0.17593277 0.0
c 303.72765 88.48607 356.75858 0.11225945 -0.17664295 0.0
c 303.52733 88.48607 356.75858 0.11225945 -0.17735313 0.0
c 303.32701 88.48607 356.75858 0.11225945 -0.17806331 0.0
c 303.12668 88.48607 356.75858 0.11225945 -0.17877348 0.0
c 302.92636 88.48607 356.75858 0.11225945 -0.17948366 0.0
c 302.72604 88.48607 356.75858 0.11225945 -0.18019384 0.0
c 302.52572 88.48607 356.75858 0.11225945 -0.18090402 0.0
c 302.32539 88.48607 356.75858 0.11225945 -0.1816142 0.0
c 302.12507 88.48607 356.75858 0.11225945 -0.18232438 0.0
c 301.92475 88.48607 356.75858 0.11225945 -0.18303455 0.0
c 301.72442 88.48607 356.75858 0.11225945 -0.18374473 0.0
c 301.5241 88.48607 356.75858 0.11225945 -0.18445491 0.0
c 301.32378 88.48607 356.75858 0.11225945 -0.18516509 0.0
c 301.12346 88.48607 356.75858 0.11225945 -0.18587527 0.0
c 300.92313 88.48607 356.75858 0.11225945 -0.18658545 0.0
c 300.72281 88.48607 356.75858 0.11225945 -0.18729562 0.0
c 300.52249 88.48607 356.75858 0.11225945 -0.1880058 0.0
c 300.32216 88.48607 356.75858 0.11225945 -0.18871598 0.0
c 300.12184 88.48607 356.75858 0.11225945 -0.18942616 0.0
c 299.92152 88.48607 356.75858 0.11225945 -0.19013634 0.0
c 299.7212 88.48607 356.75858 0.11225945 -0.19084652 0.0
c 299.52087 88.48607 356.75858 0.11225945 -0.19155669 0.0
c 299.32055 88.48607 356.75858 0.11225945 -0.19226687 0.0
c 299.12023 88.48607 356.75858 0.11225945 -0.19297705 0.0
c 298.9199 88.48607 356.75858 0.11225945 -0.19368723 0.0
c 298.71958 88.48607 356.75858 0.11225945 -0.19439741 0.0
c 298.51926 88.48607 356.75858 0.11225945 -0.19510759 0.0
c 298.31894 88.48607 356.75858 0.11225945 -0.19581777 0.0
c 298.11861 88.48607 356.75858 0.11225945 -0.19652794 0.0
c 297.91829 88.48607 356.75858 0.11225945 -0.19723812 0.0
c 297.71797 88.48607 356.75858 0.11225945 -0.1979483 0.0
c 297.51764 88.48607 356.75858 0.11225945 -0.19865848 0.0
c 297.31732 88.48607 356.75858 0.11225945 -0.19936866 0.0
c 297.117 88.48607 356.75858 0.11225945 -0.20007884 0.0
c 296.91668 88.48607 356.75858 0.11225945 -0.20078901 0.0
c 296.71635 88.48607 356.75858 0.11225945 -0.20149919 0.0
c 296.51603 88.48607 356.75858 0.11225945 -0.20220937 0.0
c 296.31571 88.48607 356.75858 0.11225945 -0.20291955 0.0
c 296.11538 88.48607 356.75858 0.11225945 -0.20362973 0.0
c 295.91506 88.48607 356.75858 0.11225945 -0.20433991 0.0
c 295.71474 88.48607 356.75858 0.11225945 -0.20505008 0.0
c 295.51442 88.48607 356.75858 0.11225945 -0.20576026 0.0
c 295.31409 88.48607 356.75858 0.11225945 -0.20647044 0.0
c 295.11377 88.48607 356.75858 0.11225945 -0.20718062 0.0
c 294.91345 88.48607 356.75858 0.11225945 -0.2078908 0.0
c 294.71312 88.48607 356.75858 0.11225945 -0.20860098 0.0
c 294.5128 88.48607 356.75858 0.11225945 -0.20931116 0.0
c 294.31248 88.48607 356.75858 0.11225945 -0.21002133 0.0
c 294.11216 88.48607 356.75858 0.11225945 -0.21073151 0.0
c 293.91183 88.48607 356.75858 0.11225945 -0.21144169 0.0
c 293.71151 88.48607 356.75858 0.11225945 -0.21215187 0.0
c 293.51119 88.48607 356.75858 0.11225945 -0.21286205 0.0
c 293.31086 88.48607 356.75858 0.11225945 -0.21357223 0.0
c 293.11054 88.48607 356.75858 0.11225945 -0.2142824 0.0
c 292.91022 88.48607 356.75858 0.11225945 -0.21499258 0.0
c 292.7099 88.48607 356.75858 0.11225945 -0.21570276 0.0
c 292.50957 88.48607 356.75858 0.11225945 -0.21641294 0.0
c 292.30925 88.48607 356.75858 0.11225945 -0.21712312 0.0
c 292.10893 88.48607 356.75858 0.11225945 -0.2178333 0.0
c 291.9086 88.48607 356.75858 0.11225945 -0.21854347 0.0
c 291.70828 88.48607 356.75858 0.11225945 -0.21925365 0.0
c 291.50796 88.48607 356.75858 0.11225945 -0.21996383 0.0
c 291.30764 88.48607 356.75858 0.11225945 -0.22067401 0.0
c 291.10731 88.48607 356.75858 0.11225945 -0.22138419 0.0
c 290.90699 88.48607 356.75858 0.11225945 -0.22209437 0.0
c 290.70667 88.48607 356.75858 0.11225945 -0.22280455 0.0
c 290.50634 88.48607 356.75858 0.11225945 -0.22351472 0.0
c 290.30602 88.48607 356.75858 0.11225945 -0.2242249 0.0
c 290.1057 88.48607 356.75858 0.11225945 -0.22493508 0.0
c 289.90538 88.48607 356.75858 0.11225945 -0.22564526 0.0
c 289.70505 88.48607 356.75858 0.11225945 -0.22635544 0.0
c 289.50473 88.48607 356.75858 0.11225945 -0.22706562 0.0
c 289.30441 88.48607 356.75858 0.11225945 -0.22777579 0.0
c 289.10408 88.48607 356.75858 0.11225945 -0.22848597 0.0
c 288.90376 88.48607 356.75858 0.11225945 -0.22919615 0.0
c 288.70344 88.48607 356.75858 0.11225945 -0.22990633 0.0
c 288.50312 88.48607 356.75858 0.11225945 -0.23061651 0.0
c 288.30279 88.48607 356.75858 0.11225945 -0.23132669 0.0
c 288.10247 88.48607 356.75858 0.11225945 -0.23203686 0.0
c 287.90215 88.48607 356.75858 0.11225945 -0.23274704 0.0
c 287.70182 88.48607 356.75858 0.11225945 -0.23345722 0.0
c 287.5015 88.48607 356.75858 0.11225945 -0.2341674 0.0
c 287.30118 88.48607 356.75858 0.11225945 -0.23487758 0.0
c 287.10086 88.48607 356.75858 0.11225945 -0.23558776 0.0
c 286.90053 88.48607 356.75858 0.11225945 -0.23629793 0.0
c 286.70021 88.48607 356.75858 0.11225945 -0.23700811 0.0
c 286.49989 88.48607 356.75858 0.11225945 -0.23771829 0.0
c 286.29956 88.48607 356.75858 0.11225945 -0.23842847 0.0
c 286.09924 88.48607 356.75858 0.11225945 -0.23913865 0.0
c 285.89892 88.48607 356.75858 0.11225945 -0.23984883 0.0
c 285.6986 88.48607 356.75858 0.11225945 -0.24055901 0.0
c 285.49827 88.48607 356.75858 0.11225945 -0.24126918 0.0
c 285.29795 88.48607 356.75858 0.11225945 -0.24197936 0.0
c 285.09763 88.48607 356.75858 0.11225945 -0.24268954 0.0
c 284.8973 88.48607 356.75858 0.11225945 -0.24339972 0.0
c 284.69698 88.48607 356.75858 0.11225945 -0.2441099 0.0
c 284.49666 88.48607 356.75858 0.11225945 -0.24482008 0.0
c 284.29634 88.48607 356.75858 0.11225945 -0.24553025 0.0
c 284.09601 88.48607 356.75858 0.11225945 -0.24624043 0.0
c 283.89569 88.48607 356.75858 0.11225945 -0.24695061 0.0
c 283.69537 88.48607 356.75858 0.11225945 -0.24766079 0.0
c 283.49504 88.48607 356.75858 0.11225945 -0.24837097 0.0
c 283.29472 88.48607 356.75858 0.11225945 -0.24908115 0.0
c 283.0944 88.48607 356.75858 0.11225945 -0.24979132 0.0
c 282.89407 88.48607 356.75858 0.11225945 -0.2505015 0.0
c 282.69375 88.48607 356.75858 0.11225945 -0.25121168 0.0
c 282.49343 88.48607 356.75858 0.11225945 -0.25192186 0.0
c 282.29311 88.48607 356.75858 0.11225945 -0.25263204 0.0
c 282.09278 88.48607 356.75858 0.11225945 -0.25334222 0.0
c 281.89246 88.48607 356.75858 0.11225945 -0.2540524 0.0
c 281.69214 88.48607 356.75858 0.11225945 -0.25476257 0.0
c 281.49181 88.48607 356.75858 0.11225945 -0.25547275 0.0
c 281.29149 88.48607 356.75858 0.11225945 -0.25618293 0.0
c 281.09117 88.48607 356.75858 0.11225945 -0.25689311 0.0
c 280.89085 88.48607 356.75858 0.11225945 -0.25760329 0.0
c 280.69052 88.48607 356.75858 0.11225945 -0.25831347 0.0
c 280.4902 88.48607 356.75858 0.11225945 -0.25902364 0.0
c 280.28988 88.48607 356.75858 0.11225945 -0.25973382 0.0
c 280.08955 88.48607 356.75858 0.11225945 -0.260444 0.0
c 279.88923 88.48607 356.75858 0.11225945 -0.26115418 0.0
c 279.68891 88.48607 356.75858 0.11225945 -0.26186436 0.0
c 279.48859 88.48607 356.75858 0.11225945 -0.26257454 0.0
c 279.28826 88.48607 356.75858 0.11225945 -0.26328471 0.0
c 279.08794 88.48607 356.75858 0.11225945 -0.26399489 0.0
c 278.88762 88.48607 356.75858 0.11225945 -0.26470507 0.0
c 278.68729 88.48607 356.75858 0.11225945 -0.26541525 0.0
c 278.48697 88.48607 356.75858 0.11225945 -0.26612543 0.0
c 278.28665 88.48607 356.75858 0.11225945 -0.26683561 0.0
c 278.08633 88.48607 356.75858 0.11225945 -0.26754578 0.0
c 277.886 88.48607 356.75858 0.11225945 -0.26825596 0.0
c 277.68568 88.48607 356.75858 0.11225945 -0.26896614 0.0
c 277.48536 88.48607 356.75858 0.11225945 -0.26967632 0.0
c 277.28503 88.48607 356.75858 0.11225945 -0.2703865 0.0
c 277.08471 88.48607 356.75858 0.11225945 -0.27109668 0.0
c 276.88439 88.48607 356.75858 0.11225945 -0.27180686 0.0
c 276.68407 88.48607 356.75858 0.11225945 -0.27251703 0.0
c 276.48374 88.48607 356.75858 0.11225945 -0.27322721 0.0
c 276.28342 88.48607 356.75858 0.11225945 -0.27393739 0.0
c 276.0831 88.48607 356.75858 0.11225945 -0.27464757 0.0
c 275.88277 88.48607 356.75858 0.11225945 -0.27535775 0.0
c 275.68245 88.48607 356.75858 0.11225945 -0.27606793 0.0
c 275.48213 88.48607 356.75858 0.11225945 -0.2767781 0.0
c 275.28181 88.48607 356.75858 0.11225945 -0.27748828 0.0
c 275.08148 88.48607 356.75858 0.11225945 -0.27819846 0.0
c 274.88116 88.48607 356.75858 0.11225945 -0.27890864 0.0
c 274.68084 88.48607 356.75858 0.11225945 -0.27961882 0.0
c 274.48051 88.48607 356.75858 0.11225945 -0.280329 0.0
c 274.28019 88.48607 356.75858 0.11225945 -0.28103917 0.0
c 274.07987 88.48607 356.75858 0.11225945 -0.28174935 0.0
c 273.87955 88.48607 356.75858 0.11225945 -0.28245953 0.0
c 273.67922 88.48607 356.75858 0.11225945 -0.28316971 0.0
c 273.4789 88.48607 356.75858 0.11225945 -0.28387989 0.0
c 273.27858 88.48607 356.75858 0.11225945 -0.28459007 0.0
c 273.07825 88.48607 356.75858 0.11225945 -0.28530025 0.0
c 272.87793 88.48607 356.75858 0.11225945 -0.28601042 0.0
c 272.67761 88.48607 356.75858 0.11225945 -0.2867206 0.0
c 272.47729 88.48607 356.75858 0.11225945 -0.28743078 0.0
c 272.27696 88.48607 356.75858 0.11225945 -0.28814096 0.0
c 272.07664 88.48607 356.75858 0.11225945 -0.28885114 0.0
c 271.87632 88.48607 356.75858 0.11225945 -0.28956132 0.0
c 271.67599 88.48607 356.75858 0.11225945 -0.29027149 0.0
c 271.47567 88.48607 356.75858 0.11225945 -0.29098167 0.0
c 271.27535 88.48607 356.75858 0.11225945 -0.29169185 0.0
c 271.07503 88.48607 356.75858 0.11225945 -0.29240203 0.0
c 270.8747 88.48607 356.75858 0.11225945 -0.29311221 0.0
c 270.67438 88.48607 356.75858 0.11225945 -0.29382239 0.0
c 270.47406 88.48607 356.75858 0.11225945 -0.29453256 0.0
c 270.27373 88.48607 356.75858 0.11225945 -0.29524274 0.0
c 270.07341 88.48607 356.75858 0.11225945 -0.29595292 0.0
c 269.87309 88.48607 356.75858 0.11225945 -0.2966631 0.0
c 269.67277 88.48607 356.75858 0.11225945 -0.29737328 0.0
c 269.47244 88.48607 356.75858 0.11225945 -0.29808346 0.0
c 269.27212 88.48607 356.75858 0.11225945 -0.29879364 0.0
c 269.0718 88.48607 356.75858 0.11225945 -0.29950381 0.0
c 268.87147 88.48607 356.75858 0.11225945 -0.30021399 0.0
c 268.67115 88.48607 356.75858 0.11225945 -0.30092417 0.0
c 268.47083 88.48607 356.75858 0.11225945 -0.30163435 0.0
c 268.27051 88.48607 356.75858 0.11225945 -0.30234453 0.0
c 268.07018 88.48607 356.75858 0.11225945 -0.30305471 0.0
c 267.86986 88.48607 356.75858 0.11225945 -0.30376488 0.0
c 267.66954 88.48607 356.75858 0.11225945 -0.30447506 0.0
c 267.46921 88.48607 356.75858 0.11225945 -0.30518524 0.0
c 267.26889 88.48607 356.75858 0.11225945 -0.30589542 0.0
c 267.06857 88.48607 356.75858 0.11225945 -0.3066056 0.0
c 266.86825 88.48607 356.75858 0.11225945 -0.30731578 0.0
c 266.66792 88.48607 356.75858 0.11225945 -0.30802595 0.0
c 266.4676 88.48607 356.75858 0.11225945 -0.30873613 0.0
c 266.26728 88.48607 356.75858 0.11225945 -0.30944631 0.0
c 266.06695 88.48607 356.75858 0.11225945 -0.31015649 0.0
c 265.86663 88.48607 356.75858 0.11225945 -0.31086667 0.0
c 265.66631 88.48607 356.75858 0.11225945 -0.31157685 0.0
c 265.46599 88.48607 356.75858 0.11225945 -0.31228702 0.0
c 265.26566 88.48607 356.75858 0.11225945 -0.3129972 0.0
c 265.06534 88.48607 356.75858 0.11225945 -0.31370738 0.0
c 264.86502 88.48607 356.75858 0.11225945 -0.31441756 0.0
c 264.66469 88.48607 356.75858 0.11225945 -0.31512774 0.0
c 264.46437 88.48607 356.75858 0.11225945 -0.31583792 0.0
c 264.26405 88.48607 356.75858 0.11225945 -0.3165481 0.0
c 264.06373 88.48607 356.75858 0.11225945 -0.31725827 0.0
c 263.8634 88.48607 356.75858 0.11225945 -0.31796845 0.0
c 263.66308 88.48607 356.75858 0.11225945 -0.31867863 0.0
c 263.46276 88.48607 356.75858 0.11225945 -0.31938881 0.0
c 263.26243 88.48607 356.75858 0.11225945 -0.32009899 0.0
c 263.06211 88.48607 356.75858 0.11225945 -0.32080917 0.0
c 262.86179 88.48607 356.75858 0.11225945 -0.32151934 0.0
c 262.66147 88.48607 356.75858 0.11225945 -0.32222952 0.0
c 262.46114 88.48607 356.75858 0.11225945 -0.3229397 0.0
c 262.26082 88.48607 356.75858 0.11225945 -0.32364988 0.0
c 262.0605 88.48607 356.75858 0.11225945 -0.32436006 0.0
c 261.86017 88.48607 356.75858 0.11225945 -0.32507024 0.0
c 261.65985 88.48607 356.75858 0.11225945 -0.32578041 0.0
c 261.45953 88.48607 356.75858 0.11225945 -0.32649059 0.0
c 261.25921 88.48607 356.75858 0.11225945 -0.32720077 0.0
c 261.05888 88.48607 356.75858 0.11225945 -0.32791095 0.0
c 260.85856 88.48607 356.75858 0.11225945 -0.32862113 0.0
c 260.65824 88.48607 356.75858 0.11225945 -0.32933131 0.0
c 260.45791 88.48607 356.75858 0.11225945 -0.33004149 0.0
c 260.25759 88.48607 356.75858 0.11225945 -0.33075166 0.0
c 260.05727 88.48607 356.75858 0.11225945 -0.33146184 0.0
c 259.85695 88.48607 356.75858 0.11225945 -0.33217202 0.0
c 259.65662 88.48607 356.75858 0.11225945 -0.3328822 0.0
c 259.4563 88.48607 356.75858 0.11225945 -0.33359238 0.0
c 259.25598 88.48607 356.75858 0.11225945 -0.33430256 0.0
c 259.05565 88.48607 356.75858 0.11225945 -0.33501273 0.0
c 258.85533 88.48607 356.75858 0.11225945 -0.33572291 0.0
c 258.65501 88.48607 356.75858 0.11225945 -0.33643309 0.0
c 258.45468 88.48607 356.75858 0.11225945 -0.33714327 0.0
c 258.25436 88.48607 356.75858 0.11225945 -0.33785345 0.0
c 258.05404 88.48607 356.75858 0.11225945 -0.33856363 0.0
c 257.85372 88.48607 356.75858 0.11225945 -0.3392738 0.0
c 257.65339 88.48607 356.75858 0.11225945 -0.33998398 0.0
c 257.45307 88.48607 356.75858 0.11225945 -0.34069416 0.0
c 257.25275 88.48607 356.75858 0.11225945 -0.34140434 0.0
c 257.05242 88.48607 356.75858 0.11225945 -0.34211452 0.0
c 256.8521 88.48607 356.75858 0.11225945 -0.3428247 0.0
c 256.65178 88.48607 356.75858 0.11225945 -0.34353487 0.0
c 256.45146 88.48607 356.75858 0.11225945 -0.34424505 0.0
c 256.25113 88.48607 356.75858 0.11225945 -0.34495523 0.0
c 256.05081 88.48607 356.75858 0.11225945 -0.34566541 0.0
c 255.85049 88.48607 356.75858 0.11225945 -0.34637559 0.0
c 255.65016 88.48607 356.75858 0.11225945 -0.34708577 0.0
c 255.44984 88.48607 356.75858 0.11225945 -0.34779595 0.0
c 255.24952 88.48607 356.75858 0.11225945 -0.34850612 0.0
c 255.0492 88.48607 356.75858 0.11225945 -0.3492163 0.0
c 254.84887 88.48607 356.75858 0.11225945 -0.34992648 0.0
c 254.64855 88.48607 356.75858 0.11225945 -0.35063666 0.0
c 254.44823 88.48607 356.75858 0.11225945 -0.35134684 0.0
c 254.2479 88.48607 356.75858 0.11225945 -0.35205702 0.0
c 254.04758 88.48607 356.75858 0.11225945 -0.35276719 0.0
c 253.84726 88.48607 356.75858 0.11225945 -0.35347737 0.0
c 253.64694 88.48607 356.75858 0.11225945 -0.35418755 0.0
c 253.44661 88.48607 356.75858 0.11225945 -0.35489773 0.0
c 253.24629 88.48607 356.75858 0.11225945 -0.35560791 0.0
c 253.04597 88.48607 356.75858 0.11225945 -0.35631809 0.0
c 252.84564 88.48607 356.75858 0.11225945 -0.35702826 0.0
c 252.64532 88.48607 356.75858 0.11225945 -0.35773844 0.0
c 252.445 88.48607 356.75858 0.11225945 -0.35844862 0.0
c 252.24468 88.48607 356.75858 0.11225945 -0.3591588 0.0
c 252.24468 88.48607 356.75858 0.11225945 -0.3591588 0.0
c 252.24468 88.48607 356.75858 0.11225945 -0.35715139 0.0
c 252.24468 88.48607 356.75858 0.11225945 -0.35514398 0.0
c 252.24468 88.48607 356.75858 0.11225945 -0.35313657 0.0
c 252.24468 88.48607 356.75858 0.11225945 -0.35112916 0.0
c 252.24468 88.48607 356.75858 0.11225945 -0.34912175 0.0
c 252.24468 88.48607 356.75858 0.11225945 -0.34711434 0.0
c 252.24468 88.48607 356.75858 0.11225945 -0.34510693 0.0
c 252.24468 88.48607 356.75858 0.11225945 -0.34309952 0.0
c 252.24468 88.48607 356.75858 0.11225945 -0.34109211 0.0
c 252.24468 88.48607 356.75858 0.11225945 -0.3390847 0.0
c 252.24468 88.48607 356.75858 0.11225945 -0.33707729 0.0
c 252.24468 88.48607 356.75858 0.11225945 -0.33506988 0.0
c 252.24468 88.48607 356.75858 0.11225945 -0.33306247 0.0
c 252.24468 88.48607 356.75858 0.11225945 -0.33105506 0.0
c 252.24468 88.48607 356.75858 0.11225945 -0.32904765 0.0
c 252.24468 88.48607 356.75858 0.11225945 -0.32704025 0.0
c 252.24468 88.48607 356.75858 0.11225945 -0.32503284 0.0
c 252.24468 88.48607 356.75858 0.11225945 -0.32302543 0.0
c 252.24468 88.48607 356.75858 0.11225945 -0.32101802 0.0
c 252.24468 88.48607 356.75858 0.11225945 -0.31901061 0.0
c 252.24468 88.48607 356.75858 0.11225945 -0.3170032 0.0
c 252.24468 88.48607 356.75858 0.11225945 -0.31499579 0.0
c 252.24468 88.48607 356.75858 0.11225945 -0.31298838 0.0
c 252.24468 88.48607 356.75858 0.11225945 -0.31098097 0.0
c 252.24468 88.48607 356.75858 0.11225945 -0.30897356 0.0
c 252.24468 88.48607 356.75858 0.11225945 -0.30696615 0.0
c 252.24468 88.48607 356.75858 0.11225945 -0.30495874 0.0
c 252.24468 88.48607 356.75858 0.11225945 -0.30295133 0.0
c 252.24468 88.48607 356.75858 0.11225945 -0.30094392 0.0
c 252.24468 88.48607 356.75858 0.11225945 -0.29893651 0.0
c 252.24468 88.48607 356.75858 0.11225945 -0.2969291 0.0
c 252.24468 88.48607 356.75858 0.11225945 -0.29492169 0.0
c 252.24468 88.48607 356.75858 0.11225945 -0.29291428 0.0
c 252.24468 88.48607 356.75858 0.11225945 -0.29090687 0.0
c 252.24468 88.48607 356.75858 0.11225945 -0.28889946 0.0
c 252.24468 88.48607 356.75858 0.11225945 -0.28689205 0.0
c 252.24468 88.48607 356.75858 0.11225945 -0.28488464 0.0
c 252.24468 88.48607 356.75858 0.11225945 -0.28287723 0.0
c 252.24468 88.48607 356.75858 0.11225945 -0.28086982 0.0
c 252.24468 88.48607 356.75858 0.11225945 -0.27886241 0.0
c 252.24468 88.48607 356.75858 0.11225945 -0.276855 0.0
c 252.24468 88.48607 356.75858 0.11225945 -0.27484759 0.0
c 252.24468 88.48607 356.75858 0.11225945 -0.27284018 0.0
c 252.24468 88.48607 356.75858 0.11225945 -0.27083277 0.0
c 252.24468 88.48607 356.75858 0.11225945 -0.26882536 0.0
c 252.24468 88.48607 356.75858 0.11225945 -0.26681796 0.0
c 252.24468 88.48607 356.75858 0.11225945 -0.26481055 0.0
c 252.24468 88.48607 356.75858 0.11225945 -0.26280314 0.0
c 252.24468 88.48607 356.75858 0.11225945 -0.26079573 0.0
c 252.24468 88.48607 356.75858 0.11225945 -0.25878832 0.0
c 252.24468 88.48607 356.75858 0.11225945 -0.25678091 0.0
c 252.24468 88.48607 356.75858 0.11225945 -0.2547735 0.0
c 252.24468 88.48607 356.75858 0.11225945 -0.25276609 0.0
c 252.24468 88.48607 356.75858 0.11225945 -0.25075868 0.0
c 252.24468 88.48607 356.75858 0.11225945 -0.24875127 0.0
c 252.24468 88.48607 356.75858 0.11225945 -0.24674386 0.0
c 252.24468 88.48607 356.75858 0.11225945 -0.24473645 0.0
c 252.24468 88.48607 356.75858 0.11225945 -0.24272904 0.0
c 252.24468 88.48607 356.75858 0.11225945 -0.24072163 0.0
c 252.24468 88.48607 356.75858 0.11225945 -0.23871422 0.0
c 252.24468 88.48607 356.75858 0.11225945 -0.23670681 0.0
c 252.24468 88.48607 356.75858 0.11225945 -0.2346994 0.0
c 252.24468 88.48607 356.75858 0.11225945 -0.23269199 0.0
c 252.24468 88.48607 356.75858 0.11225945 -0.23068458 0.0
c 252.24468 88.48607 356.75858 0.11225945 -0.22867717 0.0
c 252.24468 88.48607 356.75858 0.11225945 -0.22666976 0.0
c 252.24468 88.48607 356.75858 0.11225945 -0.22466235 0.0
c 252.24468 88.48607 356.75858 0.11225945 -0.22265494 0.0
c 252.24468 88.48607 356.75858 0.11225945 -0.22064753 0.0
c 252.24468 88.48607 356.75858 0.11225945 -0.21864012 0.0
c 252.24468 88.48607 356.75858 0.11225945 -0.21663271 0.0
c 252.24468 88.48607 356.75858 0.11225945 -0.2146253 0.0
c 252.24468 88.48607 356.75858 0.11225945 -0.21261789 0.0
c 252.24468 88.48607 356.75858 0.11225945 -0.21061048 0.0
c 252.24468 88.48607 356.75858 0.11225945 -0.20860307 0.0
c 252.24468 88.48607 356.75858 0.11225945 -0.20659567 0.0
c 252.24468 88.48607 356.75858 0.11225945 -0.20458826 0.0
c 252.24468 88.48607 356.75858 0.11225945 -0.20258085 0.0
c 252.24468 88.48607 356.75858 0.11225945 -0.20057344 0.0
c 252.24468 88.48607 356.75858 0.11225945 -0.19856603 0.0
c 252.24468 88.48607 356.75858 0.11225945 -0.19655862 0.0
c 252.24468 88.48607 356.75858 0.11225945 -0.19455121 0.0
c 252.24468 88.48607 356.75858 0.11225945 -0.1925438 0.0
c 252.24468 88.48607 356.75858 0.11225945 -0.19053639 0.0
c 252.24468 88.48607 356.75858 0.11225945 -0.18852898 0.0
c 252.24468 88.48607 356.75858 0.11225945 -0.18652157 0.0
c 252.24468 88.48607 356.75858 0.11225945 -0.18451416 0.0
c 252.24468 88.48607 356.75858 0.11225945 -0.18250675 0.0
c 252.24468 88.48607 356.75858 0.11225945 -0.18049934 0.0
c 252.24468 88.48607 356.75858 0.11225945 -0.17849193 0.0
c 252.24468 88.48607 356.75858 0.11225945 -0.17648452 0.0
c 252.24468 88.48607 356.75858 0.11225945 -0.17447711 0.0
c 252.24468 88.48607 356.75858 0.11225945 -0.1724697 0.0
c 252.24468 88.48607 356.75858 0.11225945 -0.17046229 0.0
c 252.24468 88.48607 356.75858 0.11225945 -0.16845488 0.0
c 252.24468 88.48607 356.75858 0.11225945 -0.16644747 0.0
c 252.24468 88.48607 356.75858 0.11225945 -0.16444006 0.0
c 252.24468 88.48607 356.75858 0.11225945 -0.16243265 0.0
c 252.24468 88.48607 356.75858 0.11225945 -0.16042524 0.0
c 252.24468 88.48607 356.75858 0.11225945 -0.15841783 0.0
c 252.24468 88.48607 356.75858 0.11225945 -0.15641042 0.0
c 252.24468 88.48607 356.75858 0.11225945 -0.15440301 0.0
c 252.24468 88.48607 356.75858 0.11225945 -0.1523956 0.0
c 252.24468 88.48607 356.75858 0.11225945 -0.15038819 0.0
c 252.24468 88.48607 356.75858 0.11225945 -0.14838078 0.0
c 252.24468 88.48607 356.75858 0.11225945 -0.14637338 0.0
c 252.24468 88.48607 356.75858 0.11225945 -0.14436597 0.0
c 252.24468 88.48607 356.75858 0.11225945 -0.14235856 0.0
c 252.24468 88.48607 356.75858 0.11225945 -0.14035115 0.0
c 252.24468 88.48607 356.75858 0.11225945 -0.13834374 0.0
c 252.24468 88.48607 356.75858 0.11225945 -0.13633633 0.0
c 252.24468 88.48607 356.75858 0.11225945 -0.13432892 0.0
c 252.24468 88.48607 356.75858 0.11225945 -0.13232151 0.0
c 252.24468 88.48607 356.75858 0.11225945 -0.1303141 0.0
c 252.24468 88.48607 356.75858 0.11225945 -0.12830669 0.0
c 252.24468 88.48607 356.75858 0.11225945 -0.12629928 0.0
c 252.24468 88.48607 356.75858 0.11225945 -0.12429187 0.0
c 252.24468 88.48607 356.75858 0.11225945 -0.12228446 0.0
c 252.24468 88.48607 356.75858 0.11225945 -0.12027705 0.0
c 252.24468 88.48607 356.75858 0.11225945 -0.11826964 0.0
c 252.24468 88.48607 356.75858 0.11225945 -0.11626223 0.0
c 252.24468 88.48607 356.75858 0.11225945 -0.11425482 0.0
c 252.24468 88.48607 356.75858 0.11225945 -0.11224741 0.0
c 252.24468 88.48607 356.75858 0.11225945 -0.11024 0.0
c 252.24468 88.48607 356.75858 0.11225945 -0.10823259 0.0
c 252.24468 88.48607 356.75858 0.11225945 -0.10622518 0.0
c 252.24468 88.48607 356.75858 0.11225945 -0.10421777 0.0
c 252.24468 88.48607 356.75858 0.11225945 -0.10221036 0.0
c 252.24468 88.48607 356.75858 0.11225945 -0.10020295 0.0
c 252.24468 88.48607 356.75858 0.11225945 -0.09819554 0.0
c 252.24468 88.48607 356.75858 0.11225945 -0.09618813 0.0
c 252.24468 88.48607 356.75858 0.11225945 -0.09418072 0.0
c 252.24468 88.48607 356.75858 0.11225945 -0.09217331 0.0
c 252.24468 88.48607 356.75858 0.11225945 -0.0901659 0.0
c 252.24468 88.48607 356.75858 0.11225945 -0.08815849 0.0
c 252.24468 88.48607 356.75858 0.11225945 -0.08615109 0.0
c 252.24468 88.48607 356.75858 0.11225945 -0.08414368 0.0
c 252.24468 88.48607 356.75858 0.11225945 -0.08213627 0.0
c 252.24468 88.48607 356.75858 0.11225945 -0.08012886 0.0
c 252.24468 88.48607 356.75858 0.11225945 -0.07812145 0.0
c 252.24468 88.48607 356.75858 0.11225945 -0.07611404 0.0
c 252.24468 88.48607 356.75858 0.11225945 -0.07410663 0.0
c 252.24468 88.48607 356.75858 0.11225945 -0.07209922 0.0
c 252.24468 88.48607 356.75858 0.11225945 -0.07009181 0.0
c 252.24468 88.48607 356.75858 0.11225945 -0.0680844 0.0
c 252.24468 88.48607 356.75858 0.11225945 -0.06607699 0.0
c 252.24468 88.48607 356.75858 0.11225945 -0.06406958 0.0
c 252.24468 88.48607 356.75858 0.11225945 -0.06206217 0.0
c 252.24468 88.48607 356.75858 0.11225945 -0.06005476 0.0
c 252.24468 88.48607 356.75858 0.11225945 -0.05804735 0.0
c 252.24468 88.48607 356.75858 0.11225945 -0.05603994 0.0
c 252.24468 88.48607 356.75858 0.11225945 -0.05403253 0.0
c 252.24468 88.48607 356.75858 0.11225945 -0.05202512 0.0
c 252.24468 88.48607 356.75858 0.11225945 -0.05001771 0.0
c 252.24468 88.48607 356.75858 0.11225945 -0.0480103 0.0
c 252.24468 88.48607 356.75858 0.11225945 -0.04600289 0.0
c 252.24468 88.48607 356.75858 0.11225945 -0.04399548 0.0
c 252.24468 88.48607 356.75858 0.11225945 -0.04198807 0.0
c 252.24468 88.48607 356.75858 0.11225945 -0.03998066 0.0
c 252.24468 88.48607 356.75858 0.11225945 -0.03797325 0.0
c 252.24468 88.48607 356.75858 0.11225945 -0.03596584 0.0
c 252.24468 88.48607 356.75858 0.11225945 -0.03395843 0.0
c 252.24468 88.48607 356.75858 0.11225945 -0.03195102 0.0
c 252.24468 88.48607 356.75858 0.11225945 -0.02994361 0.0
c 252.24468 88.48607 356.75858 0.11225945 -0.0279362 0.0
c 252.24468 88.48607 356.75858 0.11225945 -0.0259288 0.0
c 252.24468 88.48607 356.75858 0.11225945 -0.02392139 0.0
c 252.24468 88.48607 356.75858 0.11225945 -0.02191398 0.0
c 252.24468 88.48607 356.75858 0.11225945 -0.01990657 0.0
c 252.24468 88.48607 356.75858 0.11225945 -0.01789916 0.0
c 252.24468 88.48607 356.75858 0.11225945 -0.01589175 0.0
c 252.24468 88.48607 356.75858 0.11225945 -0.01388434 0.0
c 252.24468 88.48607 356.75858 0.11225945 -0.01187693 0.0
c 252.24468 88.48607 356.75858 0.11225945 -0.00986952 0.0
c 252.24468 88.48607 356.75858 0.11225945 -0.00786211 0.0
c 252.24468 88.48607 356.75858 0.11225945 -0.0058547 0.0
c 252.24468 88.48607 356.75858 0.11225945 -0.00384729 0.0
c 252.24468 88.48607 356.75858 0.11225945 -0.00183988 0.0
c 252.24468 88.48607 356.75858 0.11225945 0.00016753 0.0
c 252.24468 88.48607 356.75858 0.11225945 0.00217494 0.0
c 252.24468 88.48607 356.75858 0.11225945 0.00418235 0.0
c 252.24468 88.48607 356.75858 0.11225945 0.00618976 0.0
c 252.24468 88.48607 356.75858 0.11225945 0.00819717 0.0
c 252.24468 88.48607 356.75858 0.11225945 0.01020458 0.0
c 252.24468 88.48607 356.75858 0.11225945 0.01221199 0.0
c 252.24468 88.48607 356.75858 0.11225945 0.0142194 0.0
c 252.24468 88.48607 356.75858 0.11225945 0.01622681 0.0
c 252.24468 88.48607 356.75858 0.11225945 0.01823422 0.0
c 252.24468 88.48607 356.75858 0.11225945 0.02024163 0.0
c 252.24468 88.48607 356.75858 0.11225945 0.02224904 0.0
c 252.24468 88.48607 356.75858 0.11225945 0.02425645 0.0
c 252.24468 88.48607 356.75858 0.11225945 0.02626386 0.0
c 252.24468 88.48607 356.75858 0.11225945 0.02827127 0.0
c 252.24468 88.48607 356.75858 0.11225945 0.03027868 0.0
c 252.24468 88.48607 356.75858 0.11225945 0.03228609 0.0
c 252.24468 88.48607 356.75858 0.11225945 0.03429349 0.0
c 252.24468 88.48607 356.75858 0.11225945 0.0363009 0.0
c 252.24468 88.48607 356.75858 0.11225945 0.03830831 0.0
c 252.24468 88.48607 356.75858 0.11225945 0.04031572 0.0
c 252.24468 88.48607 356.75858 0.11225945 0.04232313 0.0
c 252.24468 88.48607 356.75858 0.11225945 0.04433054 0.0
c 252.24468 88.48607 356.75858 0.11225945 0.04633795 0.0
c 252.24468 88.48607 356.75858 0.11225945 0.04834536 0.0
c 252.24468 88.48607 356.75858 0.11225945 0.05035277 0.0
c 252.24468 88.48607 356.75858 0.11225945 0.05236018 0.0
c 252.24468 88.48607 356.75858 0.11225945 0.05436759 0.0
c 252.24468 88.48607 356.75858 0.11225945 0.056375 0.0
c 252.24468 88.48607 356.75858 0.11225945 0.05838241 0.0
c 252.24468 88.48607 356.75858 0.11225945 0.06038982 0.0
c 252.24468 88.48607 356.75858 0.11225945 0.06239723 0.0
c 252.24468 88.48607 356.75858 0.11225945 0.06440464 0.0
c 252.24468 88.48607 356.75858 0.11225945 0.06641205 0.0
c 252.24468 88.48607 356.75858 0.11225945 0.06841946 0.0
c 252.24468 88.48607 356.75858 0.11225945 0.07042687 0.0
c 252.24468 88.48607 356.75858 0.11225945 0.07243428 0.0
c 252.24468 88.48607 356.75858 0.11225945 0.07444169 0.0
c 252.24468 88.48607 356.75858 0.11225945 0.0764491 0.0
c 252.24468 88.48607 356.75858 0.11225945 0.07845651 0.0
c 252.24468 88.48607 356.75858 0.11225945 0.08046392 0.0
c 252.24468 88.48607 356.75858 0.11225945 0.08247133 0.0
c 252.24468 88.48607 356.75858 0.11225945 0.08447874 0.0
c 252.24468 88.48607 356.75858 0.11225945 0.08648615 0.0
c 252.24468 88.48607 356.75858 0.11225945 0.08849356 0.0
c 252.24468 88.48607 356.75858 0.11225945 0.09050097 0.0
c 252.24468 88.48607 356.75858 0.11225945 0.09250838 0.0
c 252.24468 88.48607 356.75858 0.11225945 0.09451578 0.0
c 252.24468 88.48607 356.75858 0.11225945 0.09652319 0.0
c 252.24468 88.48607 356.75858 0.11225945 0.0985306 0.0
c 252.24468 88.48607 356.75858 0.11225945 0.10053801 0.0
c 252.24468 88.48607 356.75858 0.11225945 0.10254542 0.0
c 252.24468 88.48607 356.75858 0.11225945 0.10455283 0.0
c 252.24468 88.48607 356.75858 0.11225945 0.10656024 0.0
c 252.24468 88.48607 356.75858 0.11225945 0.10856765 0.0
c 252.24468 88.48607 356.75858 0.11225945 0.11057506 0.0
c 252.24468 88.48607 356.75858 0.11225945 0.11258247 0.0
c 252.24468 88.48607 356.75858 0.11225945 0.11458988 0.0
c 252.24468 88.48607 356.75858 0.11225945 0.11659729 0.0
c 252.24468 88.48607 356.75858 0.11225945 0.1186047 0.0
c 252.24468 88.48607 356.75858 0.11225945 0.12061211 0.0
c 252.24468 88.48607 356.75858 0.11225945 0.12261952 0.0
c 252.24468 88.48607 356.75858 0.11225945 0.12462693 0.0
c 252.24468 88.48607 356.75858 0.11225945 0.12663434 0.0
c 252.24468 88.48607 356.75858 0.11225945 0.12864175 0.0
c 252.24468 88.48607 356.75858 0.11225945 0.13064916 0.0
c 252.24468 88.48607 356.75858 0.11225945 0.13265657 0.0
c 252.24468 88.48607 356.75858 0.11225945 0.13466398 0.0
c 252.24468 88.48607 356.75858 0.11225945 0.13667139 0.0
c 252.24468 88.48607 356.75858 0.11225945 0.1386788 0.0
c 252.24468 88.48607 356.75858 0.11225945 0.14068621 0.0
c 252.24468 88.48607 356.75858 0.11225945 0.14269362 0.0
c 252.24468 88.48607 356.75858 0.11225945 0.14470103 0.0
c 252.24468 88.48607 356.75858 0.11225945 0.14670844 0.0
c 252.24468 88.48607 356.75858 0.11225945 0.14871585 0.0
c 252.24468 88.48607 356.75858 0.11225945 0.15072326 0.0
c 252.24468 88.48607 356.75858 0.11225945 0.15273067 0.0
c 252.24468 88.48607 356.75858 0.11225945 0.15473807 0.0
c 252.24468 88.48607 356.75858 0.11225945 0.15674548 0.0
c 252.24468 88.48607 356.75858 0.11225945 0.15875289 0.0
c 252.24468 88.48607 356.75858 0.11225945 0.1607603 0.0
c 252.24468 88.48607 356.75858 0.11225945 0.16276771 0.0
c 252.24468 88.48607 356.75858 0.11225945 0.16477512 0.0
c 252.24468 88.48607 356.75858 0.11225945 0.16678253 0.0
c 252.24468 88.48607 356.75858 0.11225945 0.16878994 0.0
c 252.24468 88.48607 356.75858 0.11225945 0.17079735 0.0
c 252.24468 88.48607 356.75858 0.11225945 0.17280476 0.0
c 252.24468 88.48607 356.75858 0.11225945 0.17481217 0.0
c 252.24468 88.48607 356.75858 0.11225945 0.17681958 0.0
c 252.24468 88.48607 356.75858 0.11225945 0.17882699 0.0
c 252.24468 88.48607 356.75858 0.11225945 0.1808344 0.0
c 252.24468 88.48607 356.75858 0.11225945 0.18284181 0.0
c 252.24468 88.48607 356.75858 0.11225945 0.18484922 0.0
c 252.24468 88.48607 356.75858 0.11225945 0.18685663 0.0
c 252.24468 88.48607 356.75858 0.11225945 0.18886404 0.0
c 252.24468 88.48607 356.75858 0.11225945 0.19087145 0.0
c 252.24468 88.48607 356.75858 0.11225945 0.19287886 0.0
c 252.24468 88.48607 356.75858 0.11225945 0.19488627 0.0
c 252.24468 88.48607 356.75858 0.11225945 0.19689368 0.0
c 252.24468 88.48607 356.75858 0.11225945 0.19890109 0.0
c 252.24468 88.48607 356.75858 0.11225945 0.2009085 0.0
c 252.24468 88.48607 356.75858 0.11225945 0.20291591 0.0
c 252.24468 88.48607 356.75858 0.11225945 0.20492332 0.0
c 252.24468 88.48607 356.75858 0.11225945 0.20693073 0.0
c 252.24468 88.48607 356.75858 0.11225945 0.20893814 0.0
c 252.24468 88.48607 356.75858 0.11225945 0.21094555 0.0
c 252.24468 88.48607 356.75858 0.11225945 0.21295296 0.0
c 252.24468 88.48607 356.75858 0.11225945 0.21496036 0.0
c 252.24468 88.48607 356.75858 0.11225945 0.21696777 0.0
c 252.24468 88.48607 356.75858 0.11225945 0.21897518 0.0
c 252.24468 88.48607 356.75858 0.11225945 0.22098259 0.0
c 252.24468 88.48607 356.75858 0.11225945 0.22299 0.0
c 252.24468 88.48607 356.75858 0.11225945 0.22499741 0.0
c 252.24468 88.48607 356.75858 0.11225945 0.22700482 0.0
c 252.24468 88.48607 356.75858 0.11225945 0.22901223 0.0
c 252.24468 88.48607 356.75858 0.11225945 0.23101964 0.0
c 252.24468 88.48607 356.75858 0.11225945 0.23302705 0.0
c 252.24468 88.48607 356.75858 0.11225945 0.23503446 0.0
c 252.24468 88.48607 356.75858 0.11225945 0.23704187 0.0
c 252.24468 88.48607 356.75858 0.11225945 0.23904928 0.0
c 252.24468 88.48607 356.75858 0.11225945 0.24105669 0.0
c 252.24468 88.48607 356.75858 0.11225945 0.2430641 0.0
c 252.24468 88.48607 356.75858 0.11225945 0.24507151 0.0
c 252.24468 88.48607 356.75858 0.11225945 0.24707892 0.0
c 252.24468 88.48607 356.75858 0.11225945 0.24908633 0.0
c 252.24468 88.48607 356.75858 0.11225945 0.25109374 0.0
c 252.24468 88.48607 356.75858 0.11225945 0.25310115 0.0
c 252.24468 88.48607 356.75858 0.11225945 0.25510856 0.0
c 252.24468 88.48607 356.75858 0.11225945 0.25711597 0.0
c 252.24468 88.48607 356.75858 0.11225945 0.25912338 0.0
c 252.24468 88.48607 356.75858 0.11225945 0.26113079 0.0
c 252.24468 88.48607 356.75858 0.11225945 0.2631382 0.0
c 252.24468 88.48607 356.75858 0.11225945 0.26514561 0.0
c 252.24468 88.48607 356.75858 0.11225945 0.26715302 0.0
c 252.24468 88.48607 356.75858 0.11225945 0.26916043 0.0
c 252.24468 88.48607 356.75858 0.11225945 0.27116784 0.0
c 252.24468 88.48607 356.75858 0.11225945 0.27317525 0.0
c 252.24468 88.48607 356.75858 0.11225945 0.27518265 0.0
c 252.24468 88.48607 356.75858 0.11225945 0.27719006 0.0
c 252.24468 88.48607 356.75858 0.11225945 0.27919747 0.0
c 252.24468 88.48607 356.75858 0.11225945 0.28120488 0.0
c 252.24468 88.48607 356.75858 0.11225945 0.28321229 0.0
c 252.24468 88.48607 356.75858 0.11225945 0.2852197 0.0
c 252.24468 88.48607 356.75858 0.11225945 0.28722711 0.0
c 252.24468 88.48607 356.75858 0.11225945 0.28923452 0.0
c 252.24468 88.48607 356.75858 0.11225945 0.29124193 0.0
c 252.24468 88.48607 356.75858 0.11225945 0.29324934 0.0
c 252.24468 88.48607 356.75858 0.11225945 0.29525675 0.0
c 252.24468 88.48607 356.75858 0.11225945 0.29726416 0.0
c 252.24468 88.48607 356.75858 0.11225945 0.29927157 0.0
c 252.24468 88.48607 356.75858 0.11225945 0.30127898 0.0
c 252.24468 88.48607 356.75858 0.11225945 0.30328639 0.0
c 252.24468 88.48607 356.75858 0.11225945 0.3052938 0.0
c 252.24468 88.48607 356.75858 0.11225945 0.30730121 0.0
c 252.24468 88.48607 356.75858 0.11225945 0.30930862 0.0
c 252.24468 88.48607 356.75858 0.11225945 0.31131603 0.0
c 252.24468 88.48607 356.75858 0.11225945 0.31332344 0.0
c 252.24468 88.48607 356.75858 0.11225945 0.31533085 0.0
c 252.24468 88.48607 356.75858 0.11225945 0.31733826 0.0
c 252.24468 88.48607 356.75858 0.11225945 0.31934567 0.0
c 252.24468 88.48607 356.75858 0.11225945 0.32135308 0.0
c 252.24468 88.48607 356.75858 0.11225945 0.32336049 0.0
c 252.24468 88.48607 356.75858 0.11225945 0.3253679 0.0
c 252.24468 88.48607 356.75858 0.11225945 0.32737531 0.0
c 252.24468 88.48607 356.75858 0.11225945 0.32938272 0.0
c 252.24468 88.48607 356.75858 0.11225945 0.33139013 0.0
c 252.24468 88.48607 356.75858 0.11225945 0.33339754 0.0
c 252.24468 88.48607 356.75858 0.11225945 0.33540494 0.0
c 252.24468 88.48607 356.75858 0.11225945 0.33741235 0.0
c 252.24468 88.48607 356.75858 0.11225945 0.33941976 0.0
c 252.24468 88.48607 356.75858 0.11225945 0.34142717 0.0
c 252.24468 88.48607 356.75858 0.11225945 0.34343458 0.0
c 252.24468 88.48607 356.75858 0.11225945 0.34544199 0.0
c 252.24468 88.48607 356.75858 0.11225945 0.3474494 0.0
c 252.24468 88.48607 356.75858 0.11225945 0.34945681 0.0
c 252.24468 88.48607 356.75858 0.11225945 0.35146422 0.0
c 252.24468 88.48607 356.75858 0.11225945 0.35347163 0.0
c 252.24468 88.48607 356.75858 0.11225945 0.35547904 0.0
c 252.24468 88.48607 356.75858 0.11225945 0.35748645 0.0
c 252.24468 88.48607 356.75858 0.11225945 0.35949386 0.0
c 252.24468 88.48607 356.75858 0.11225945 0.36150127 0.0
c 252.24468 88.48607 356.75858 0.11225945 0.36350868 0.0
c 252.24468 88.48607 356.75858 0.11225945 0.36551609 0.0
c 252.24468 88.48607 356.75858 0.11225945 0.3675235 0.0
c 252.24468 88.48607 356.75858 0.11225945 0.36953091 0.0
c 252.24468 88.48607 356.75858 0.11225945 0.37153832 0.0
c 252.24468 88.48607 356.75858 0.11225945 0.37354573 0.0
c 252.24468 88.48607 356.75858 0.11225945 0.37555314 0.0
c 252.24468 88.48607 356.75858 0.11225945 0.37756055 0.0
c 252.24468 88.48607 356.75858 0.11225945 0.37956796 0.0
c 252.24468 88.48607 356.75858 0.11225945 0.38157537 0.0
c 252.24468 88.48607 356.75858 0.11225945 0.38358278 0.0
c 252.24468 88.48607 356.75858 0.11225945 0.38559019 0.0
c 252.24468 88.48607 356.75858 0.11225945 0.3875976 0.0
c 252.24468 88.48607 356.75858 0.11225945 0.38960501 0.0
c 252.24468 88.48607 356.75858 0.11225945 0.39161242 0.0
c 252.24468 88.48607 356.75858 0.11225945 0.39361983 0.0
c 252.24468 88.48607 356.75858 0.11225945 0.39562723 0.0
c 252.24468 88.48607 356.75858 0.11225945 0.39763464 0.0
c 252.24468 88.48607 356.75858 0.11225945 0.39964205 0.0
c 252.24468 88.48607 356.75858 0.11225945 0.40164946 0.0
c 252.24468 88.48607 356.75858 0.11225945 0.40365687 0.0
c 252.24468 88.48607 356.75858 0.11225945 0.40566428 0.0
c 252.24468 88.48607 356.75858 0.11225945 0.40767169 0.0
c 252.24468 88.48607 356.75858 0.11225945 0.4096791 0.0
c 252.24468 88.48607 356.75858 0.11225945 0.41168651 0.0
c 252.24468 88.48607 356.75858 0.11225945 0.41369392 0.0
c 252.24468 88.48607 356.75858 0.11225945 0.41570133 0.0
c 252.24468 88.48607 356.75858 0.11225945 0.41770874 0.0
c 252.24468 88.48607 356.75858 0.11225945 0.41971615 0.0
c 252.24468 88.48607 356.75858 0.11225945 0.42172356 0.0
c 252.24468 88.48607 356.75858 0.11225945 0.42373097 0.0
c 252.24468 88.48607 356.75858 0.11225945 0.42573838 0.0
c 252.24468 88.48607 356.75858 0.11225945 0.42774579 0.0
c 252.24468 88.48607 356.75858 0.11225945 0.4297532 0.0
c 252.24468 88.48607 356.75858 0.11225945 0.43176061 0.0
c 252.24468 88.48607 356.75858 0.11225945 0.43376802 0.0
c 252.24468 88.48607 356.75858 0.11225945 0.43577543 0.0
c 252.24468 88.48607 356.75858 0.11225945 0.43778284 0.0
c 252.24468 88.48607 356.75858 0.11225945 0.43979025 0.0
c 252.24468 88.48607 356.75858 0.11225945 0.44179766 0.0
c 252.24468 88.48607 356.75858 0.11225945 0.44380507 0.0
c 252.24468 88.48607 356.75858 0.11225945 0.44581248 0.0
c 252.24468 88.48607 356.75858 0.11225945 0.44781989 0.0
c 252.24468 88.48607 356.75858 0.11225945 0.4498273 0.0
c 252.24468 88.48607 356.75858 0.11225945 0.45183471 0.0
c 252.24468 88.48607 356.75858 0.11225945 0.45384212 0.0
c 252.24468 88.48607 356.75858 0.11225945 0.45584952 0.0
c 252.24468 88.48607 356.75858 0.11225945 0.45785693 0.0
c 252.24468 88.48607 356.75858 0.11225945 0.45986434 0.0
c 252.24468 88.48607 356.75858 0.11225945 0.46187175 0.0
c 252.24468 88.48607 356.75858 0.11225945 0.46387916 0.0
c 252.24468 88.48607 356.75858 0.11225945 0.46588657 0.0
c 252.24468 88.48607 356.75858 0.11225945 0.46789398 0.0
c 252.24468 88.48607 356.75858 0.11225945 0.46990139 0.0
c 252.24468 88.48607 356.75858 0.11225945 0.4719088 0.0
c 252.24468 88.48607 356.75858 0.11225945 0.47391621 0.0
c 252.24468 88.48607 356.75858 0.11225945 0.47592362 0.0
c 252.24468 88.48607 356.75858 0.11225945 0.47793103 0.0
c 252.24468 88.48607 356.75858 0.11225945 0.47993844 0.0
c 252.24468 88.48607 356.75858 0.11225945 0.48194585 0.0
c 252.24468 88.48607 356.75858 0.11225945 0.48395326 0.0
c 252.24468 88.48607 356.75858 0.11225945 0.48596067 0.0
c 252.24468 88.48607 356.75858 0.11225945 0.48796808 0.0
c 252.24468 88.48607 356.75858 0.11225945 0.48997549 0.0
c 252.24468 88.48607 356.75858 0.11225945 0.4919829 0.0
c 252.24468 88.48607 356.75858 0.11225945 0.49399031 0.0
c 252.24468 88.48607 356.75858 0.11225945 0.49599772 0.0
c 252.24468 88.48607 356.75858 0.11225945 0.49800513 0.0
c 252.24468 88.48607 356.75858 0.11225945 0.50001254 0.0
c 252.24468 88.48607 356.75858 0.11225945 0.50201995 0.0
c 252.24468 88.48607 356.75858 0.11225945 0.50402736 0.0
c 252.24468 88.48607 356.75858 0.11225945 0.50603477 0.0
c 252.24468 88.48607 356.75858 0.11225945 0.50804218 0.0
c 252.24468 88.48607 356.75858 0.11225945 0.51004959 0.0
c 252.24468 88.48607 356.75858 0.11225945 0.512057 0.0
c 252.24468 88.48607 356.75858 0.11225945 0.51406441 0.0
c 252.24468 88.48607 356.75858 0.11225945 0.51607181 0.0
c 252.24468 88.48607 356.75858 0.11225945 0.51807922 0.0
c 252.24468 88.48607 356.75858 0.11225945 0.52008663 0.0
c 252.24468 88.48607 356.75858 0.11225945 0.52209404 0.0
c 252.24468 88.48607 356.75858 0.11225945 0.52410145 0.0
c 252.24468 88.48607 356.75858 0.11225945 0.52610886 0.0
c 252.24468 88.48607 356.75858 0.11225945 0.52811627 0.0
c 252.24468 88.48607 356.75858 0.11225945 0.53012368 0.0
c 252.24468 88.48607 356.75858 0.11225945 0.53213109 0.0
c 252.24468 88.48607 356.75858 0.11225945 0.5341385 0.0
c 252.24468 88.48607 356.75858 0.11225945 0.53614591 0.0
c 252.24468 88.48607 356.75858 0.11225945 0.53815332 0.0
c 252.24468 88.48607 356.75858 0.11225945 0.54016073 0.0
c 252.24468 88.48607 356.75858 0.11225945 0.54216814 0.0
c 252.24468 88.48607 356.75858 0.11225945 0.54417555 0.0
