c 391.70245 -23.01111 346.07957 -1.949e-05 -0.00022896 5.149e-05
t 100
c 390.92985 -23.65672 346.07922 -1.926e-05 -0.00022805 5.328e-05
t 100
c 390.15726 -24.30232 346.07887 -1.904e-05 -0.00022714 5.508e-05
t 100
c 389.38467 -24.94792 346.07852 -1.881e-05 -0.00022624 5.688e-05
t 100
c 388.61208 -25.59352 346.07817 -1.858e-05 -0.00022533 5.868e-05
t 100
c 387.83948 -26.23912 346.07782 -1.836e-05 -0.00022442 6.048e-05
t 100
c 387.06689 -26.88473 346.07747 -1.813e-05 -0.00022351 6.228e-05
t 100
c 386.2943 -27.53033 346.07711 -1.791e-05 -0.0002226 6.408e-05
t 100
c 385.52171 -28.17593 346.07676 -1.768e-05 -0.00022169 6.587e-05
t 100
c 384.74911 -28.82153 346.07641 -1.746e-05 -0.00022079 6.767e-05
t 100
c 383.97652 -29.46713 346.07606 -1.723e-05 -0.00021988 6.947e-05
t 100
c 383.20393 -30.11273 346.07571 -1.701e-05 -0.00021897 7.127e-05
t 99
c 382.43134 -30.75834 346.07536 -1.678e-05 -0.00021806 7.307e-05
t 100
c 381.65874 -31.40394 346.07501 -1.655e-05 -0.00021715 7.487e-05
t 100
c 380.88615 -32.04954 346.07466 -1.633e-05 -0.00021624 7.667e-05
t 100
c 380.11356 -32.69514 346.0743 -1.61e-05 -0.00021534 7.847e-05
t 100
c 379.34097 -33.34074 346.07395 -1.588e-05 -0.00021443 8.026e-05
t 100
c 378.56837 -33.98634 346.0736 -1.565e-05 -0.00021352 8.206e-05
t 100
c 377.79578 -34.63195 346.07325 -1.543e-05 -0.00021261 8.386e-05
t 100
c 377.02319 -35.27755 346.0729 -1.52e-05 -0.0002117 8.566e-05
t 99
c 376.2506 -35.92315 346.07255 -1.497e-05 -0.0002108 8.746e-05
t 100
c 375.47801 -36.56875 346.0722 -1.475e-05 -0.00020989 8.926e-05
t 100
c 374.70541 -37.21435 346.07185 -1.452e-05 -0.00020898 9.106e-05
t 100
c 373.93282 -37.85996 346.0715 -1.43e-05 -0.00020807 9.285e-05
t 100
c 373.16023 -38.50556 346.07114 -1.407e-05 -0.00020716 9.465e-05
t 100
c 372.38764 -39.15116 346.07079 -1.385e-05 -0.00020625 9.645e-05
t 100
c 371.61504 -39.79676 346.07044 -1.362e-05 -0.00020535 9.825e-05
t 100
c 370.84245 -40.44236 346.07009 -1.34e-05 -0.00020444 0.00010005
t 99
c 370.06986 -41.08796 346.06974 -1.317e-05 -0.00020353 0.00010185
t 100
c 369.29727 -41.73357 346.06939 -1.294e-05 -0.00020262 0.00010365
t 100
c 368.52467 -42.37917 346.06904 -1.272e-05 -0.00020171 0.00010545
t 100
c 367.75208 -43.02477 346.06869 -1.249e-05 -0.00020081 0.00010724
t 100
c 366.97949 -43.67037 346.06833 -1.227e-05 -0.0001999 0.00010904
t 100
c 366.2069 -44.31597 346.06798 -1.204e-05 -0.00019899 0.00011084
t 100
c 365.4343 -44.96157 346.06763 -1.182e-05 -0.00019808 0.00011264
t 100
c 364.66171 -45.60718 346.06728 -1.159e-05 -0.00019717 0.00011444
t 100
c 363.88912 -46.25278 346.06693 -1.137e-05 -0.00019626 0.00011624
t 100
c 363.11653 -46.89838 346.06658 -1.114e-05 -0.00019536 0.00011804
t 100
c 362.34393 -47.54398 346.06623 -1.091e-05 -0.00019445 0.00011983
t 100
c 361.57134 -48.18958 346.06588 -1.069e-05 -0.00019354 0.00012163
t 100
c 360.79875 -48.83519 346.06553 -1.046e-05 -0.00019263 0.00012343
t 100
c 360.02616 -49.48079 346.06517 -1.024e-05 -0.00019172 0.00012523
t 100
c 359.25356 -50.12639 346.06482 -1.001e-05 -0.00019082 0.00012703
t 100
c 358.48097 -50.77199 346.06447 -9.79e-06 -0.00018991 0.00012883
t 100
c 357.70838 -51.41759 346.06412 -9.56e-06 -0.000189 0.00013063
t 100
c 356.93579 -52.06319 346.06377 -9.33e-06 -0.00018809 0.00013242
t 100
c 356.16319 -52.7088 346.06342 -9.11e-06 -0.00018718 0.00013422
t 100
c 355.3906 -53.3544 346.06307 -8.88e-06 -0.00018627 0.00013602
t 100
c 354.61801 -54.0 346.06272 -8.66e-06 -0.00018537 0.00013782
t 100
c 353.84542 -54.6456 346.06237 -8.43e-06 -0.00018446 0.00013962
t 100
c 353.07282 -55.2912 346.06201 -8.21e-06 -0.00018355 0.00014142
t 100
c 352.30023 -55.9368 346.06166 -7.98e-06 -0.00018264 0.00014322
t 100
c 351.52764 -56.58241 346.06131 -7.76e-06 -0.00018173 0.00014502
t 100
c 350.75505 -57.22801 346.06096 -7.53e-06 -0.00018082 0.00014681
t 100
c 349.98245 -57.87361 346.06061 -7.3e-06 -0.00017992 0.00014861
t 100
c 349.20986 -58.51921 346.06026 -7.08e-06 -0.00017901 0.00015041
t 100
c 348.43727 -59.16481 346.05991 -6.85e-06 -0.0001781 0.00015221
t 100
c 347.66468 -59.81042 346.05956 -6.63e-06 -0.00017719 0.00015401
t 100
c 346.89208 -60.45602 346.0592 -6.4e-06 -0.00017628 0.00015581
t 100
c 346.11949 -61.10162 346.05885 -6.18e-06 -0.00017538 0.00015761
t 100
c 345.3469 -61.74722 346.0585 -5.95e-06 -0.00017447 0.0001594
t 100
c 344.57431 -62.39282 346.05815 -5.73e-06 -0.00017356 0.0001612
t 100
c 343.80172 -63.03842 346.0578 -5.5e-06 -0.00017265 0.000163
t 100
c 343.02912 -63.68403 346.05745 -5.27e-06 -0.00017174 0.0001648
t 100
c 342.25653 -64.32963 346.0571 -5.05e-06 -0.00017083 0.0001666
t 100
c 341.48394 -64.97523 346.05675 -4.82e-06 -0.00016993 0.0001684
t 100
c 340.71135 -65.62083 346.0564 -4.6e-06 -0.00016902 0.0001702
t 100
c 339.93875 -66.26643 346.05604 -4.37e-06 -0.00016811 0.00017199
t 100
c 339.16616 -66.91203 346.05569 -4.15e-06 -0.0001672 0.00017379
t 100
c 338.39357 -67.55764 346.05534 -3.92e-06 -0.00016629 0.00017559
t 100
c 337.62098 -68.20324 346.05499 -3.69e-06 -0.00016539 0.00017739
t 100
c 336.84838 -68.84884 346.05464 -3.47e-06 -0.00016448 0.00017919
t 100
c 336.07579 -69.49444 346.05429 -3.24e-06 -0.00016357 0.00018099
t 100
c 335.3032 -70.14004 346.05394 -3.02e-06 -0.00016266 0.00018279
t 100
c 334.53061 -70.78565 346.05359 -2.79e-06 -0.00016175 0.00018459
t 100
c 333.75801 -71.43125 346.05324 -2.57e-06 -0.00016084 0.00018638
t 100
c 332.98542 -72.07685 346.05288 -2.34e-06 -0.00015994 0.00018818
t 100
c 332.21283 -72.72245 346.05253 -2.12e-06 -0.00015903 0.00018998
t 100
c 331.44024 -73.36805 346.05218 -1.89e-06 -0.00015812 0.00019178
t 100
c 330.66764 -74.01365 346.05183 -1.66e-06 -0.00015721 0.00019358
t 100
c 330.66764 -74.01365 346.05183 -1.66e-06 -0.00015721 0.00019358
t 100
c 330.2774 -74.01361 345.12345 -8.71e-06 -0.00015872 0.00019285
t 100
c 329.88715 -74.01356 344.19506 -1.575e-05 -0.00016022 0.00019212
t 100
c 329.4969 -74.01351 343.26668 -2.279e-05 -0.00016173 0.00019139
t 100
c 329.10665 -74.01346 342.33829 -2.983e-05 -0.00016323 0.00019067
t 100
c 328.7164 -74.01341 341.40991 -3.688e-05 -0.00016474 0.00018994
t 100
c 328.32615 -74.01336 340.48152 -4.392e-05 -0.00016624 0.00018921
t 100
c 327.93591 -74.01331 339.55314 -5.096e-05 -0.00016775 0.00018848
t 100
c 327.54566 -74.01327 338.62475 -5.8e-05 -0.00016925 0.00018775
t 100
c 327.15541 -74.01322 337.69637 -6.505e-05 -0.00017076 0.00018703
t 100
c 326.76516 -74.01317 336.76798 -7.209e-05 -0.00017226 0.0001863
t 100
c 326.37491 -74.01312 335.8396 -7.913e-05 -0.00017377 0.00018557
t 100
c 325.98466 -74.01307 334.91122 -8.617e-05 -0.00017527 0.00018484
t 100
c 325.59442 -74.01302 333.98283 -9.322e-05 -0.00017678 0.00018411
t 100
c 325.20417 -74.01298 333.05445 -0.00010026 -0.00017828 0.00018338
t 100
c 324.81392 -74.01293 332.12606 -0.0001073 -0.00017979 0.00018266
t 100
c 324.42367 -74.01288 331.19768 -0.00011434 -0.00018129 0.00018193
t 100
c 324.03342 -74.01283 330.26929 -0.00012139 -0.0001828 0.0001812
t 100
c 323.64317 -74.01278 329.34091 -0.00012843 -0.0001843 0.00018047
t 100
c 323.25293 -74.01273 328.41252 -0.00013547 -0.00018581 0.00017974
t 100
c 322.86268 -74.01268 327.48414 -0.00014251 -0.00018732 0.00017902
t 100
c 322.47243 -74.01264 326.55575 -0.00014956 -0.00018882 0.00017829
t 100
c 322.08218 -74.01259 325.62737 -0.0001566 -0.00019033 0.00017756
t 100
c 321.69193 -74.01254 324.69899 -0.00016364 -0.00019183 0.00017683
t 100
c 321.30168 -74.01249 323.7706 -0.00017068 -0.00019334 0.0001761
t 100
c 320.91144 -74.01244 322.84222 -0.00017773 -0.00019484 0.00017538
t 100
c 320.52119 -74.01239 321.91383 -0.00018477 -0.00019635 0.00017465
t 100
c 320.13094 -74.01234 320.98545 -0.00019181 -0.00019785 0.00017392
t 100
c 319.74069 -74.0123 320.05706 -0.00019885 -0.00019936 0.00017319
t 100
c 319.35044 -74.01225 319.12868 -0.0002059 -0.00020086 0.00017246
t 100
c 318.96019 -74.0122 318.20029 -0.00021294 -0.00020237 0.00017173
t 100
c 318.56995 -74.01215 317.27191 -0.00021998 -0.00020387 0.00017101
t 100
c 318.1797 -74.0121 316.34352 -0.00022702 -0.00020538 0.00017028
t 100
c 317.78945 -74.01205 315.41514 -0.00023407 -0.00020688 0.00016955
t 100
c 317.3992 -74.012 314.48675 -0.00024111 -0.00020839 0.00016882
t 100
c 317.00895 -74.01196 313.55837 -0.00024815 -0.00020989 0.00016809
t 100
c 316.6187 -74.01191 312.62999 -0.00025519 -0.0002114 0.00016737
t 100
c 316.22846 -74.01186 311.7016 -0.00026224 -0.0002129 0.00016664
t 100
c 315.83821 -74.01181 310.77322 -0.00026928 -0.00021441 0.00016591
t 100
c 315.44796 -74.01176 309.84483 -0.00027632 -0.00021591 0.00016518
t 100
c 315.05771 -74.01171 308.91645 -0.00028336 -0.00021742 0.00016445
t 100
c 314.66746 -74.01167 307.98806 -0.00029041 -0.00021892 0.00016373
t 100
c 314.27721 -74.01162 307.05968 -0.00029745 -0.00022043 0.000163
t 100
c 313.88697 -74.01157 306.13129 -0.00030449 -0.00022193 0.00016227
t 100
c 313.49672 -74.01152 305.20291 -0.00031153 -0.00022344 0.00016154
t 100
c 313.10647 -74.01147 304.27452 -0.00031858 -0.00022495 0.00016081
t 100
c 312.71622 -74.01142 303.34614 -0.00032562 -0.00022645 0.00016008
t 100
c 312.32597 -74.01137 302.41776 -0.00033266 -0.00022796 0.00015936
t 100
c 311.93572 -74.01133 301.48937 -0.0003397 -0.00022946 0.00015863
t 100
c 311.54548 -74.01128 300.56099 -0.00034674 -0.00023097 0.0001579
t 100
c 311.15523 -74.01123 299.6326 -0.00035379 -0.00023247 0.00015717
t 100
c 310.76498 -74.01118 298.70422 -0.00036083 -0.00023398 0.00015644
t 100
c 310.37473 -74.01113 297.77583 -0.00036787 -0.00023548 0.00015572
t 100
c 309.98448 -74.01108 296.84745 -0.00037491 -0.00023699 0.00015499
t 100
c 309.59423 -74.01103 295.91906 -0.00038196 -0.00023849 0.00015426
t 100
c 309.20399 -74.01099 294.99068 -0.000389 -0.00024 0.00015353
t 100
c 308.81374 -74.01094 294.06229 -0.00039604 -0.0002415 0.0001528
t 100
c 308.42349 -74.01089 293.13391 -0.00040308 -0.00024301 0.00015208
t 100
c 308.03324 -74.01084 292.20552 -0.00041013 -0.00024451 0.00015135
t 100
c 307.64299 -74.01079 291.27714 -0.00041717 -0.00024602 0.00015062
t 100
c 307.25274 -74.01074 290.34876 -0.00042421 -0.00024752 0.00014989
t 100
c 306.8625 -74.01069 289.42037 -0.00043125 -0.00024903 0.00014916
t 100
c 306.47225 -74.01065 288.49199 -0.0004383 -0.00025053 0.00014843
t 100
c 306.082 -74.0106 287.5636 -0.00044534 -0.00025204 0.00014771
t 100
c 305.69175 -74.01055 286.63522 -0.00045238 -0.00025354 0.00014698
t 100
c 305.3015 -74.0105 285.70683 -0.00045942 -0.00025505 0.00014625
t 100
c 304.91125 -74.01045 284.77845 -0.00046647 -0.00025655 0.00014552
t 100
c 304.52101 -74.0104 283.85006 -0.00047351 -0.00025806 0.00014479
t 100
c 304.13076 -74.01035 282.92168 -0.00048055 -0.00025956 0.00014407
t 100
c 303.74051 -74.01031 281.99329 -0.00048759 -0.00026107 0.00014334
t 100
c 303.35026 -74.01026 281.06491 -0.00049464 -0.00026257 0.00014261
t 100
c 302.96001 -74.01021 280.13653 -0.00050168 -0.00026408 0.00014188
t 100
c 302.56977 -74.01016 279.20814 -0.00050872 -0.00026559 0.00014115
t 100
c 302.17952 -74.01011 278.27976 -0.00051576 -0.00026709 0.00014043
t 100
c 301.78927 -74.01006 277.35137 -0.00052281 -0.0002686 0.0001397
t 100
c 301.39902 -74.01002 276.42299 -0.00052985 -0.0002701 0.00013897
t 100
c 301.00877 -74.00997 275.4946 -0.00053689 -0.00027161 0.00013824
t 100
c 300.61852 -74.00992 274.56622 -0.00054393 -0.00027311 0.00013751
t 100
c 300.22828 -74.00987 273.63783 -0.00055098 -0.00027462 0.00013679
t 100
c 299.83803 -74.00982 272.70945 -0.00055802 -0.00027612 0.00013606
t 100
c 299.44778 -74.00977 271.78106 -0.00056506 -0.00027763 0.00013533
t 100
