c 411.86074 0.0 330.03911 3.26281785 0.21346355 0.0
c 411.65848 0.0 330.03911 3.26517595 0.21346355 0.0
c 411.45621 0.0 330.03911 3.26753405 0.21346355 0.0
c 411.25395 0.0 330.03911 3.26989216 0.21346355 0.0
c 411.05168 0.0 330.03911 3.27225026 0.21346355 0.0
c 410.84941 0.0 330.03911 3.27460836 0.21346355 0.0
c 410.64715 0.0 330.03911 3.27696646 0.21346355 0.0
c 410.44488 0.0 330.03911 3.27932456 0.21346355 0.0
c 410.24262 0.0 330.03911 3.28168266 0.21346355 0.0
c 410.04035 0.0 330.03911 3.28404077 0.21346355 0.0
c 409.83808 0.0 330.03911 3.28639887 0.21346355 0.0
c 409.63582 0.0 330.03911 3.28875697 0.21346355 0.0
c 409.43355 0.0 330.03911 3.29111507 0.21346355 0.0
c 409.23129 0.0 330.03911 3.29347317 0.21346355 0.0
c 409.02902 0.0 330.03911 3.29583127 0.21346355 0.0
c 408.82675 0.0 330.03911 3.29818938 0.21346355 0.0
c 408.62449 0.0 330.03911 3.30054748 0.21346355 0.0
c 408.42222 0.0 330.03911 3.30290558 0.21346355 0.0
c 408.21996 0.0 330.03911 3.30526368 0.21346355 0.0
c 408.01769 0.0 330.03911 3.30762178 0.21346355 0.0
c 407.81542 0.0 330.03911 3.30997988 0.21346355 0.0
c 407.61316 0.0 330.03911 3.31233799 0.21346355 0.0
c 407.41089 0.0 330.03911 3.31469609 0.21346355 0.0
c 407.20863 0.0 330.03911 3.31705419 0.21346355 0.0
c 407.00636 0.0 330.03911 3.31941229 0.21346355 0.0
c 406.80409 0.0 330.03911 3.32177039 0.21346355 0.0
c 406.60183 0.0 330.03911 3.32412849 0.21346355 0.0
c 406.39956 0.0 330.03911 3.3264866 0.21346355 0.0
c 406.1973 0.0 330.03911 3.3288447 0.21346355 0.0
c 405.99503 0.0 330.03911 3.3312028 0.21346355 0.0
c 405.79276 0.0 330.03911 3.3335609 0.21346355 0.0
c 405.5905 0.0 330.03911 3.335919 0.21346355 0.0
c 405.38823 0.0 330.03911 3.3382771 0.21346355 0.0
c 405.18597 0.0 330.03911 3.34063521 0.21346355 0.0
c 404.9837 0.0 330.03911 3.34299331 0.21346355 0.0
c 404.78143 0.0 330.03911 3.34535141 0.21346355 0.0
c 404.57917 0.0 330.03911 3.34770951 0.21346355 0.0
c 404.3769 0.0 330.03911 3.35006761 0.21346355 0.0
c 404.17464 0.0 330.03911 3.35242571 0.21346355 0.0
c 403.97237 0.0 330.03911 3.35478382 0.21346355 0.0
c 403.7701 0.0 330.03911 3.35714192 0.21346355 0.0
c 403.56784 0.0 330.03911 3.35950002 0.21346355 0.0
c 403.36557 0.0 330.03911 3.36185812 0.21346355 0.0
c 403.16331 0.0 330.03911 3.36421622 0.21346355 0.0
c 402.96104 0.0 330.03911 3.36657432 0.21346355 0.0
c 402.75877 0.0 330.03911 3.36893243 0.21346355 0.0
c 402.55651 0.0 330.03911 3.37129053 0.21346355 0.0
c 402.35424 0.0 330.03911 3.37364863 0.21346355 0.0
c 402.15198 0.0 330.03911 3.37600673 0.21346355 0.0
c 401.94971 0.0 330.03911 3.37836483 0.21346355 0.0
c 401.74744 0.0 330.03911 3.38072293 0.21346355 0.0
c 401.54518 0.0 330.03911 3.38308104 0.21346355 0.0
c 401.34291 0.0 330.03911 3.38543914 0.21346355 0.0
c 401.14065 0.0 330.03911 3.38779724 0.21346355 0.0
c 400.93838 0.0 330.03911 3.39015534 0.21346355 0.0
c 400.73611 0.0 330.03911 3.39251344 0.21346355 0.0
c 400.53385 0.0 330.03911 3.39487154 0.21346355 0.0
c 400.33158 0.0 330.03911 3.39722965 0.21346355 0.0
c 400.12932 0.0 330.03911 3.39958775 0.21346355 0.0
c 399.92705 0.0 330.03911 3.40194585 0.21346355 0.0
c 399.72478 0.0 330.03911 3.40430395 0.21346355 0.0
c 399.52252 0.0 330.03911 3.40666205 0.21346355 0.0
c 399.32025 0.0 330.03911 3.40902015 0.21346355 0.0
c 399.11799 0.0 330.03911 3.41137826 0.21346355 0.0
c 398.91572 0.0 330.03911 3.41373636 0.21346355 0.0
c 398.71345 0.0 330.03911 3.41609446 0.21346355 0.0
c 398.51119 0.0 330.03911 3.41845256 0.21346355 0.0
c 398.30892 0.0 330.03911 3.42081066 0.21346355 0.0
c 398.10666 0.0 330.03911 3.42316877 0.21346355 0.0
c 397.90439 0.0 330.03911 3.42552687 0.21346355 0.0
c 397.70212 0.0 330.03911 3.42788497 0.21346355 0.0
c 397.49986 0.0 330.03911 3.43024307 0.21346355 0.0
c 397.29759 0.0 330.03911 3.43260117 0.21346355 0.0
c 397.09533 0.0 330.03911 3.43495927 0.21346355 0.0
c 396.89306 0.0 330.03911 3.43731738 0.21346355 0.0
c 396.69079 0.0 330.03911 3.43967548 0.21346355 0.0
c 396.48853 0.0 330.03911 3.44203358 0.21346355 0.0
c 396.28626 0.0 330.03911 3.44439168 0.21346355 0.0
c 396.084 0.0 330.03911 3.44674978 0.21346355 0.0
c 395.88173 0.0 330.03911 3.44910788 0.21346355 0.0
c 395.67946 0.0 330.03911 3.45146599 0.21346355 0.0
c 395.4772 0.0 330.03911 3.45382409 0.21346355 0.0
c 395.27493 0.0 330.03911 3.45618219 0.21346355 0.0
c 395.07267 0.0 330.03911 3.45854029 0.21346355 0.0
c 394.8704 0.0 330.03911 3.46089839 0.21346355 0.0
c 394.66813 0.0 330.03911 3.46325649 0.21346355 0.0
c 394.46587 0.0 330.03911 3.4656146 0.21346355 0.0
c 394.2636 0.0 330.03911 3.4679727 0.21346355 0.0
c 394.06134 0.0 330.03911 3.4703308 0.21346355 0.0
c 393.85907 0.0 330.03911 3.4726889 0.21346355 0.0
c 393.6568 0.0 330.03911 3.475047 0.21346355 0.0
c 393.45454 0.0 330.03911 3.4774051 0.21346355 0.0
c 393.25227 0.0 330.03911 3.47976321 0.21346355 0.0
c 393.05001 0.0 330.03911 3.48212131 0.21346355 0.0
c 392.84774 0.0 330.03911 3.48447941 0.21346355 0.0
c 392.64547 0.0 330.03911 3.48683751 0.21346355 0.0
c 392.44321 0.0 330.03911 3.48919561 0.21346355 0.0
c 392.24094 0.0 330.03911 3.49155371 0.21346355 0.0
c 392.03868 0.0 330.03911 3.49391182 0.21346355 0.0
c 391.83641 0.0 330.03911 3.49626992 0.21346355 0.0
c 391.63414 0.0 330.03911 3.49862802 0.21346355 0.0
c 391.43188 0.0 330.03911 3.50098612 0.21346355 0.0
c 391.22961 0.0 330.03911 3.50334422 0.21346355 0.0
c 391.02735 0.0 330.03911 3.50570232 0.21346355 0.0
c 390.82508 0.0 330.03911 3.50806043 0.21346355 0.0
c 390.62281 0.0 330.03911 3.51041853 0.21346355 0.0
c 390.42055 0.0 330.03911 3.51277663 0.21346355 0.0
c 390.21828 0.0 330.03911 3.51513473 0.21346355 0.0
c 390.01602 0.0 330.03911 3.51749283 0.21346355 0.0
c 389.81375 0.0 330.03911 3.51985093 0.21346355 0.0
c 389.61148 0.0 330.03911 3.52220904 0.21346355 0.0
c 389.40922 0.0 330.03911 3.52456714 0.21346355 0.0
c 389.20695 0.0 330.03911 3.52692524 0.21346355 0.0
c 389.00469 0.0 330.03911 3.52928334 0.21346355 0.0
c 388.80242 0.0 330.03911 3.53164144 0.21346355 0.0
c 388.60015 0.0 330.03911 3.53399954 0.21346355 0.0
c 388.39789 0.0 330.03911 3.53635765 0.21346355 0.0
c 388.19562 0.0 330.03911 3.53871575 0.21346355 0.0
c 387.99336 0.0 330.03911 3.54107385 0.21346355 0.0
c 387.79109 0.0 330.03911 3.54343195 0.21346355 0.0
c 387.58882 0.0 330.03911 3.54579005 0.21346355 0.0
c 387.38656 0.0 330.03911 3.54814815 0.21346355 0.0
c 387.18429 0.0 330.03911 3.55050626 0.21346355 0.0
c 386.98203 0.0 330.03911 3.55286436 0.21346355 0.0
c 386.77976 0.0 330.03911 3.55522246 0.21346355 0.0
c 386.57749 0.0 330.03911 3.55758056 0.21346355 0.0
c 386.37523 0.0 330.03911 3.55993866 0.21346355 0.0
c 386.17296 0.0 330.03911 3.56229676 0.21346355 0.0
c 385.9707 0.0 330.03911 3.56465487 0.21346355 0.0
c 385.76843 0.0 330.03911 3.56701297 0.21346355 0.0
c 385.56616 0.0 330.03911 3.56937107 0.21346355 0.0
c 385.3639 0.0 330.03911 3.57172917 0.21346355 0.0
c 385.16163 0.0 330.03911 3.57408727 0.21346355 0.0
c 384.95937 0.0 330.03911 3.57644538 0.21346355 0.0
c 384.7571 0.0 330.03911 3.57880348 0.21346355 0.0
c 384.55483 0.0 330.03911 3.58116158 0.21346355 0.0
c 384.35257 0.0 330.03911 3.58351968 0.21346355 0.0
c 384.1503 0.0 330.03911 3.58587778 0.21346355 0.0
c 383.94804 0.0 330.03911 3.58823588 0.21346355 0.0
c 383.74577 0.0 330.03911 3.59059399 0.21346355 0.0
c 383.5435 0.0 330.03911 3.59295209 0.21346355 0.0
c 383.34124 0.0 330.03911 3.59531019 0.21346355 0.0
c 383.13897 0.0 330.03911 3.59766829 0.21346355 0.0
c 382.93671 0.0 330.03911 3.60002639 0.21346355 0.0
c 382.73444 0.0 330.03911 3.60238449 0.21346355 0.0
c 382.53217 0.0 330.03911 3.6047426 0.21346355 0.0
c 382.32991 0.0 330.03911 3.6071007 0.21346355 0.0
c 382.12764 0.0 330.03911 3.6094588 0.21346355 0.0
c 381.92538 0.0 330.03911 3.6118169 0.21346355 0.0
c 381.72311 0.0 330.03911 3.614175 0.21346355 0.0
c 381.52084 0.0 330.03911 3.6165331 0.21346355 0.0
c 381.31858 0.0 330.03911 3.61889121 0.21346355 0.0
c 381.11631 0.0 330.03911 3.62124931 0.21346355 0.0
c 380.91405 0.0 330.03911 3.62360741 0.21346355 0.0
c 380.71178 0.0 330.03911 3.62596551 0.21346355 0.0
c 380.50951 0.0 330.03911 3.62832361 0.21346355 0.0
c 380.30725 0.0 330.03911 3.63068171 0.21346355 0.0
c 380.10498 0.0 330.03911 3.63303982 0.21346355 0.0
c 379.90272 0.0 330.03911 3.63539792 0.21346355 0.0
c 379.70045 0.0 330.03911 3.63775602 0.21346355 0.0
c 379.49818 0.0 330.03911 3.64011412 0.21346355 0.0
c 379.29592 0.0 330.03911 3.64247222 0.21346355 0.0
c 379.09365 0.0 330.03911 3.64483032 0.21346355 0.0
c 378.89139 0.0 330.03911 3.64718843 0.21346355 0.0
c 378.68912 0.0 330.03911 3.64954653 0.21346355 0.0
c 378.48685 0.0 330.03911 3.65190463 0.21346355 0.0
c 378.28459 0.0 330.03911 3.65426273 0.21346355 0.0
c 378.08232 0.0 330.03911 3.65662083 0.21346355 0.0
c 377.88006 0.0 330.03911 3.65897893 0.21346355 0.0
c 377.67779 0.0 330.03911 3.66133704 0.21346355 0.0
c 377.47552 0.0 330.03911 3.66369514 0.21346355 0.0
c 377.27326 0.0 330.03911 3.66605324 0.21346355 0.0
c 377.07099 0.0 330.03911 3.66841134 0.21346355 0.0
c 376.86873 0.0 330.03911 3.67076944 0.21346355 0.0
c 376.66646 0.0 330.03911 3.67312754 0.21346355 0.0
c 376.46419 0.0 330.03911 3.67548565 0.21346355 0.0
c 376.26193 0.0 330.03911 3.67784375 0.21346355 0.0
c 376.05966 0.0 330.03911 3.68020185 0.21346355 0.0
c 375.8574 0.0 330.03911 3.68255995 0.21346355 0.0
c 375.65513 0.0 330.03911 3.68491805 0.21346355 0.0
c 375.45286 0.0 330.03911 3.68727615 0.21346355 0.0
c 375.2506 0.0 330.03911 3.68963426 0.21346355 0.0
c 375.04833 0.0 330.03911 3.69199236 0.21346355 0.0
c 374.84607 0.0 330.03911 3.69435046 0.21346355 0.0
c 374.6438 0.0 330.03911 3.69670856 0.21346355 0.0
c 374.44153 0.0 330.03911 3.69906666 0.21346355 0.0
c 374.23927 0.0 330.03911 3.70142476 0.21346355 0.0
c 374.037 0.0 330.03911 3.70378287 0.21346355 0.0
c 373.83474 0.0 330.03911 3.70614097 0.21346355 0.0
c 373.63247 0.0 330.03911 3.70849907 0.21346355 0.0
c 373.4302 0.0 330.03911 3.71085717 0.21346355 0.0
c 373.22794 0.0 330.03911 3.71321527 0.21346355 0.0
c 373.02567 0.0 330.03911 3.71557337 0.21346355 0.0
c 372.82341 0.0 330.03911 3.71793148 0.21346355 0.0
c 372.62114 0.0 330.03911 3.72028958 0.21346355 0.0
c 372.41887 0.0 330.03911 3.72264768 0.21346355 0.0
c 372.21661 0.0 330.03911 3.72500578 0.21346355 0.0
c 372.01434 0.0 330.03911 3.72736388 0.21346355 0.0
c 371.81208 0.0 330.03911 3.72972199 0.21346355 0.0
c 371.60981 0.0 330.03911 3.73208009 0.21346355 0.0
c 371.40754 0.0 330.03911 3.73443819 0.21346355 0.0
c 371.20528 0.0 330.03911 3.73679629 0.21346355 0.0
c 371.00301 0.0 330.03911 3.73915439 0.21346355 0.0
c 370.80075 0.0 330.03911 3.74151249 0.21346355 0.0
c 370.59848 0.0 330.03911 3.7438706 0.21346355 0.0
c 370.39621 0.0 330.03911 3.7462287 0.21346355 0.0
c 370.19395 0.0 330.03911 3.7485868 0.21346355 0.0
c 369.99168 0.0 330.03911 3.7509449 0.21346355 0.0
c 369.78942 0.0 330.03911 3.753303 0.21346355 0.0
c 369.58715 0.0 330.03911 3.7556611 0.21346355 0.0
c 369.38488 0.0 330.03911 3.75801921 0.21346355 0.0
c 369.18262 0.0 330.03911 3.76037731 0.21346355 0.0
c 368.98035 0.0 330.03911 3.76273541 0.21346355 0.0
c 368.77809 0.0 330.03911 3.76509351 0.21346355 0.0
c 368.57582 0.0 330.03911 3.76745161 0.21346355 0.0
c 368.37355 0.0 330.03911 3.76980971 0.21346355 0.0
c 368.17129 0.0 330.03911 3.77216782 0.21346355 0.0
c 367.96902 0.0 330.03911 3.77452592 0.21346355 0.0
c 367.76676 0.0 330.03911 3.77688402 0.21346355 0.0
c 367.56449 0.0 330.03911 3.77924212 0.21346355 0.0
c 367.36222 0.0 330.03911 3.78160022 0.21346355 0.0
c 367.15996 0.0 330.03911 3.78395832 0.21346355 0.0
c 366.95769 0.0 330.03911 3.78631643 0.21346355 0.0
c 366.75543 0.0 330.03911 3.78867453 0.21346355 0.0
c 366.55316 0.0 330.03911 3.79103263 0.21346355 0.0
c 366.35089 0.0 330.03911 3.79339073 0.21346355 0.0
c 366.14863 0.0 330.03911 3.79574883 0.21346355 0.0
c 365.94636 0.0 330.03911 3.79810693 0.21346355 0.0
c 365.7441 0.0 330.03911 3.80046504 0.21346355 0.0
c 365.54183 0.0 330.03911 3.80282314 0.21346355 0.0
c 365.33956 0.0 330.03911 3.80518124 0.21346355 0.0
c 365.1373 0.0 330.03911 3.80753934 0.21346355 0.0
c 364.93503 0.0 330.03911 3.80989744 0.21346355 0.0
c 364.73277 0.0 330.03911 3.81225554 0.21346355 0.0
c 364.5305 0.0 330.03911 3.81461365 0.21346355 0.0
c 364.32823 0.0 330.03911 3.81697175 0.21346355 0.0
c 364.12597 0.0 330.03911 3.81932985 0.21346355 0.0
c 363.9237 0.0 330.03911 3.82168795 0.21346355 0.0
c 363.72144 0.0 330.03911 3.82404605 0.21346355 0.0
c 363.51917 0.0 330.03911 3.82640415 0.21346355 0.0
c 363.3169 0.0 330.03911 3.82876226 0.21346355 0.0
c 363.11464 0.0 330.03911 3.83112036 0.21346355 0.0
c 362.91237 0.0 330.03911 3.83347846 0.21346355 0.0
c 362.71011 0.0 330.03911 3.83583656 0.21346355 0.0
c 362.50784 0.0 330.03911 3.83819466 0.21346355 0.0
c 362.30557 0.0 330.03911 3.84055276 0.21346355 0.0
c 362.10331 0.0 330.03911 3.84291087 0.21346355 0.0
c 361.90104 0.0 330.03911 3.84526897 0.21346355 0.0
c 361.69878 0.0 330.03911 3.84762707 0.21346355 0.0
c 361.49651 0.0 330.03911 3.84998517 0.21346355 0.0
c 361.29424 0.0 330.03911 3.85234327 0.21346355 0.0
c 361.09198 0.0 330.03911 3.85470137 0.21346355 0.0
c 360.88971 0.0 330.03911 3.85705948 0.21346355 0.0
c 360.68745 0.0 330.03911 3.85941758 0.21346355 0.0
c 360.48518 0.0 330.03911 3.86177568 0.21346355 0.0
c 360.28291 0.0 330.03911 3.86413378 0.21346355 0.0
c 360.08065 0.0 330.03911 3.86649188 0.21346355 0.0
c 359.87838 0.0 330.03911 3.86884998 0.21346355 0.0
c 359.67612 0.0 330.03911 3.87120809 0.21346355 0.0
c 359.47385 0.0 330.03911 3.87356619 0.21346355 0.0
c 359.27158 0.0 330.03911 3.87592429 0.21346355 0.0
c 359.06932 0.0 330.03911 3.87828239 0.21346355 0.0
c 358.86705 0.0 330.03911 3.88064049 0.21346355 0.0
c 358.66479 0.0 330.03911 3.8829986 0.21346355 0.0
c 358.46252 0.0 330.03911 3.8853567 0.21346355 0.0
c 358.26025 0.0 330.03911 3.8877148 0.21346355 0.0
c 358.05799 0.0 330.03911 3.8900729 0.21346355 0.0
c 357.85572 0.0 330.03911 3.892431 0.21346355 0.0
c 357.65346 0.0 330.03911 3.8947891 0.21346355 0.0
c 357.45119 0.0 330.03911 3.89714721 0.21346355 0.0
c 357.24892 0.0 330.03911 3.89950531 0.21346355 0.0
c 357.04666 0.0 330.03911 3.90186341 0.21346355 0.0
c 356.84439 0.0 330.03911 3.90422151 0.21346355 0.0
c 356.64213 0.0 330.03911 3.90657961 0.21346355 0.0
c 356.43986 0.0 330.03911 3.90893771 0.21346355 0.0
c 356.23759 0.0 330.03911 3.91129582 0.21346355 0.0
c 356.03533 0.0 330.03911 3.91365392 0.21346355 0.0
c 355.83306 0.0 330.03911 3.91601202 0.21346355 0.0
c 355.6308 0.0 330.03911 3.91837012 0.21346355 0.0
c 355.42853 0.0 330.03911 3.92072822 0.21346355 0.0
c 355.22626 0.0 330.03911 3.92308632 0.21346355 0.0
c 355.024 0.0 330.03911 3.92544443 0.21346355 0.0
c 354.82173 0.0 330.03911 3.92780253 0.21346355 0.0
c 354.61947 0.0 330.03911 3.93016063 0.21346355 0.0
c 354.4172 0.0 330.03911 3.93251873 0.21346355 0.0
c 354.21493 0.0 330.03911 3.93487683 0.21346355 0.0
c 354.01267 0.0 330.03911 3.93723493 0.21346355 0.0
c 353.8104 0.0 330.03911 3.93959304 0.21346355 0.0
c 353.60814 0.0 330.03911 3.94195114 0.21346355 0.0
c 353.40587 0.0 330.03911 3.94430924 0.21346355 0.0
c 353.2036 0.0 330.03911 3.94666734 0.21346355 0.0
c 353.00134 0.0 330.03911 3.94902544 0.21346355 0.0
c 352.79907 0.0 330.03911 3.95138354 0.21346355 0.0
c 352.59681 0.0 330.03911 3.95374165 0.21346355 0.0
c 352.39454 0.0 330.03911 3.95609975 0.21346355 0.0
c 352.19227 0.0 330.03911 3.95845785 0.21346355 0.0
c 351.99001 0.0 330.03911 3.96081595 0.21346355 0.0
c 351.78774 0.0 330.03911 3.96317405 0.21346355 0.0
c 351.58548 0.0 330.03911 3.96553215 0.21346355 0.0
c 351.38321 0.0 330.03911 3.96789026 0.21346355 0.0
c 351.18094 0.0 330.03911 3.97024836 0.21346355 0.0
c 350.97868 0.0 330.03911 3.97260646 0.21346355 0.0
c 350.77641 0.0 330.03911 3.97496456 0.21346355 0.0
c 350.57415 0.0 330.03911 3.97732266 0.21346355 0.0
c 350.37188 0.0 330.03911 3.97968076 0.21346355 0.0
c 350.16961 0.0 330.03911 3.98203887 0.21346355 0.0
c 349.96735 0.0 330.03911 3.98439697 0.21346355 0.0
c 349.76508 0.0 330.03911 3.98675507 0.21346355 0.0
c 349.56282 0.0 330.03911 3.98911317 0.21346355 0.0
c 349.36055 0.0 330.03911 3.99147127 0.21346355 0.0
c 349.15828 0.0 330.03911 3.99382937 0.21346355 0.0
c 348.95602 0.0 330.03911 3.99618748 0.21346355 0.0
c 348.75375 0.0 330.03911 3.99854558 0.21346355 0.0
c 348.55149 0.0 330.03911 4.00090368 0.21346355 0.0
c 348.34922 0.0 330.03911 4.00326178 0.21346355 0.0
c 348.14695 0.0 330.03911 4.00561988 0.21346355 0.0
c 347.94469 0.0 330.03911 4.00797798 0.21346355 0.0
c 347.74242 0.0 330.03911 4.01033609 0.21346355 0.0
c 347.54016 0.0 330.03911 4.01269419 0.21346355 0.0
c 347.33789 0.0 330.03911 4.01505229 0.21346355 0.0
c 347.13562 0.0 330.03911 4.01741039 0.21346355 0.0
c 346.93336 0.0 330.03911 4.01976849 0.21346355 0.0
c 346.73109 0.0 330.03911 4.02212659 0.21346355 0.0
c 346.52883 0.0 330.03911 4.0244847 0.21346355 0.0
c 346.32656 0.0 330.03911 4.0268428 0.21346355 0.0
c 346.12429 0.0 330.03911 4.0292009 0.21346355 0.0
c 346.12429 0.0 330.03911 4.0292009 0.21346355 0.0
c 346.3245 0.0 330.03911 4.02709934 0.21346355 0.0
c 346.52471 0.0 330.03911 4.02499778 0.21346355 0.0
c 346.72491 0.0 330.03911 4.02289622 0.21346355 0.0
c 346.92512 0.0 330.03911 4.02079466 0.21346355 0.0
c 347.12533 0.0 330.03911 4.0186931 0.21346355 0.0
c 347.32553 0.0 330.03911 4.01659154 0.21346355 0.0
c 347.52574 0.0 330.03911 4.01448999 0.21346355 0.0
c 347.72595 0.0 330.03911 4.01238843 0.21346355 0.0
c 347.92615 0.0 330.03911 4.01028687 0.21346355 0.0
c 348.12636 0.0 330.03911 4.00818531 0.21346355 0.0
c 348.32657 0.0 330.03911 4.00608375 0.21346355 0.0
c 348.52678 0.0 330.03911 4.00398219 0.21346355 0.0
c 348.72698 0.0 330.03911 4.00188063 0.21346355 0.0
c 348.92719 0.0 330.03911 3.99977907 0.21346355 0.0
c 349.1274 0.0 330.03911 3.99767751 0.21346355 0.0
c 349.3276 0.0 330.03911 3.99557595 0.21346355 0.0
c 349.52781 0.0 330.03911 3.99347439 0.21346355 0.0
c 349.72802 0.0 330.03911 3.99137283 0.21346355 0.0
c 349.92822 0.0 330.03911 3.98927127 0.21346355 0.0
c 350.12843 0.0 330.03911 3.98716972 0.21346355 0.0
c 350.32864 0.0 330.03911 3.98506816 0.21346355 0.0
c 350.52884 0.0 330.03911 3.9829666 0.21346355 0.0
c 350.72905 0.0 330.03911 3.98086504 0.21346355 0.0
c 350.92926 0.0 330.03911 3.97876348 0.21346355 0.0
c 351.12946 0.0 330.03911 3.97666192 0.21346355 0.0
c 351.32967 0.0 330.03911 3.97456036 0.21346355 0.0
c 351.52988 0.0 330.03911 3.9724588 0.21346355 0.0
c 351.73008 0.0 330.03911 3.97035724 0.21346355 0.0
c 351.93029 0.0 330.03911 3.96825568 0.21346355 0.0
c 352.1305 0.0 330.03911 3.96615412 0.21346355 0.0
c 352.3307 0.0 330.03911 3.96405256 0.21346355 0.0
c 352.53091 0.0 330.03911 3.961951 0.21346355 0.0
c 352.73112 0.0 330.03911 3.95984945 0.21346355 0.0
c 352.93132 0.0 330.03911 3.95774789 0.21346355 0.0
c 353.13153 0.0 330.03911 3.95564633 0.21346355 0.0
c 353.33174 0.0 330.03911 3.95354477 0.21346355 0.0
c 353.53194 0.0 330.03911 3.95144321 0.21346355 0.0
c 353.73215 0.0 330.03911 3.94934165 0.21346355 0.0
c 353.93236 0.0 330.03911 3.94724009 0.21346355 0.0
c 354.13256 0.0 330.03911 3.94513853 0.21346355 0.0
c 354.33277 0.0 330.03911 3.94303697 0.21346355 0.0
c 354.53298 0.0 330.03911 3.94093541 0.21346355 0.0
c 354.73318 0.0 330.03911 3.93883385 0.21346355 0.0
c 354.93339 0.0 330.03911 3.93673229 0.21346355 0.0
c 355.1336 0.0 330.03911 3.93463073 0.21346355 0.0
c 355.3338 0.0 330.03911 3.93252918 0.21346355 0.0
c 355.53401 0.0 330.03911 3.93042762 0.21346355 0.0
c 355.73422 0.0 330.03911 3.92832606 0.21346355 0.0
c 355.93442 0.0 330.03911 3.9262245 0.21346355 0.0
c 356.13463 0.0 330.03911 3.92412294 0.21346355 0.0
c 356.33484 0.0 330.03911 3.92202138 0.21346355 0.0
c 356.53505 0.0 330.03911 3.91991982 0.21346355 0.0
c 356.73525 0.0 330.03911 3.91781826 0.21346355 0.0
c 356.93546 0.0 330.03911 3.9157167 0.21346355 0.0
c 357.13567 0.0 330.03911 3.91361514 0.21346355 0.0
c 357.33587 0.0 330.03911 3.91151358 0.21346355 0.0
c 357.53608 0.0 330.03911 3.90941202 0.21346355 0.0
c 357.73629 0.0 330.03911 3.90731046 0.21346355 0.0
c 357.93649 0.0 330.03911 3.90520891 0.21346355 0.0
c 358.1367 0.0 330.03911 3.90310735 0.21346355 0.0
c 358.33691 0.0 330.03911 3.90100579 0.21346355 0.0
c 358.53711 0.0 330.03911 3.89890423 0.21346355 0.0
c 358.73732 0.0 330.03911 3.89680267 0.21346355 0.0
c 358.93753 0.0 330.03911 3.89470111 0.21346355 0.0
c 359.13773 0.0 330.03911 3.89259955 0.21346355 0.0
c 359.13773 0.0 330.03911 3.89259955 0.21346355 0.0
c 359.33973 0.0 330.03911 3.88923302 0.21346355 0.0
c 359.54172 0.0 330.03911 3.88586648 0.21346355 0.0
c 359.74371 0.0 330.03911 3.88249995 0.21346355 0.0
c 359.9457 0.0 330.03911 3.87913342 0.21346355 0.0
c 360.14769 0.0 330.03911 3.87576688 0.21346355 0.0
c 360.34969 0.0 330.03911 3.87240035 0.21346355 0.0
c 360.55168 0.0 330.03911 3.86903382 0.21346355 0.0
c 360.75367 0.0 330.03911 3.86566728 0.21346355 0.0
c 360.95566 0.0 330.03911 3.86230075 0.21346355 0.0
c 361.15765 0.0 330.03911 3.85893422 0.21346355 0.0
c 361.35965 0.0 330.03911 3.85556768 0.21346355 0.0
c 361.56164 0.0 330.03911 3.85220115 0.21346355 0.0
c 361.76363 0.0 330.03911 3.84883462 0.21346355 0.0
c 361.96562 0.0 330.03911 3.84546808 0.21346355 0.0
c 362.16761 0.0 330.03911 3.84210155 0.21346355 0.0
c 362.36961 0.0 330.03911 3.83873502 0.21346355 0.0
c 362.5716 0.0 330.03911 3.83536848 0.21346355 0.0
c 362.77359 0.0 330.03911 3.83200195 0.21346355 0.0
c 362.97558 0.0 330.03911 3.82863541 0.21346355 0.0
c 363.17757 0.0 330.03911 3.82526888 0.21346355 0.0
c 363.37957 0.0 330.03911 3.82190235 0.21346355 0.0
c 363.58156 0.0 330.03911 3.81853581 0.21346355 0.0
c 363.78355 0.0 330.03911 3.81516928 0.21346355 0.0
c 363.98554 0.0 330.03911 3.81180275 0.21346355 0.0
c 364.18753 0.0 330.03911 3.80843621 0.21346355 0.0
c 364.38953 0.0 330.03911 3.80506968 0.21346355 0.0
c 364.59152 0.0 330.03911 3.80170315 0.21346355 0.0
c 364.79351 0.0 330.03911 3.79833661 0.21346355 0.0
c 364.9955 0.0 330.03911 3.79497008 0.21346355 0.0
c 365.19749 0.0 330.03911 3.79160355 0.21346355 0.0
c 365.39949 0.0 330.03911 3.78823701 0.21346355 0.0
c 365.60148 0.0 330.03911 3.78487048 0.21346355 0.0
c 365.80347 0.0 330.03911 3.78150395 0.21346355 0.0
c 366.00546 0.0 330.03911 3.77813741 0.21346355 0.0
c 366.20745 0.0 330.03911 3.77477088 0.21346355 0.0
c 366.40945 0.0 330.03911 3.77140435 0.21346355 0.0
c 366.61144 0.0 330.03911 3.76803781 0.21346355 0.0
c 366.81343 0.0 330.03911 3.76467128 0.21346355 0.0
c 367.01542 0.0 330.03911 3.76130475 0.21346355 0.0
c 367.21741 0.0 330.03911 3.75793821 0.21346355 0.0
c 367.41941 0.0 330.03911 3.75457168 0.21346355 0.0
c 367.6214 0.0 330.03911 3.75120515 0.21346355 0.0
c 367.82339 0.0 330.03911 3.74783861 0.21346355 0.0
c 368.02538 0.0 330.03911 3.74447208 0.21346355 0.0
c 368.22737 0.0 330.03911 3.74110555 0.21346355 0.0
c 368.42937 0.0 330.03911 3.73773901 0.21346355 0.0
c 368.63136 0.0 330.03911 3.73437248 0.21346355 0.0
c 368.83335 0.0 330.03911 3.73100595 0.21346355 0.0
c 369.03534 0.0 330.03911 3.72763941 0.21346355 0.0
c 369.23733 0.0 330.03911 3.72427288 0.21346355 0.0
c 369.43933 0.0 330.03911 3.72090635 0.21346355 0.0
c 369.64132 0.0 330.03911 3.71753981 0.21346355 0.0
c 369.84331 0.0 330.03911 3.71417328 0.21346355 0.0
c 370.0453 0.0 330.03911 3.71080674 0.21346355 0.0
c 370.24729 0.0 330.03911 3.70744021 0.21346355 0.0
c 370.44929 0.0 330.03911 3.70407368 0.21346355 0.0
c 370.65128 0.0 330.03911 3.70070714 0.21346355 0.0
c 370.85327 0.0 330.03911 3.69734061 0.21346355 0.0
c 371.05526 0.0 330.03911 3.69397408 0.21346355 0.0
c 371.25725 0.0 330.03911 3.69060754 0.21346355 0.0
c 371.45925 0.0 330.03911 3.68724101 0.21346355 0.0
c 371.66124 0.0 330.03911 3.68387448 0.21346355 0.0
c 371.86323 0.0 330.03911 3.68050794 0.21346355 0.0
c 372.06522 0.0 330.03911 3.67714141 0.21346355 0.0
c 372.26721 0.0 330.03911 3.67377488 0.21346355 0.0
c 372.46921 0.0 330.03911 3.67040834 0.21346355 0.0
c 372.6712 0.0 330.03911 3.66704181 0.21346355 0.0
c 372.87319 0.0 330.03911 3.66367528 0.21346355 0.0
c 373.07518 0.0 330.03911 3.66030874 0.21346355 0.0
c 373.27717 0.0 330.03911 3.65694221 0.21346355 0.0
c 373.47917 0.0 330.03911 3.65357568 0.21346355 0.0
c 373.68116 0.0 330.03911 3.65020914 0.21346355 0.0
c 373.88315 0.0 330.03911 3.64684261 0.21346355 0.0
c 374.08514 0.0 330.03911 3.64347608 0.21346355 0.0
c 374.28713 0.0 330.03911 3.64010954 0.21346355 0.0
c 374.48913 0.0 330.03911 3.63674301 0.21346355 0.0
c 374.69112 0.0 330.03911 3.63337648 0.21346355 0.0
c 374.89311 0.0 330.03911 3.63000994 0.21346355 0.0
c 375.0951 0.0 330.03911 3.62664341 0.21346355 0.0
c 375.29709 0.0 330.03911 3.62327688 0.21346355 0.0
c 375.49909 0.0 330.03911 3.61991034 0.21346355 0.0
c 375.70108 0.0 330.03911 3.61654381 0.21346355 0.0
c 375.90307 0.0 330.03911 3.61317728 0.21346355 0.0
c 376.10506 0.0 330.03911 3.60981074 0.21346355 0.0
c 376.30705 0.0 330.03911 3.60644421 0.21346355 0.0
c 376.50905 0.0 330.03911 3.60307768 0.21346355 0.0
c 376.71104 0.0 330.03911 3.59971114 0.21346355 0.0
c 376.91303 0.0 330.03911 3.59634461 0.21346355 0.0
c 377.11502 0.0 330.03911 3.59297807 0.21346355 0.0
c 377.31701 0.0 330.03911 3.58961154 0.21346355 0.0
c 377.51901 0.0 330.03911 3.58624501 0.21346355 0.0
c 377.721 0.0 330.03911 3.58287847 0.21346355 0.0
c 377.92299 0.0 330.03911 3.57951194 0.21346355 0.0
c 378.12498 0.0 330.03911 3.57614541 0.21346355 0.0
c 378.32697 0.0 330.03911 3.57277887 0.21346355 0.0
c 378.52897 0.0 330.03911 3.56941234 0.21346355 0.0
c 378.73096 0.0 330.03911 3.56604581 0.21346355 0.0
c 378.93295 0.0 330.03911 3.56267927 0.21346355 0.0
c 379.13494 0.0 330.03911 3.55931274 0.21346355 0.0
c 379.33693 0.0 330.03911 3.55594621 0.21346355 0.0
c 379.53893 0.0 330.03911 3.55257967 0.21346355 0.0
c 379.74092 0.0 330.03911 3.54921314 0.21346355 0.0
c 379.94291 0.0 330.03911 3.54584661 0.21346355 0.0
c 380.1449 0.0 330.03911 3.54248007 0.21346355 0.0
c 380.34689 0.0 330.03911 3.53911354 0.21346355 0.0
c 380.54889 0.0 330.03911 3.53574701 0.21346355 0.0
c 380.75088 0.0 330.03911 3.53238047 0.21346355 0.0
c 380.95287 0.0 330.03911 3.52901394 0.21346355 0.0
c 381.15486 0.0 330.03911 3.52564741 0.21346355 0.0
c 381.35685 0.0 330.03911 3.52228087 0.21346355 0.0
c 381.55885 0.0 330.03911 3.51891434 0.21346355 0.0
c 381.76084 0.0 330.03911 3.51554781 0.21346355 0.0
c 381.96283 0.0 330.03911 3.51218127 0.21346355 0.0
c 382.16482 0.0 330.03911 3.50881474 0.21346355 0.0
c 382.36681 0.0 330.03911 3.50544821 0.21346355 0.0
c 382.56881 0.0 330.03911 3.50208167 0.21346355 0.0
c 382.7708 0.0 330.03911 3.49871514 0.21346355 0.0
c 382.97279 0.0 330.03911 3.49534861 0.21346355 0.0
c 383.17478 0.0 330.03911 3.49198207 0.21346355 0.0
c 383.37677 0.0 330.03911 3.48861554 0.21346355 0.0
c 383.57877 0.0 330.03911 3.48524901 0.21346355 0.0
c 383.78076 0.0 330.03911 3.48188247 0.21346355 0.0
c 383.98275 0.0 330.03911 3.47851594 0.21346355 0.0
c 384.18474 0.0 330.03911 3.4751494 0.21346355 0.0
c 384.38673 0.0 330.03911 3.47178287 0.21346355 0.0
c 384.58873 0.0 330.03911 3.46841634 0.21346355 0.0
c 384.79072 0.0 330.03911 3.4650498 0.21346355 0.0
c 384.99271 0.0 330.03911 3.46168327 0.21346355 0.0
c 385.1947 0.0 330.03911 3.45831674 0.21346355 0.0
c 385.39669 0.0 330.03911 3.4549502 0.21346355 0.0
c 385.59869 0.0 330.03911 3.45158367 0.21346355 0.0
c 385.80068 0.0 330.03911 3.44821714 0.21346355 0.0
c 386.00267 0.0 330.03911 3.4448506 0.21346355 0.0
c 386.20466 0.0 330.03911 3.44148407 0.21346355 0.0
c 386.40665 0.0 330.03911 3.43811754 0.21346355 0.0
c 386.60865 0.0 330.03911 3.434751 0.21346355 0.0
c 386.81064 0.0 330.03911 3.43138447 0.21346355 0.0
c 387.01263 0.0 330.03911 3.42801794 0.21346355 0.0
c 387.21462 0.0 330.03911 3.4246514 0.21346355 0.0
c 387.41661 0.0 330.03911 3.42128487 0.21346355 0.0
c 387.61861 0.0 330.03911 3.41791834 0.21346355 0.0
c 387.8206 0.0 330.03911 3.4145518 0.21346355 0.0
c 388.02259 0.0 330.03911 3.41118527 0.21346355 0.0
c 388.22458 0.0 330.03911 3.40781874 0.21346355 0.0
c 388.42657 0.0 330.03911 3.4044522 0.21346355 0.0
c 388.62857 0.0 330.03911 3.40108567 0.21346355 0.0
c 388.83056 0.0 330.03911 3.39771914 0.21346355 0.0
c 389.03255 0.0 330.03911 3.3943526 0.21346355 0.0
c 389.23454 0.0 330.03911 3.39098607 0.21346355 0.0
c 389.43653 0.0 330.03911 3.38761954 0.21346355 0.0
c 389.63853 0.0 330.03911 3.384253 0.21346355 0.0
c 389.84052 0.0 330.03911 3.38088647 0.21346355 0.0
c 390.04251 0.0 330.03911 3.37751994 0.21346355 0.0
c 390.2445 0.0 330.03911 3.3741534 0.21346355 0.0
c 390.44649 0.0 330.03911 3.37078687 0.21346355 0.0
c 390.64849 0.0 330.03911 3.36742034 0.21346355 0.0
c 390.85048 0.0 330.03911 3.3640538 0.21346355 0.0
c 391.05247 0.0 330.03911 3.36068727 0.21346355 0.0
c 391.25446 0.0 330.03911 3.35732073 0.21346355 0.0
c 391.45645 0.0 330.03911 3.3539542 0.21346355 0.0
c 391.65845 0.0 330.03911 3.35058767 0.21346355 0.0
c 391.86044 0.0 330.03911 3.34722113 0.21346355 0.0
c 392.06243 0.0 330.03911 3.3438546 0.21346355 0.0
c 392.26442 0.0 330.03911 3.34048807 0.21346355 0.0
c 392.46641 0.0 330.03911 3.33712153 0.21346355 0.0
c 392.66841 0.0 330.03911 3.333755 0.21346355 0.0
c 392.8704 0.0 330.03911 3.33038847 0.21346355 0.0
c 393.07239 0.0 330.03911 3.32702193 0.21346355 0.0
c 393.27438 0.0 330.03911 3.3236554 0.21346355 0.0
c 393.47637 0.0 330.03911 3.32028887 0.21346355 0.0
c 393.67837 0.0 330.03911 3.31692233 0.21346355 0.0
c 393.88036 0.0 330.03911 3.3135558 0.21346355 0.0
c 394.08235 0.0 330.03911 3.31018927 0.21346355 0.0
c 394.28434 0.0 330.03911 3.30682273 0.21346355 0.0
c 394.48633 0.0 330.03911 3.3034562 0.21346355 0.0
c 394.48633 0.0 330.03911 3.3034562 0.21346355 0.0
c 394.69241 0.0 330.03911 3.30002165 0.21346355 0.0
c 394.89848 0.0 330.03911 3.2965871 0.21346355 0.0
c 395.10455 0.0 330.03911 3.29315255 0.21346355 0.0
c 395.31063 0.0 330.03911 3.289718 0.21346355 0.0
c 395.5167 0.0 330.03911 3.28628345 0.21346355 0.0
c 395.72277 0.0 330.03911 3.2828489 0.21346355 0.0
c 395.92885 0.0 330.03911 3.27941435 0.21346355 0.0
c 396.13492 0.0 330.03911 3.2759798 0.21346355 0.0
c 396.34099 0.0 330.03911 3.27254525 0.21346355 0.0
c 396.54706 0.0 330.03911 3.2691107 0.21346355 0.0
c 396.75314 0.0 330.03911 3.26567614 0.21346355 0.0
c 396.95921 0.0 330.03911 3.26224159 0.21346355 0.0
c 397.16528 0.0 330.03911 3.25880704 0.21346355 0.0
c 397.37136 0.0 330.03911 3.25537249 0.21346355 0.0
c 397.57743 0.0 330.03911 3.25193794 0.21346355 0.0
c 397.7835 0.0 330.03911 3.24850339 0.21346355 0.0
c 397.98958 0.0 330.03911 3.24506884 0.21346355 0.0
c 398.19565 0.0 330.03911 3.24163429 0.21346355 0.0
c 398.40172 0.0 330.03911 3.23819974 0.21346355 0.0
c 398.60779 0.0 330.03911 3.23476519 0.21346355 0.0
c 398.81387 0.0 330.03911 3.23133064 0.21346355 0.0
c 399.01994 0.0 330.03911 3.22789609 0.21346355 0.0
c 399.22601 0.0 330.03911 3.22446154 0.21346355 0.0
c 399.43209 0.0 330.03911 3.22102699 0.21346355 0.0
c 399.63816 0.0 330.03911 3.21759244 0.21346355 0.0
c 399.84423 0.0 330.03911 3.21415789 0.21346355 0.0
c 400.05031 0.0 330.03911 3.21072334 0.21346355 0.0
c 400.25638 0.0 330.03911 3.20728879 0.21346355 0.0
c 400.46245 0.0 330.03911 3.20385424 0.21346355 0.0
c 400.66852 0.0 330.03911 3.20041969 0.21346355 0.0
c 400.8746 0.0 330.03911 3.19698514 0.21346355 0.0
c 401.08067 0.0 330.03911 3.19355058 0.21346355 0.0
c 401.28674 0.0 330.03911 3.19011603 0.21346355 0.0
c 401.49282 0.0 330.03911 3.18668148 0.21346355 0.0
c 401.69889 0.0 330.03911 3.18324693 0.21346355 0.0
c 401.90496 0.0 330.03911 3.17981238 0.21346355 0.0
c 402.11104 0.0 330.03911 3.17637783 0.21346355 0.0
c 402.31711 0.0 330.03911 3.17294328 0.21346355 0.0
c 402.52318 0.0 330.03911 3.16950873 0.21346355 0.0
c 402.72926 0.0 330.03911 3.16607418 0.21346355 0.0
c 402.93533 0.0 330.03911 3.16263963 0.21346355 0.0
c 403.1414 0.0 330.03911 3.15920508 0.21346355 0.0
c 403.34747 0.0 330.03911 3.15577053 0.21346355 0.0
c 403.55355 0.0 330.03911 3.15233598 0.21346355 0.0
c 403.75962 0.0 330.03911 3.14890143 0.21346355 0.0
c 403.96569 0.0 330.03911 3.14546688 0.21346355 0.0
c 404.17177 0.0 330.03911 3.14203233 0.21346355 0.0
c 404.37784 0.0 330.03911 3.13859778 0.21346355 0.0
c 404.58391 0.0 330.03911 3.13516323 0.21346355 0.0
c 404.78999 0.0 330.03911 3.13172868 0.21346355 0.0
c 404.99606 0.0 330.03911 3.12829413 0.21346355 0.0
c 405.20213 0.0 330.03911 3.12485958 0.21346355 0.0
c 405.4082 0.0 330.03911 3.12142502 0.21346355 0.0
c 405.61428 0.0 330.03911 3.11799047 0.21346355 0.0
c 405.82035 0.0 330.03911 3.11455592 0.21346355 0.0
c 406.02642 0.0 330.03911 3.11112137 0.21346355 0.0
c 406.2325 0.0 330.03911 3.10768682 0.21346355 0.0
c 406.43857 0.0 330.03911 3.10425227 0.21346355 0.0
c 406.64464 0.0 330.03911 3.10081772 0.21346355 0.0
c 406.85072 0.0 330.03911 3.09738317 0.21346355 0.0
c 407.05679 0.0 330.03911 3.09394862 0.21346355 0.0
c 407.26286 0.0 330.03911 3.09051407 0.21346355 0.0
c 407.46893 0.0 330.03911 3.08707952 0.21346355 0.0
c 407.67501 0.0 330.03911 3.08364497 0.21346355 0.0
c 407.88108 0.0 330.03911 3.08021042 0.21346355 0.0
c 408.08715 0.0 330.03911 3.07677587 0.21346355 0.0
c 408.29323 0.0 330.03911 3.07334132 0.21346355 0.0
c 408.4993 0.0 330.03911 3.06990677 0.21346355 0.0
c 408.70537 0.0 330.03911 3.06647222 0.21346355 0.0
c 408.91145 0.0 330.03911 3.06303767 0.21346355 0.0
c 409.11752 0.0 330.03911 3.05960312 0.21346355 0.0
c 409.32359 0.0 330.03911 3.05616857 0.21346355 0.0
c 409.52967 0.0 330.03911 3.05273402 0.21346355 0.0
c 409.73574 0.0 330.03911 3.04929946 0.21346355 0.0
c 409.94181 0.0 330.03911 3.04586491 0.21346355 0.0
c 410.14788 0.0 330.03911 3.04243036 0.21346355 0.0
c 410.35396 0.0 330.03911 3.03899581 0.21346355 0.0
c 410.56003 0.0 330.03911 3.03556126 0.21346355 0.0
c 410.7661 0.0 330.03911 3.03212671 0.21346355 0.0
c 410.97218 0.0 330.03911 3.02869216 0.21346355 0.0
c 411.17825 0.0 330.03911 3.02525761 0.21346355 0.0
c 411.38432 0.0 330.03911 3.02182306 0.21346355 0.0
c 411.5904 0.0 330.03911 3.01838851 0.21346355 0.0
c 411.79647 0.0 330.03911 3.01495396 0.21346355 0.0
c 412.00254 0.0 330.03911 3.01151941 0.21346355 0.0
c 412.20861 0.0 330.03911 3.00808486 0.21346355 0.0
c 412.41469 0.0 330.03911 3.00465031 0.21346355 0.0
c 412.62076 0.0 330.03911 3.00121576 0.21346355 0.0
c 412.82683 0.0 330.03911 2.99778121 0.21346355 0.0
c 413.03291 0.0 330.03911 2.99434666 0.21346355 0.0
c 413.23898 0.0 330.03911 2.99091211 0.21346355 0.0
c 413.44505 0.0 330.03911 2.98747756 0.21346355 0.0
c 413.65113 0.0 330.03911 2.98404301 0.21346355 0.0
c 413.8572 0.0 330.03911 2.98060846 0.21346355 0.0
c 414.06327 0.0 330.03911 2.9771739 0.21346355 0.0
c 414.26934 0.0 330.03911 2.97373935 0.21346355 0.0
c 414.47542 0.0 330.03911 2.9703048 0.21346355 0.0
c 414.68149 0.0 330.03911 2.96687025 0.21346355 0.0
c 414.88756 0.0 330.03911 2.9634357 0.21346355 0.0
c 415.09364 0.0 330.03911 2.96000115 0.21346355 0.0
c 415.29971 0.0 330.03911 2.9565666 0.21346355 0.0
c 415.50578 0.0 330.03911 2.95313205 0.21346355 0.0
c 415.71186 0.0 330.03911 2.9496975 0.21346355 0.0
c 415.91793 0.0 330.03911 2.94626295 0.21346355 0.0
c 416.124 0.0 330.03911 2.9428284 0.21346355 0.0
