c 359.3 0.0 345.98 0.0 0.0 0.0
t 96
c 359.5016 0.0 345.98 0.0 0.0 0.0
t 96
c 359.70321 0.0 345.98 0.0 0.0 0.0
t 96
c 359.90481 0.0 345.98 0.0 0.0 0.0
t 96
c 360.10641 0.0 345.98 0.0 0.0 0.0
t 96
c 360.30801 0.0 345.98 0.0 0.0 0.0
t 96
c 360.50962 0.0 345.98 0.0 0.0 0.0
t 96
c 360.71122 0.0 345.98 0.0 0.0 0.0
t 96
c 360.91282 0.0 345.98 0.0 0.0 0.0
t 96
c 361.11442 0.0 345.98 0.0 0.0 0.0
t 96
c 361.31603 0.0 345.98 0.0 0.0 0.0
t 96
c 361.51763 0.0 345.98 0.0 0.0 0.0
t 97
c 361.71923 0.0 345.98 0.0 0.0 0.0
t 97
c 361.92083 0.0 345.98 0.0 0.0 0.0
t 97
c 362.12244 0.0 345.98 0.0 0.0 0.0
t 97
c 362.32404 0.0 345.98 0.0 0.0 0.0
t 97
c 362.52564 0.0 345.98 0.0 0.0 0.0
t 97
c 362.72724 0.0 345.98 0.0 0.0 0.0
t 97
c 362.92885 0.0 345.98 0.0 0.0 0.0
t 97
c 363.13045 0.0 345.98 0.0 0.0 0.0
t 97
c 363.33205 0.0 345.98 0.0 0.0 0.0
t 97
c 363.53365 0.0 345.98 0.0 0.0 0.0
t 98
c 363.73526 0.0 345.98 0.0 0.0 0.0
t 98
c 363.93686 0.0 345.98 0.0 0.0 0.0
t 98
c 364.13846 0.0 345.98 0.0 0.0 0.0
t 98
c 364.34006 0.0 345.98 0.0 0.0 0.0
t 98
c 364.54167 0.0 345.98 0.0 0.0 0.0
t 98
c 364.74327 0.0 345.98 0.0 0.0 0.0
t 98
c 364.94487 0.0 345.98 0.0 0.0 0.0
t 98
c 365.14647 0.0 345.98 0.0 0.0 0.0
t 98
c 365.34808 0.0 345.98 0.0 0.0 0.0
t 98
c 365.54968 0.0 345.98 0.0 0.0 0.0
t 98
c 365.75128 0.0 345.98 0.0 0.0 0.0
t 99
c 365.95288 0.0 345.98 0.0 0.0 0.0
t 99
c 366.15449 0.0 345.98 0.0 0.0 0.0
t 99
c 366.35609 0.0 345.98 0.0 0.0 0.0
t 99
c 366.55769 0.0 345.98 0.0 0.0 0.0
t 99
c 366.75929 0.0 345.98 0.0 0.0 0.0
t 99
c 366.9609 0.0 345.98 0.0 0.0 0.0
t 99
c 367.1625 0.0 345.98 0.0 0.0 0.0
t 99
c 367.3641 0.0 345.98 0.0 0.0 0.0
t 99
c 367.5657 0.0 345.98 0.0 0.0 0.0
t 99
c 367.76731 0.0 345.98 0.0 0.0 0.0
t 100
c 367.96891 0.0 345.98 0.0 0.0 0.0
t 100
c 368.17051 0.0 345.98 0.0 0.0 0.0
t 100
c 368.37211 0.0 345.98 0.0 0.0 0.0
t 100
c 368.57372 0.0 345.98 0.0 0.0 0.0
t 100
c 368.77532 0.0 345.98 0.0 0.0 0.0
t 100
c 368.97692 0.0 345.98 0.0 0.0 0.0
t 100
c 369.17852 0.0 345.98 0.0 0.0 0.0
t 100
c 369.38013 0.0 345.98 0.0 0.0 0.0
t 100
c 369.58173 0.0 345.98 0.0 0.0 0.0
t 100
c 369.78333 0.0 345.98 0.0 0.0 0.0
t 100
c 369.98493 0.0 345.98 0.0 0.0 0.0
t 101
c 370.18654 0.0 345.98 0.0 0.0 0.0
t 101
c 370.38814 0.0 345.98 0.0 0.0 0.0
t 101
c 370.58974 0.0 345.98 0.0 0.0 0.0
t 101
c 370.79134 0.0 345.98 0.0 0.0 0.0
t 101
c 370.99295 0.0 345.98 0.0 0.0 0.0
t 101
c 371.19455 0.0 345.98 0.0 0.0 0.0
t 101
c 371.39615 0.0 345.98 0.0 0.0 0.0
t 101
c 371.59775 0.0 345.98 0.0 0.0 0.0
t 101
c 371.79936 0.0 345.98 0.0 0.0 0.0
t 101
c 372.00096 0.0 345.98 0.0 0.0 0.0
t 102
c 372.20256 0.0 345.98 0.0 0.0 0.0
t 102
c 372.40416 0.0 345.98 0.0 0.0 0.0
t 102
c 372.60577 0.0 345.98 0.0 0.0 0.0
t 102
c 372.80737 0.0 345.98 0.0 0.0 0.0
t 102
c 373.00897 0.0 345.98 0.0 0.0 0.0
t 102
c 373.21057 0.0 345.98 0.0 0.0 0.0
t 102
c 373.41218 0.0 345.98 0.0 0.0 0.0
t 102
c 373.61378 0.0 345.98 0.0 0.0 0.0
t 102
c 373.81538 0.0 345.98 0.0 0.0 0.0
t 102
c 374.01698 0.0 345.98 0.0 0.0 0.0
t 102
c 374.21859 0.0 345.98 0.0 0.0 0.0
t 103
c 374.42019 0.0 345.98 0.0 0.0 0.0
t 103
c 374.62179 0.0 345.98 0.0 0.0 0.0
t 103
c 374.82339 0.0 345.98 0.0 0.0 0.0
t 103
c 375.025 0.0 345.98 0.0 0.0 0.0
t 103
c 375.2266 0.0 345.98 0.0 0.0 0.0
t 103
c 375.4282 0.0 345.98 0.0 0.0 0.0
t 103
c 375.6298 0.0 345.98 0.0 0.0 0.0
t 103
c 375.83141 0.0 345.98 0.0 0.0 0.0
t 103
c 376.03301 0.0 345.98 0.0 0.0 0.0
t 103
c 376.23461 0.0 345.98 0.0 0.0 0.0
t 104
c 376.43621 0.0 345.98 0.0 0.0 0.0
t 104
c 376.63782 0.0 345.98 0.0 0.0 0.0
t 104
c 376.83942 0.0 345.98 0.0 0.0 0.0
t 104
c 377.04102 0.0 345.98 0.0 0.0 0.0
t 104
c 377.24262 0.0 345.98 0.0 0.0 0.0
t 104
c 377.44423 0.0 345.98 0.0 0.0 0.0
t 104
c 377.64583 0.0 345.98 0.0 0.0 0.0
t 104
c 377.84743 0.0 345.98 0.0 0.0 0.0
t 104
c 378.04903 0.0 345.98 0.0 0.0 0.0
t 104
c 378.25064 0.0 345.98 0.0 0.0 0.0
t 104
c 378.45224 0.0 345.98 0.0 0.0 0.0
t 105
c 378.65384 0.0 345.98 0.0 0.0 0.0
t 105
c 378.85544 0.0 345.98 0.0 0.0 0.0
t 105
c 379.05705 0.0 345.98 0.0 0.0 0.0
t 105
c 379.25865 0.0 345.98 0.0 0.0 0.0
t 105
c 379.46025 0.0 345.98 0.0 0.0 0.0
t 105
c 379.66185 0.0 345.98 0.0 0.0 0.0
t 105
c 379.86346 0.0 345.98 0.0 0.0 0.0
t 105
c 380.06506 0.0 345.98 0.0 0.0 0.0
t 105
c 380.26666 0.0 345.98 0.0 0.0 0.0
t 105
c 380.46826 0.0 345.98 0.0 0.0 0.0
t 106
c 380.66987 0.0 345.98 0.0 0.0 0.0
t 106
c 380.87147 0.0 345.98 0.0 0.0 0.0
t 106
c 381.07307 0.0 345.98 0.0 0.0 0.0
t 106
c 381.27467 0.0 345.98 0.0 0.0 0.0
t 106
c 381.47628 0.0 345.98 0.0 0.0 0.0
t 106
c 381.67788 0.0 345.98 0.0 0.0 0.0
t 106
c 381.87948 0.0 345.98 0.0 0.0 0.0
t 106
c 382.08108 0.0 345.98 0.0 0.0 0.0
t 106
c 382.28269 0.0 345.98 0.0 0.0 0.0
t 106
c 382.48429 0.0 345.98 0.0 0.0 0.0
t 106
c 382.68589 0.0 345.98 0.0 0.0 0.0
t 107
c 382.88749 0.0 345.98 0.0 0.0 0.0
t 107
c 383.0891 0.0 345.98 0.0 0.0 0.0
t 107
c 383.2907 0.0 345.98 0.0 0.0 0.0
t 107
c 383.4923 0.0 345.98 0.0 0.0 0.0
t 107
c 383.6939 0.0 345.98 0.0 0.0 0.0
t 107
c 383.89551 0.0 345.98 0.0 0.0 0.0
t 107
c 384.09711 0.0 345.98 0.0 0.0 0.0
t 107
c 384.29871 0.0 345.98 0.0 0.0 0.0
t 107
c 384.50031 0.0 345.98 0.0 0.0 0.0
t 107
c 384.70192 0.0 345.98 0.0 0.0 0.0
t 108
c 384.90352 0.0 345.98 0.0 0.0 0.0
t 108
c 385.10512 0.0 345.98 0.0 0.0 0.0
t 108
c 385.30672 0.0 345.98 0.0 0.0 0.0
t 108
c 385.50833 0.0 345.98 0.0 0.0 0.0
t 108
c 385.70993 0.0 345.98 0.0 0.0 0.0
t 108
c 385.91153 0.0 345.98 0.0 0.0 0.0
t 108
c 386.11313 0.0 345.98 0.0 0.0 0.0
t 108
c 386.31474 0.0 345.98 0.0 0.0 0.0
t 108
c 386.51634 0.0 345.98 0.0 0.0 0.0
t 108
c 386.71794 0.0 345.98 0.0 0.0 0.0
t 108
c 386.91954 0.0 345.98 0.0 0.0 0.0
t 109
c 387.12115 0.0 345.98 0.0 0.0 0.0
t 109
c 387.32275 0.0 345.98 0.0 0.0 0.0
t 109
c 387.52435 0.0 345.98 0.0 0.0 0.0
t 109
c 387.72595 0.0 345.98 0.0 0.0 0.0
t 109
c 387.92756 0.0 345.98 0.0 0.0 0.0
t 109
c 388.12916 0.0 345.98 0.0 0.0 0.0
t 109
c 388.33076 0.0 345.98 0.0 0.0 0.0
t 109
c 388.53236 0.0 345.98 0.0 0.0 0.0
t 109
c 388.73397 0.0 345.98 0.0 0.0 0.0
t 109
c 388.93557 0.0 345.98 0.0 0.0 0.0
t 110
c 389.13717 0.0 345.98 0.0 0.0 0.0
t 110
c 389.33877 0.0 345.98 0.0 0.0 0.0
t 110
c 389.54038 0.0 345.98 0.0 0.0 0.0
t 110
c 389.74198 0.0 345.98 0.0 0.0 0.0
t 110
c 389.94358 0.0 345.98 0.0 0.0 0.0
t 110
c 390.14518 0.0 345.98 0.0 0.0 0.0
t 110
c 390.34679 0.0 345.98 0.0 0.0 0.0
t 110
c 390.54839 0.0 345.98 0.0 0.0 0.0
t 110
c 390.74999 0.0 345.98 0.0 0.0 0.0
t 110
c 390.95159 0.0 345.98 0.0 0.0 0.0
t 110
c 391.1532 0.0 345.98 0.0 0.0 0.0
t 111
c 391.3548 0.0 345.98 0.0 0.0 0.0
t 111
c 391.5564 0.0 345.98 0.0 0.0 0.0
t 111
c 391.758 0.0 345.98 0.0 0.0 0.0
t 111
c 391.95961 0.0 345.98 0.0 0.0 0.0
t 111
c 392.16121 0.0 345.98 0.0 0.0 0.0
t 111
c 392.36281 0.0 345.98 0.0 0.0 0.0
t 111
c 392.56441 0.0 345.98 0.0 0.0 0.0
t 111
c 392.76602 0.0 345.98 0.0 0.0 0.0
t 111
c 392.96762 0.0 345.98 0.0 0.0 0.0
t 111
c 393.16922 0.0 345.98 0.0 0.0 0.0
t 112
c 393.37082 0.0 345.98 0.0 0.0 0.0
t 112
c 393.57243 0.0 345.98 0.0 0.0 0.0
t 112
c 393.77403 0.0 345.98 0.0 0.0 0.0
t 112
c 393.97563 0.0 345.98 0.0 0.0 0.0
t 112
c 394.17723 0.0 345.98 0.0 0.0 0.0
t 112
c 394.37884 0.0 345.98 0.0 0.0 0.0
t 112
c 394.58044 0.0 345.98 0.0 0.0 0.0
t 112
c 394.78204 0.0 345.98 0.0 0.0 0.0
t 112
c 394.98364 0.0 345.98 0.0 0.0 0.0
t 112
c 395.18525 0.0 345.98 0.0 0.0 0.0
t 112
c 395.38685 0.0 345.98 0.0 0.0 0.0
t 113
c 395.58845 0.0 345.98 0.0 0.0 0.0
t 113
c 395.79005 0.0 345.98 0.0 0.0 0.0
t 113
c 395.99166 0.0 345.98 0.0 0.0 0.0
t 113
c 396.19326 0.0 345.98 0.0 0.0 0.0
t 113
c 396.39486 0.0 345.98 0.0 0.0 0.0
t 113
c 396.59646 0.0 345.98 0.0 0.0 0.0
t 113
c 396.79807 0.0 345.98 0.0 0.0 0.0
t 113
c 396.99967 0.0 345.98 0.0 0.0 0.0
t 113
c 397.20127 0.0 345.98 0.0 0.0 0.0
t 113
c 397.40287 0.0 345.98 0.0 0.0 0.0
t 114
c 397.60448 0.0 345.98 0.0 0.0 0.0
t 114
c 397.80608 0.0 345.98 0.0 0.0 0.0
t 114
c 398.00768 0.0 345.98 0.0 0.0 0.0
t 114
c 398.20928 0.0 345.98 0.0 0.0 0.0
t 114
c 398.41089 0.0 345.98 0.0 0.0 0.0
t 114
c 398.61249 0.0 345.98 0.0 0.0 0.0
t 114
c 398.81409 0.0 345.98 0.0 0.0 0.0
t 114
c 399.01569 0.0 345.98 0.0 0.0 0.0
t 114
c 399.2173 0.0 345.98 0.0 0.0 0.0
t 114
c 399.4189 0.0 345.98 0.0 0.0 0.0
t 115
c 399.6205 0.0 345.98 0.0 0.0 0.0
t 115
c 399.8221 0.0 345.98 0.0 0.0 0.0
t 115
c 400.02371 0.0 345.98 0.0 0.0 0.0
t 115
c 400.22531 0.0 345.98 0.0 0.0 0.0
t 115
c 400.42691 0.0 345.98 0.0 0.0 0.0
t 115
c 400.62851 0.0 345.98 0.0 0.0 0.0
t 115
c 400.83012 0.0 345.98 0.0 0.0 0.0
t 115
c 401.03172 0.0 345.98 0.0 0.0 0.0
t 115
c 401.23332 0.0 345.98 0.0 0.0 0.0
t 115
c 401.43492 0.0 345.98 0.0 0.0 0.0
t 115
c 401.63653 0.0 345.98 0.0 0.0 0.0
t 116
c 401.83813 0.0 345.98 0.0 0.0 0.0
t 116
c 402.03973 0.0 345.98 0.0 0.0 0.0
t 116
c 402.24133 0.0 345.98 0.0 0.0 0.0
t 116
c 402.44294 0.0 345.98 0.0 0.0 0.0
t 116
c 402.64454 0.0 345.98 0.0 0.0 0.0
t 116
c 402.84614 0.0 345.98 0.0 0.0 0.0
t 116
c 403.04774 0.0 345.98 0.0 0.0 0.0
t 116
c 403.24935 0.0 345.98 0.0 0.0 0.0
t 116
c 403.45095 0.0 345.98 0.0 0.0 0.0
t 116
c 403.65255 0.0 345.98 0.0 0.0 0.0
t 117
c 403.85415 0.0 345.98 0.0 0.0 0.0
t 117
c 404.05576 0.0 345.98 0.0 0.0 0.0
t 117
c 404.25736 0.0 345.98 0.0 0.0 0.0
t 117
c 404.45896 0.0 345.98 0.0 0.0 0.0
t 117
c 404.66056 0.0 345.98 0.0 0.0 0.0
t 117
c 404.86217 0.0 345.98 0.0 0.0 0.0
t 117
c 405.06377 0.0 345.98 0.0 0.0 0.0
t 117
c 405.26537 0.0 345.98 0.0 0.0 0.0
t 117
c 405.46697 0.0 345.98 0.0 0.0 0.0
t 117
c 405.66858 0.0 345.98 0.0 0.0 0.0
t 117
c 405.87018 0.0 345.98 0.0 0.0 0.0
t 118
c 406.07178 0.0 345.98 0.0 0.0 0.0
t 118
c 406.27338 0.0 345.98 0.0 0.0 0.0
t 118
c 406.47499 0.0 345.98 0.0 0.0 0.0
t 118
c 406.67659 0.0 345.98 0.0 0.0 0.0
t 118
c 406.87819 0.0 345.98 0.0 0.0 0.0
t 118
c 407.07979 0.0 345.98 0.0 0.0 0.0
t 118
c 407.2814 0.0 345.98 0.0 0.0 0.0
t 118
c 407.483 0.0 345.98 0.0 0.0 0.0
t 118
c 407.6846 0.0 345.98 0.0 0.0 0.0
t 118
c 407.8862 0.0 345.98 0.0 0.0 0.0
t 119
c 408.08781 0.0 345.98 0.0 0.0 0.0
t 119
c 408.28941 0.0 345.98 0.0 0.0 0.0
t 119
c 408.49101 0.0 345.98 0.0 0.0 0.0
t 119
c 408.69261 0.0 345.98 0.0 0.0 0.0
t 119
c 408.89422 0.0 345.98 0.0 0.0 0.0
t 119
c 409.09582 0.0 345.98 0.0 0.0 0.0
t 119
c 409.29742 0.0 345.98 0.0 0.0 0.0
t 119
c 409.49902 0.0 345.98 0.0 0.0 0.0
t 119
c 409.70063 0.0 345.98 0.0 0.0 0.0
t 119
c 409.90223 0.0 345.98 0.0 0.0 0.0
t 119
c 410.10383 0.0 345.98 0.0 0.0 0.0
t 120
c 410.30543 0.0 345.98 0.0 0.0 0.0
t 120
c 410.50704 0.0 345.98 0.0 0.0 0.0
t 120
c 410.70864 0.0 345.98 0.0 0.0 0.0
t 120
c 410.91024 0.0 345.98 0.0 0.0 0.0
t 120
c 411.11184 0.0 345.98 0.0 0.0 0.0
t 120
c 411.31345 0.0 345.98 0.0 0.0 0.0
t 120
c 411.51505 0.0 345.98 0.0 0.0 0.0
t 120
c 411.71665 0.0 345.98 0.0 0.0 0.0
t 120
c 411.91825 0.0 345.98 0.0 0.0 0.0
t 120
c 412.11986 0.0 345.98 0.0 0.0 0.0
t 121
c 412.32146 0.0 345.98 0.0 0.0 0.0
t 121
c 412.52306 0.0 345.98 0.0 0.0 0.0
t 121
c 412.72466 0.0 345.98 0.0 0.0 0.0
t 121
c 412.92627 0.0 345.98 0.0 0.0 0.0
t 121
c 413.12787 0.0 345.98 0.0 0.0 0.0
t 121
c 413.32947 0.0 345.98 0.0 0.0 0.0
t 121
c 413.53107 0.0 345.98 0.0 0.0 0.0
t 121
c 413.73268 0.0 345.98 0.0 0.0 0.0
t 121
c 413.93428 0.0 345.98 0.0 0.0 0.0
t 121
c 414.13588 0.0 345.98 0.0 0.0 0.0
t 121
c 414.33748 0.0 345.98 0.0 0.0 0.0
t 122
c 414.53909 0.0 345.98 0.0 0.0 0.0
t 122
c 414.74069 0.0 345.98 0.0 0.0 0.0
t 122
c 414.94229 0.0 345.98 0.0 0.0 0.0
t 122
c 415.14389 0.0 345.98 0.0 0.0 0.0
t 122
c 415.3455 0.0 345.98 0.0 0.0 0.0
t 122
c 415.5471 0.0 345.98 0.0 0.0 0.0
t 122
c 415.7487 0.0 345.98 0.0 0.0 0.0
t 122
c 415.9503 0.0 345.98 0.0 0.0 0.0
t 122
c 416.15191 0.0 345.98 0.0 0.0 0.0
t 122
c 416.35351 0.0 345.98 0.0 0.0 0.0
t 123
c 416.55511 0.0 345.98 0.0 0.0 0.0
t 123
c 416.75671 0.0 345.98 0.0 0.0 0.0
t 123
c 416.95832 0.0 345.98 0.0 0.0 0.0
t 123
c 417.15992 0.0 345.98 0.0 0.0 0.0
t 123
c 417.36152 0.0 345.98 0.0 0.0 0.0
t 123
c 417.56312 0.0 345.98 0.0 0.0 0.0
t 123
c 417.76473 0.0 345.98 0.0 0.0 0.0
t 123
c 417.96633 0.0 345.98 0.0 0.0 0.0
t 123
c 418.16793 0.0 345.98 0.0 0.0 0.0
t 123
c 418.36953 0.0 345.98 0.0 0.0 0.0
t 123
c 418.57114 0.0 345.98 0.0 0.0 0.0
t 124
c 418.77274 0.0 345.98 0.0 0.0 0.0
t 124
c 418.97434 0.0 345.98 0.0 0.0 0.0
t 124
c 419.17594 0.0 345.98 0.0 0.0 0.0
t 124
c 419.37755 0.0 345.98 0.0 0.0 0.0
t 124
c 419.57915 0.0 345.98 0.0 0.0 0.0
t 124
c 419.78075 0.0 345.98 0.0 0.0 0.0
t 124
c 419.98235 0.0 345.98 0.0 0.0 0.0
t 124
c 420.18396 0.0 345.98 0.0 0.0 0.0
t 124
c 420.38556 0.0 345.98 0.0 0.0 0.0
t 124
c 420.58716 0.0 345.98 0.0 0.0 0.0
t 125
c 420.78876 0.0 345.98 0.0 0.0 0.0
t 125
c 420.99037 0.0 345.98 0.0 0.0 0.0
t 125
c 421.19197 0.0 345.98 0.0 0.0 0.0
t 125
c 421.39357 0.0 345.98 0.0 0.0 0.0
t 125
c 421.59517 0.0 345.98 0.0 0.0 0.0
t 125
c 421.79678 0.0 345.98 0.0 0.0 0.0
t 125
c 421.99838 0.0 345.98 0.0 0.0 0.0
t 125
c 422.19998 0.0 345.98 0.0 0.0 0.0
t 125
c 422.40158 0.0 345.98 0.0 0.0 0.0
t 125
c 422.60319 0.0 345.98 0.0 0.0 0.0
t 125
c 422.80479 0.0 345.98 0.0 0.0 0.0
t 126
c 423.00639 0.0 345.98 0.0 0.0 0.0
t 126
c 423.20799 0.0 345.98 0.0 0.0 0.0
t 126
c 423.4096 0.0 345.98 0.0 0.0 0.0
t 126
c 423.6112 0.0 345.98 0.0 0.0 0.0
t 126
c 423.8128 0.0 345.98 0.0 0.0 0.0
t 126
c 424.0144 0.0 345.98 0.0 0.0 0.0
t 126
c 424.21601 0.0 345.98 0.0 0.0 0.0
t 126
c 424.41761 0.0 345.98 0.0 0.0 0.0
t 126
c 424.61921 0.0 345.98 0.0 0.0 0.0
t 126
c 424.82081 0.0 345.98 0.0 0.0 0.0
t 127
c 425.02242 0.0 345.98 0.0 0.0 0.0
t 127
c 425.22402 0.0 345.98 0.0 0.0 0.0
t 127
c 425.42562 0.0 345.98 0.0 0.0 0.0
t 127
c 425.62722 0.0 345.98 0.0 0.0 0.0
t 127
c 425.82883 0.0 345.98 0.0 0.0 0.0
t 127
c 426.03043 0.0 345.98 0.0 0.0 0.0
t 127
c 426.23203 0.0 345.98 0.0 0.0 0.0
t 127
c 426.43363 0.0 345.98 0.0 0.0 0.0
t 127
c 426.63524 0.0 345.98 0.0 0.0 0.0
t 127
c 426.83684 0.0 345.98 0.0 0.0 0.0
t 127
c 427.03844 0.0 345.98 0.0 0.0 0.0
t 128
c 427.24004 0.0 345.98 0.0 0.0 0.0
t 128
c 427.44165 0.0 345.98 0.0 0.0 0.0
t 128
c 427.64325 0.0 345.98 0.0 0.0 0.0
t 128
c 427.84485 0.0 345.98 0.0 0.0 0.0
t 128
c 428.04645 0.0 345.98 0.0 0.0 0.0
t 128
c 428.24806 0.0 345.98 0.0 0.0 0.0
t 128
c 428.44966 0.0 345.98 0.0 0.0 0.0
t 128
c 428.65126 0.0 345.98 0.0 0.0 0.0
t 128
c 428.85286 0.0 345.98 0.0 0.0 0.0
t 128
c 429.05447 0.0 345.98 0.0 0.0 0.0
t 129
c 429.25607 0.0 345.98 0.0 0.0 0.0
t 129
c 429.45767 0.0 345.98 0.0 0.0 0.0
t 129
c 429.65927 0.0 345.98 0.0 0.0 0.0
t 129
c 429.86088 0.0 345.98 0.0 0.0 0.0
t 129
c 430.06248 0.0 345.98 0.0 0.0 0.0
t 129
c 430.26408 0.0 345.98 0.0 0.0 0.0
t 129
c 430.46568 0.0 345.98 0.0 0.0 0.0
t 129
c 430.66729 0.0 345.98 0.0 0.0 0.0
t 129
c 430.86889 0.0 345.98 0.0 0.0 0.0
t 129
c 431.07049 0.0 345.98 0.0 0.0 0.0
t 129
c 431.27209 0.0 345.98 0.0 0.0 0.0
t 130
c 431.4737 0.0 345.98 0.0 0.0 0.0
t 130
c 431.6753 0.0 345.98 0.0 0.0 0.0
t 130
c 431.8769 0.0 345.98 0.0 0.0 0.0
t 130
c 432.0785 0.0 345.98 0.0 0.0 0.0
t 130
c 432.28011 0.0 345.98 0.0 0.0 0.0
t 130
c 432.48171 0.0 345.98 0.0 0.0 0.0
t 130
c 432.68331 0.0 345.98 0.0 0.0 0.0
t 130
c 432.88491 0.0 345.98 0.0 0.0 0.0
t 130
c 433.08652 0.0 345.98 0.0 0.0 0.0
t 130
c 433.28812 0.0 345.98 0.0 0.0 0.0
t 131
c 433.48972 0.0 345.98 0.0 0.0 0.0
t 131
c 433.69132 0.0 345.98 0.0 0.0 0.0
t 131
c 433.89293 0.0 345.98 0.0 0.0 0.0
t 131
c 434.09453 0.0 345.98 0.0 0.0 0.0
t 131
c 434.29613 0.0 345.98 0.0 0.0 0.0
t 131
c 434.49773 0.0 345.98 0.0 0.0 0.0
t 131
c 434.69934 0.0 345.98 0.0 0.0 0.0
t 131
c 434.90094 0.0 345.98 0.0 0.0 0.0
t 131
c 435.10254 0.0 345.98 0.0 0.0 0.0
t 131
c 435.30414 0.0 345.98 0.0 0.0 0.0
t 132
c 435.50575 0.0 345.98 0.0 0.0 0.0
t 132
c 435.70735 0.0 345.98 0.0 0.0 0.0
t 132
c 435.90895 0.0 345.98 0.0 0.0 0.0
t 132
c 436.11055 0.0 345.98 0.0 0.0 0.0
t 132
c 436.31216 0.0 345.98 0.0 0.0 0.0
t 132
c 436.51376 0.0 345.98 0.0 0.0 0.0
t 132
c 436.71536 0.0 345.98 0.0 0.0 0.0
t 132
c 436.91696 0.0 345.98 0.0 0.0 0.0
t 132
c 437.11857 0.0 345.98 0.0 0.0 0.0
t 132
c 437.32017 0.0 345.98 0.0 0.0 0.0
t 132
c 437.52177 0.0 345.98 0.0 0.0 0.0
t 133
c 437.72337 0.0 345.98 0.0 0.0 0.0
t 133
c 437.92498 0.0 345.98 0.0 0.0 0.0
t 133
c 438.12658 0.0 345.98 0.0 0.0 0.0
t 133
c 438.32818 0.0 345.98 0.0 0.0 0.0
t 133
c 438.52978 0.0 345.98 0.0 0.0 0.0
t 133
c 438.73139 0.0 345.98 0.0 0.0 0.0
t 133
c 438.93299 0.0 345.98 0.0 0.0 0.0
t 133
c 439.13459 0.0 345.98 0.0 0.0 0.0
t 133
c 439.33619 0.0 345.98 0.0 0.0 0.0
t 133
c 439.5378 0.0 345.98 0.0 0.0 0.0
t 134
c 439.7394 0.0 345.98 0.0 0.0 0.0
t 134
c 439.941 0.0 345.98 0.0 0.0 0.0
t 134
c 440.1426 0.0 345.98 0.0 0.0 0.0
t 134
c 440.34421 0.0 345.98 0.0 0.0 0.0
t 134
c 440.54581 0.0 345.98 0.0 0.0 0.0
t 134
c 440.74741 0.0 345.98 0.0 0.0 0.0
t 134
c 440.94901 0.0 345.98 0.0 0.0 0.0
t 134
c 441.15062 0.0 345.98 0.0 0.0 0.0
t 134
c 441.35222 0.0 345.98 0.0 0.0 0.0
t 134
c 441.55382 0.0 345.98 0.0 0.0 0.0
t 134
c 441.75542 0.0 345.98 0.0 0.0 0.0
t 135
c 441.95703 0.0 345.98 0.0 0.0 0.0
t 135
c 442.15863 0.0 345.98 0.0 0.0 0.0
t 135
c 442.36023 0.0 345.98 0.0 0.0 0.0
t 135
c 442.56183 0.0 345.98 0.0 0.0 0.0
t 135
c 442.76344 0.0 345.98 0.0 0.0 0.0
t 135
c 442.96504 0.0 345.98 0.0 0.0 0.0
t 135
c 443.16664 0.0 345.98 0.0 0.0 0.0
t 135
c 443.36824 0.0 345.98 0.0 0.0 0.0
t 135
c 443.56985 0.0 345.98 0.0 0.0 0.0
t 135
c 443.77145 0.0 345.98 0.0 0.0 0.0
t 136
c 443.97305 0.0 345.98 0.0 0.0 0.0
t 136
c 444.17465 0.0 345.98 0.0 0.0 0.0
t 136
c 444.37626 0.0 345.98 0.0 0.0 0.0
t 136
c 444.57786 0.0 345.98 0.0 0.0 0.0
t 136
c 444.77946 0.0 345.98 0.0 0.0 0.0
t 136
c 444.98106 0.0 345.98 0.0 0.0 0.0
t 136
c 445.18267 0.0 345.98 0.0 0.0 0.0
t 136
c 445.38427 0.0 345.98 0.0 0.0 0.0
t 136
c 445.58587 0.0 345.98 0.0 0.0 0.0
t 136
c 445.78747 0.0 345.98 0.0 0.0 0.0
t 136
c 445.98908 0.0 345.98 0.0 0.0 0.0
t 137
c 446.19068 0.0 345.98 0.0 0.0 0.0
t 137
c 446.39228 0.0 345.98 0.0 0.0 0.0
t 137
c 446.59388 0.0 345.98 0.0 0.0 0.0
t 137
c 446.79549 0.0 345.98 0.0 0.0 0.0
t 137
c 446.99709 0.0 345.98 0.0 0.0 0.0
t 137
c 447.19869 0.0 345.98 0.0 0.0 0.0
t 137
c 447.40029 0.0 345.98 0.0 0.0 0.0
t 137
c 447.6019 0.0 345.98 0.0 0.0 0.0
t 137
c 447.8035 0.0 345.98 0.0 0.0 0.0
t 137
c 448.0051 0.0 345.98 0.0 0.0 0.0
t 138
c 448.2067 0.0 345.98 0.0 0.0 0.0
t 138
c 448.40831 0.0 345.98 0.0 0.0 0.0
t 138
c 448.60991 0.0 345.98 0.0 0.0 0.0
t 138
c 448.81151 0.0 345.98 0.0 0.0 0.0
t 138
c 449.01311 0.0 345.98 0.0 0.0 0.0
t 138
c 449.21472 0.0 345.98 0.0 0.0 0.0
t 138
c 449.41632 0.0 345.98 0.0 0.0 0.0
t 138
c 449.61792 0.0 345.98 0.0 0.0 0.0
t 138
c 449.81952 0.0 345.98 0.0 0.0 0.0
t 138
c 450.02113 0.0 345.98 0.0 0.0 0.0
t 138
c 450.22273 0.0 345.98 0.0 0.0 0.0
t 139
c 450.42433 0.0 345.98 0.0 0.0 0.0
t 139
c 450.62593 0.0 345.98 0.0 0.0 0.0
t 139
c 450.82754 0.0 345.98 0.0 0.0 0.0
t 139
c 451.02914 0.0 345.98 0.0 0.0 0.0
t 139
c 451.23074 0.0 345.98 0.0 0.0 0.0
t 139
c 451.43234 0.0 345.98 0.0 0.0 0.0
t 139
c 451.63395 0.0 345.98 0.0 0.0 0.0
t 139
c 451.83555 0.0 345.98 0.0 0.0 0.0
t 139
c 452.03715 0.0 345.98 0.0 0.0 0.0
t 139
c 452.23875 0.0 345.98 0.0 0.0 0.0
t 140
c 452.44036 0.0 345.98 0.0 0.0 0.0
t 140
c 452.64196 0.0 345.98 0.0 0.0 0.0
t 140
c 452.84356 0.0 345.98 0.0 0.0 0.0
t 140
c 453.04516 0.0 345.98 0.0 0.0 0.0
t 140
c 453.24677 0.0 345.98 0.0 0.0 0.0
t 140
c 453.44837 0.0 345.98 0.0 0.0 0.0
t 140
c 453.64997 0.0 345.98 0.0 0.0 0.0
t 140
c 453.85157 0.0 345.98 0.0 0.0 0.0
t 140
c 454.05318 0.0 345.98 0.0 0.0 0.0
t 140
c 454.25478 0.0 345.98 0.0 0.0 0.0
t 140
c 454.45638 0.0 345.98 0.0 0.0 0.0
t 141
c 454.65798 0.0 345.98 0.0 0.0 0.0
t 141
c 454.85959 0.0 345.98 0.0 0.0 0.0
t 141
c 455.06119 0.0 345.98 0.0 0.0 0.0
t 141
c 455.26279 0.0 345.98 0.0 0.0 0.0
t 141
c 455.46439 0.0 345.98 0.0 0.0 0.0
t 141
c 455.666 0.0 345.98 0.0 0.0 0.0
t 141
c 455.8676 0.0 345.98 0.0 0.0 0.0
t 141
c 456.0692 0.0 345.98 0.0 0.0 0.0
t 141
c 456.2708 0.0 345.98 0.0 0.0 0.0
t 141
c 456.47241 0.0 345.98 0.0 0.0 0.0
t 142
c 456.67401 0.0 345.98 0.0 0.0 0.0
t 142
c 456.87561 0.0 345.98 0.0 0.0 0.0
t 142
c 457.07721 0.0 345.98 0.0 0.0 0.0
t 142
c 457.27882 0.0 345.98 0.0 0.0 0.0
t 142
c 457.48042 0.0 345.98 0.0 0.0 0.0
t 142
c 457.68202 0.0 345.98 0.0 0.0 0.0
t 142
c 457.88362 0.0 345.98 0.0 0.0 0.0
t 142
c 458.08523 0.0 345.98 0.0 0.0 0.0
t 142
c 458.28683 0.0 345.98 0.0 0.0 0.0
t 142
c 458.48843 0.0 345.98 0.0 0.0 0.0
t 142
c 458.69003 0.0 345.98 0.0 0.0 0.0
t 143
c 458.89164 0.0 345.98 0.0 0.0 0.0
t 143
c 459.09324 0.0 345.98 0.0 0.0 0.0
t 143
c 459.29484 0.0 345.98 0.0 0.0 0.0
t 143
c 459.49644 0.0 345.98 0.0 0.0 0.0
t 143
c 459.69805 0.0 345.98 0.0 0.0 0.0
t 143
c 459.89965 0.0 345.98 0.0 0.0 0.0
t 143
c 460.10125 0.0 345.98 0.0 0.0 0.0
t 143
c 460.30285 0.0 345.98 0.0 0.0 0.0
t 143
c 460.50446 0.0 345.98 0.0 0.0 0.0
t 143
c 460.70606 0.0 345.98 0.0 0.0 0.0
t 144
c 460.90766 0.0 345.98 0.0 0.0 0.0
t 144
c 461.10926 0.0 345.98 0.0 0.0 0.0
t 144
c 461.31087 0.0 345.98 0.0 0.0 0.0
t 144
c 461.51247 0.0 345.98 0.0 0.0 0.0
t 144
c 461.71407 0.0 345.98 0.0 0.0 0.0
t 144
c 461.91567 0.0 345.98 0.0 0.0 0.0
t 144
c 462.11728 0.0 345.98 0.0 0.0 0.0
t 144
c 462.31888 0.0 345.98 0.0 0.0 0.0
t 144
c 462.52048 0.0 345.98 0.0 0.0 0.0
t 144
c 462.72208 0.0 345.98 0.0 0.0 0.0
t 144
c 462.92369 0.0 345.98 0.0 0.0 0.0
t 145
c 463.12529 0.0 345.98 0.0 0.0 0.0
t 145
c 463.32689 0.0 345.98 0.0 0.0 0.0
t 145
c 463.52849 0.0 345.98 0.0 0.0 0.0
t 145
c 463.7301 0.0 345.98 0.0 0.0 0.0
t 145
c 463.9317 0.0 345.98 0.0 0.0 0.0
t 145
c 464.1333 0.0 345.98 0.0 0.0 0.0
t 145
c 464.3349 0.0 345.98 0.0 0.0 0.0
t 145
c 464.53651 0.0 345.98 0.0 0.0 0.0
t 145
c 464.73811 0.0 345.98 0.0 0.0 0.0
t 145
c 464.93971 0.0 345.98 0.0 0.0 0.0
t 146
c 465.14131 0.0 345.98 0.0 0.0 0.0
t 146
c 465.34292 0.0 345.98 0.0 0.0 0.0
t 146
c 465.54452 0.0 345.98 0.0 0.0 0.0
t 146
c 465.74612 0.0 345.98 0.0 0.0 0.0
t 146
c 465.94772 0.0 345.98 0.0 0.0 0.0
t 146
c 466.14933 0.0 345.98 0.0 0.0 0.0
t 146
c 466.35093 0.0 345.98 0.0 0.0 0.0
t 146
c 466.55253 0.0 345.98 0.0 0.0 0.0
t 146
c 466.75413 0.0 345.98 0.0 0.0 0.0
t 146
c 466.95574 0.0 345.98 0.0 0.0 0.0
t 146
c 467.15734 0.0 345.98 0.0 0.0 0.0
t 147
c 467.35894 0.0 345.98 0.0 0.0 0.0
t 147
c 467.56054 0.0 345.98 0.0 0.0 0.0
t 147
c 467.76215 0.0 345.98 0.0 0.0 0.0
t 147
c 467.96375 0.0 345.98 0.0 0.0 0.0
t 147
c 468.16535 0.0 345.98 0.0 0.0 0.0
t 147
c 468.36695 0.0 345.98 0.0 0.0 0.0
t 147
c 468.56856 0.0 345.98 0.0 0.0 0.0
t 147
c 468.77016 0.0 345.98 0.0 0.0 0.0
t 147
c 468.97176 0.0 345.98 0.0 0.0 0.0
t 147
c 469.17336 0.0 345.98 0.0 0.0 0.0
t 148
c 469.37497 0.0 345.98 0.0 0.0 0.0
t 148
c 469.57657 0.0 345.98 0.0 0.0 0.0
t 148
c 469.77817 0.0 345.98 0.0 0.0 0.0
t 148
c 469.97977 0.0 345.98 0.0 0.0 0.0
t 148
c 470.18138 0.0 345.98 0.0 0.0 0.0
t 148
c 470.38298 0.0 345.98 0.0 0.0 0.0
t 148
c 470.58458 0.0 345.98 0.0 0.0 0.0
t 148
c 470.78618 0.0 345.98 0.0 0.0 0.0
t 148
c 470.98779 0.0 345.98 0.0 0.0 0.0
t 148
c 471.18939 0.0 345.98 0.0 0.0 0.0
t 148
