c 322.22643 65.79634 9.1551 -3.81e-06 1.36052379 -1.8e-05
t 100
c 322.23095 61.60024 9.15773 -3.904e-05 1.3605093 -6.33e-05
t 100
c 322.23548 57.40414 9.16037 -7.427e-05 1.36049482 -0.0001086
t 100
c 322.24001 53.20805 9.163 -0.0001095 1.36048033 -0.0001539
t 100
c 322.24453 49.01195 9.16563 -0.00014473 1.36046585 -0.00019921
t 100
c 322.24906 44.81586 9.16826 -0.00017997 1.36045136 -0.00024451
t 100
c 322.25359 40.61976 9.1709 -0.0002152 1.36043688 -0.00028981
t 100
c 322.25811 36.42366 9.17353 -0.00025043 1.36042239 -0.00033511
t 100
c 322.26264 32.22757 9.17616 -0.00028566 1.3604079 -0.00038041
t 100
c 322.26717 28.03147 9.17879 -0.00032089 1.36039342 -0.00042571
t 100
c 322.27169 23.83538 9.18143 -0.00035612 1.36037893 -0.00047101
t 100
c 322.27622 19.63928 9.18406 -0.00039135 1.36036445 -0.00051631
t 100
c 322.28074 15.44318 9.18669 -0.00042658 1.36034996 -0.00056161
t 100
c 322.28527 11.24709 9.18932 -0.00046181 1.36033547 -0.00060691
t 100
c 322.2898 7.05099 9.19196 -0.00049704 1.36032099 -0.00065221
t 100
c 322.29432 2.85489 9.19459 -0.00053227 1.3603065 -0.00069752
t 100
c 322.29885 -1.3412 9.19722 -0.0005675 1.36029202 -0.00074282
t 100
c 322.30338 -5.5373 9.19985 -0.00060273 1.36027753 -0.00078812
t 100
c 322.3079 -9.73339 9.20249 -0.00063796 1.36026305 -0.00083342
t 100
c 322.3079 -9.73339 9.20249 -0.00063796 1.36026305 -0.00083342
t 100
c 318.19102 -9.73243 9.20258 -0.00068231 1.3602797 -0.00084613
t 100
c 314.07413 -9.73147 9.20268 -0.00072665 1.36029636 -0.00085885
t 100
c 309.95725 -9.73051 9.20278 -0.000771 1.36031301 -0.00087156
t 100
c 305.84036 -9.72954 9.20287 -0.00081534 1.36032967 -0.00088428
t 100
c 301.72347 -9.72858 9.20297 -0.00085969 1.36034633 -0.00089699
t 100
c 297.60659 -9.72762 9.20307 -0.00090404 1.36036298 -0.00090971
t 100
c 293.4897 -9.72666 9.20316 -0.00094838 1.36037964 -0.00092242
t 100
c 289.37282 -9.72569 9.20326 -0.00099273 1.3603963 -0.00093514
t 100
c 285.25593 -9.72473 9.20336 -0.00103707 1.36041295 -0.00094785
t 100
c 281.13905 -9.72377 9.20346 -0.00108142 1.36042961 -0.00096057
t 100
c 277.02216 -9.72281 9.20355 -0.00112576 1.36044626 -0.00097329
t 100
c 272.90528 -9.72184 9.20365 -0.00117011 1.36046292 -0.000986
t 100
c 268.78839 -9.72088 9.20375 -0.00121446 1.36047958 -0.00099872
t 100
c 264.6715 -9.71992 9.20384 -0.0012588 1.36049623 -0.00101143
t 100
c 260.55462 -9.71896 9.20394 -0.00130315 1.36051289 -0.00102415
t 100
c 256.43773 -9.71799 9.20404 -0.00134749 1.36052955 -0.00103686
t 100
c 252.32085 -9.71703 9.20414 -0.00139184 1.3605462 -0.00104958
t 100
c 248.20396 -9.71607 9.20423 -0.00143618 1.36056286 -0.00106229
t 100
c 244.08708 -9.71511 9.20433 -0.00148053 1.36057952 -0.00107501
t 100
c 239.97019 -9.71414 9.20443 -0.00152488 1.36059617 -0.00108772
t 100
c 235.8533 -9.71318 9.20452 -0.00156922 1.36061283 -0.00110044
t 100
c 231.73642 -9.71222 9.20462 -0.00161357 1.36062948 -0.00111315
t 100
c 227.61953 -9.71126 9.20472 -0.00165791 1.36064614 -0.00112587
t 100
c 223.50265 -9.71029 9.20482 -0.00170226 1.3606628 -0.00113858
t 100
c 219.38576 -9.70933 9.20491 -0.0017466 1.36067945 -0.0011513
t 100
c 215.26888 -9.70837 9.20501 -0.00179095 1.36069611 -0.00116401
t 100
c 211.15199 -9.70741 9.20511 -0.0018353 1.36071277 -0.00117673
t 100
c 207.0351 -9.70644 9.2052 -0.00187964 1.36072942 -0.00118944
t 100
c 202.91822 -9.70548 9.2053 -0.00192399 1.36074608 -0.00120216
t 100
c 198.80133 -9.70452 9.2054 -0.00196833 1.36076274 -0.00121487
t 100
c 194.68445 -9.70356 9.20549 -0.00201268 1.36077939 -0.00122759
t 100
c 190.56756 -9.70259 9.20559 -0.00205703 1.36079605 -0.0012403
t 100
c 190.56756 -9.70259 9.20559 -0.00205703 1.36079605 -0.0012403
t 100
c 190.56907 -5.64357 9.20747 -0.00202359 1.36077104 -0.00121281
t 100
c 190.57058 -1.58455 9.20935 -0.00199016 1.36074603 -0.00118532
t 99
c 190.57209 2.47448 9.21124 -0.00195672 1.36072102 -0.00115783
t 100
c 190.57359 6.5335 9.21312 -0.00192329 1.36069601 -0.00113034
t 100
c 190.5751 10.59253 9.215 -0.00188985 1.360671 -0.00110284
t 100
c 190.57661 14.65155 9.21688 -0.00185642 1.36064599 -0.00107535
t 100
c 190.57812 18.71057 9.21876 -0.00182298 1.36062098 -0.00104786
t 100
c 190.57963 22.7696 9.22064 -0.00178955 1.36059597 -0.00102037
t 100
c 190.58113 26.82862 9.22252 -0.00175611 1.36057096 -0.00099288
t 100
c 190.58264 30.88765 9.2244 -0.00172268 1.36054596 -0.00096538
t 100
c 190.58415 34.94667 9.22628 -0.00168924 1.36052095 -0.00093789
t 100
c 190.58566 39.00569 9.22816 -0.00165581 1.36049594 -0.0009104
t 100
c 190.58717 43.06472 9.23005 -0.00162238 1.36047093 -0.00088291
t 100
c 190.58867 47.12374 9.23193 -0.00158894 1.36044592 -0.00085541
t 100
c 190.59018 51.18276 9.23381 -0.00155551 1.36042091 -0.00082792
t 100
c 190.59169 55.24179 9.23569 -0.00152207 1.3603959 -0.00080043
t 100
c 190.5932 59.30081 9.23757 -0.00148864 1.36037089 -0.00077294
t 100
c 190.59471 63.35984 9.23945 -0.0014552 1.36034588 -0.00074545
t 100
c 190.59621 67.41886 9.24133 -0.00142177 1.36032087 -0.00071795
t 100
c 190.59772 71.47788 9.24321 -0.00138833 1.36029586 -0.00069046
t 100
c 190.59923 75.53691 9.24509 -0.0013549 1.36027085 -0.00066297
t 100
c 190.60074 79.59593 9.24697 -0.00132146 1.36024585 -0.00063548
t 100
c 190.60225 83.65496 9.24886 -0.00128803 1.36022084 -0.00060799
t 100
c 190.60375 87.71398 9.25074 -0.00125459 1.36019583 -0.00058049
t 100
c 190.60526 91.773 9.25262 -0.00122116 1.36017082 -0.000553
t 100
c 190.60677 95.83203 9.2545 -0.00118773 1.36014581 -0.00052551
t 100
c 190.60828 99.89105 9.25638 -0.00115429 1.3601208 -0.00049802
t 100
c 190.60979 103.95008 9.25826 -0.00112086 1.36009579 -0.00047052
t 100
c 190.6113 108.0091 9.26014 -0.00108742 1.36007078 -0.00044303
t 100
c 190.6128 112.06812 9.26202 -0.00105399 1.36004577 -0.00041554
t 100
c 190.61431 116.12715 9.2639 -0.00102055 1.36002076 -0.00038805
t 100
c 190.61582 120.18617 9.26578 -0.00098712 1.35999575 -0.00036056
t 100
c 190.61733 124.24519 9.26767 -0.00095368 1.35997074 -0.00033306
t 100
c 190.61884 128.30422 9.26955 -0.00092025 1.35994573 -0.00030557
t 100
