c 309.94251 214.71689 240.69698 0.49618165 0.29899355 0.0
c 309.94251 214.71689 240.49539 0.49618165 0.29899355 0.0
c 309.94251 214.71689 240.29381 0.49618165 0.29899355 0.0
c 309.94251 214.71689 240.09223 0.49618165 0.29899355 0.0
c 309.94251 214.71689 239.89065 0.49618165 0.29899355 0.0
c 309.94251 214.71689 239.68906 0.49618165 0.29899355 0.0
c 309.94251 214.71689 239.48748 0.49618165 0.29899355 0.0
c 309.94251 214.71689 239.2859 0.49618165 0.29899355 0.0
c 309.94251 214.71689 239.08432 0.49618165 0.29899355 0.0
c 309.94251 214.71689 238.88274 0.49618165 0.29899355 0.0
c 309.94251 214.71689 238.68115 0.49618165 0.29899355 0.0
c 309.94251 214.71689 238.47957 0.49618165 0.29899355 0.0
c 309.94251 214.71689 238.27799 0.49618165 0.29899355 0.0
c 309.94251 214.71689 238.07641 0.49618165 0.29899355 0.0
c 309.94251 214.71689 237.87483 0.49618165 0.29899355 0.0
c 309.94251 214.71689 237.67324 0.49618165 0.29899355 0.0
c 309.94251 214.71689 237.47166 0.49618165 0.29899355 0.0
c 309.94251 214.71689 237.27008 0.49618165 0.29899355 0.0
c 309.94251 214.71689 237.0685 0.49618165 0.29899355 0.0
c 309.94251 214.71689 236.86692 0.49618165 0.29899355 0.0
c 309.94251 214.71689 236.66533 0.49618165 0.29899355 0.0
c 309.94251 214.71689 236.46375 0.49618165 0.29899355 0.0
c 309.94251 214.71689 236.26217 0.49618165 0.29899355 0.0
c 309.94251 214.71689 236.06059 0.49618165 0.29899355 0.0
c 309.94251 214.71689 235.85901 0.49618165 0.29899355 0.0
c 309.94251 214.71689 235.65742 0.49618165 0.29899355 0.0
c 309.94251 214.71689 235.45584 0.49618165 0.29899355 0.0
c 309.94251 214.71689 235.25426 0.49618165 0.29899355 0.0
c 309.94251 214.71689 235.05268 0.49618165 0.29899355 0.0
c 309.94251 214.71689 234.8511 0.49618165 0.29899355 0.0
c 309.94251 214.71689 234.64951 0.49618165 0.29899355 0.0
c 309.94251 214.71689 234.44793 0.49618165 0.29899355 0.0
c 309.94251 214.71689 234.24635 0.49618165 0.29899355 0.0
c 309.94251 214.71689 234.04477 0.49618165 0.29899355 0.0
c 309.94251 214.71689 233.84319 0.49618165 0.29899355 0.0
c 309.94251 214.71689 233.6416 0.49618165 0.29899355 0.0
c 309.94251 214.71689 233.44002 0.49618165 0.29899355 0.0
c 309.94251 214.71689 233.23844 0.49618165 0.29899355 0.0
c 309.94251 214.71689 233.03686 0.49618165 0.29899355 0.0
c 309.94251 214.71689 232.83528 0.49618165 0.29899355 0.0
c 309.94251 214.71689 232.63369 0.49618165 0.29899355 0.0
c 309.94251 214.71689 232.43211 0.49618165 0.29899355 0.0
c 309.94251 214.71689 232.23053 0.49618165 0.29899355 0.0
c 309.94251 214.71689 232.02895 0.49618165 0.29899355 0.0
c 309.94251 214.71689 231.82737 0.49618165 0.29899355 0.0
c 309.94251 214.71689 231.62578 0.49618165 0.29899355 0.0
c 309.94251 214.71689 231.4242 0.49618165 0.29899355 0.0
c 309.94251 214.71689 231.22262 0.49618165 0.29899355 0.0
c 309.94251 214.71689 231.02104 0.49618165 0.29899355 0.0
c 309.94251 214.71689 230.81946 0.49618165 0.29899355 0.0
c 309.94251 214.71689 230.61787 0.49618165 0.29899355 0.0
c 309.94251 214.71689 230.41629 0.49618165 0.29899355 0.0
c 309.94251 214.71689 230.21471 0.49618165 0.29899355 0.0
c 309.94251 214.71689 230.01313 0.49618165 0.29899355 0.0
c 309.94251 214.71689 229.81155 0.49618165 0.29899355 0.0
c 309.94251 214.71689 229.60996 0.49618165 0.29899355 0.0
c 309.94251 214.71689 229.40838 0.49618165 0.29899355 0.0
c 309.94251 214.71689 229.2068 0.49618165 0.29899355 0.0
c 309.94251 214.71689 229.00522 0.49618165 0.29899355 0.0
c 309.94251 214.71689 228.80364 0.49618165 0.29899355 0.0
c 309.94251 214.71689 228.60205 0.49618165 0.29899355 0.0
c 309.94251 214.71689 228.40047 0.49618165 0.29899355 0.0
c 309.94251 214.71689 228.19889 0.49618165 0.29899355 0.0
c 309.94251 214.71689 227.99731 0.49618165 0.29899355 0.0
c 309.94251 214.71689 227.79573 0.49618165 0.29899355 0.0
c 309.94251 214.71689 227.59414 0.49618165 0.29899355 0.0
c 309.94251 214.71689 227.39256 0.49618165 0.29899355 0.0
c 309.94251 214.71689 227.19098 0.49618165 0.29899355 0.0
c 309.94251 214.71689 226.9894 0.49618165 0.29899355 0.0
c 309.94251 214.71689 226.78782 0.49618165 0.29899355 0.0
c 309.94251 214.71689 226.58623 0.49618165 0.29899355 0.0
c 309.94251 214.71689 226.38465 0.49618165 0.29899355 0.0
c 309.94251 214.71689 226.18307 0.49618165 0.29899355 0.0
c 309.94251 214.71689 225.98149 0.49618165 0.29899355 0.0
c 309.94251 214.71689 225.77991 0.49618165 0.29899355 0.0
c 309.94251 214.71689 225.57832 0.49618165 0.29899355 0.0
c 309.94251 214.71689 225.37674 0.49618165 0.29899355 0.0
c 309.94251 214.71689 225.17516 0.49618165 0.29899355 0.0
c 309.94251 214.71689 224.97358 0.49618165 0.29899355 0.0
c 309.94251 214.71689 224.772 0.49618165 0.29899355 0.0
c 309.94251 214.71689 224.57041 0.49618165 0.29899355 0.0
c 309.94251 214.71689 224.36883 0.49618165 0.29899355 0.0
c 309.94251 214.71689 224.16725 0.49618165 0.29899355 0.0
c 309.94251 214.71689 223.96567 0.49618165 0.29899355 0.0
c 309.94251 214.71689 223.76409 0.49618165 0.29899355 0.0
c 309.94251 214.71689 223.5625 0.49618165 0.29899355 0.0
c 309.94251 214.71689 223.36092 0.49618165 0.29899355 0.0
c 309.94251 214.71689 223.15934 0.49618165 0.29899355 0.0
c 309.94251 214.71689 222.95776 0.49618165 0.29899355 0.0
c 309.94251 214.71689 222.75617 0.49618165 0.29899355 0.0
c 309.94251 214.71689 222.55459 0.49618165 0.29899355 0.0
c 309.94251 214.71689 222.35301 0.49618165 0.29899355 0.0
c 309.94251 214.71689 222.15143 0.49618165 0.29899355 0.0
c 309.94251 214.71689 221.94985 0.49618165 0.29899355 0.0
c 309.94251 214.71689 221.74826 0.49618165 0.29899355 0.0
c 309.94251 214.71689 221.54668 0.49618165 0.29899355 0.0
c 309.94251 214.71689 221.3451 0.49618165 0.29899355 0.0
c 309.94251 214.71689 221.14352 0.49618165 0.29899355 0.0
c 309.94251 214.71689 220.94194 0.49618165 0.29899355 0.0
c 309.94251 214.71689 220.74035 0.49618165 0.29899355 0.0
c 309.94251 214.71689 220.53877 0.49618165 0.29899355 0.0
c 309.94251 214.71689 220.33719 0.49618165 0.29899355 0.0
c 309.94251 214.71689 220.13561 0.49618165 0.29899355 0.0
c 309.94251 214.71689 219.93403 0.49618165 0.29899355 0.0
c 309.94251 214.71689 219.73244 0.49618165 0.29899355 0.0
c 309.94251 214.71689 219.53086 0.49618165 0.29899355 0.0
c 309.94251 214.71689 219.32928 0.49618165 0.29899355 0.0
c 309.94251 214.71689 219.1277 0.49618165 0.29899355 0.0
c 309.94251 214.71689 218.92612 0.49618165 0.29899355 0.0
c 309.94251 214.71689 218.72453 0.49618165 0.29899355 0.0
c 309.94251 214.71689 218.52295 0.49618165 0.29899355 0.0
c 309.94251 214.71689 218.32137 0.49618165 0.29899355 0.0
c 309.94251 214.71689 218.11979 0.49618165 0.29899355 0.0
c 309.94251 214.71689 217.91821 0.49618165 0.29899355 0.0
c 309.94251 214.71689 217.71662 0.49618165 0.29899355 0.0
c 309.94251 214.71689 217.51504 0.49618165 0.29899355 0.0
c 309.94251 214.71689 217.31346 0.49618165 0.29899355 0.0
c 309.94251 214.71689 217.11188 0.49618165 0.29899355 0.0
c 309.94251 214.71689 216.9103 0.49618165 0.29899355 0.0
c 309.94251 214.71689 216.70871 0.49618165 0.29899355 0.0
c 309.94251 214.71689 216.50713 0.49618165 0.29899355 0.0
c 309.94251 214.71689 216.30555 0.49618165 0.29899355 0.0
c 309.94251 214.71689 216.10397 0.49618165 0.29899355 0.0
c 309.94251 214.71689 215.90239 0.49618165 0.29899355 0.0
c 309.94251 214.71689 215.7008 0.49618165 0.29899355 0.0
c 309.94251 214.71689 215.49922 0.49618165 0.29899355 0.0
c 309.94251 214.71689 215.29764 0.49618165 0.29899355 0.0
c 309.94251 214.71689 215.09606 0.49618165 0.29899355 0.0
c 309.94251 214.71689 214.89448 0.49618165 0.29899355 0.0
c 309.94251 214.71689 214.69289 0.49618165 0.29899355 0.0
c 309.94251 214.71689 214.49131 0.49618165 0.29899355 0.0
c 309.94251 214.71689 214.28973 0.49618165 0.29899355 0.0
c 309.94251 214.71689 214.08815 0.49618165 0.29899355 0.0
c 309.94251 214.71689 213.88657 0.49618165 0.29899355 0.0
c 309.94251 214.71689 213.68498 0.49618165 0.29899355 0.0
c 309.94251 214.71689 213.4834 0.49618165 0.29899355 0.0
c 309.94251 214.71689 213.28182 0.49618165 0.29899355 0.0
c 309.94251 214.71689 213.08024 0.49618165 0.29899355 0.0
c 309.94251 214.71689 212.87866 0.49618165 0.29899355 0.0
c 309.94251 214.71689 212.67707 0.49618165 0.29899355 0.0
c 309.94251 214.71689 212.47549 0.49618165 0.29899355 0.0
c 309.94251 214.71689 212.27391 0.49618165 0.29899355 0.0
c 309.94251 214.71689 212.07233 0.49618165 0.29899355 0.0
c 309.94251 214.71689 211.87075 0.49618165 0.29899355 0.0
c 309.94251 214.71689 211.66916 0.49618165 0.29899355 0.0
c 309.94251 214.71689 211.46758 0.49618165 0.29899355 0.0
c 309.94251 214.71689 211.266 0.49618165 0.29899355 0.0
c 309.94251 214.71689 211.06442 0.49618165 0.29899355 0.0
c 309.94251 214.71689 210.86284 0.49618165 0.29899355 0.0
c 309.94251 214.71689 210.66125 0.49618165 0.29899355 0.0
c 309.94251 214.71689 210.45967 0.49618165 0.29899355 0.0
c 309.94251 214.71689 210.25809 0.49618165 0.29899355 0.0
c 309.94251 214.71689 210.05651 0.49618165 0.29899355 0.0
c 309.94251 214.71689 209.85493 0.49618165 0.29899355 0.0
c 309.94251 214.71689 209.65334 0.49618165 0.29899355 0.0
c 309.94251 214.71689 209.45176 0.49618165 0.29899355 0.0
c 309.94251 214.71689 209.25018 0.49618165 0.29899355 0.0
c 309.94251 214.71689 209.0486 0.49618165 0.29899355 0.0
c 309.94251 214.71689 208.84702 0.49618165 0.29899355 0.0
c 309.94251 214.71689 208.64543 0.49618165 0.29899355 0.0
c 309.94251 214.71689 208.44385 0.49618165 0.29899355 0.0
c 309.94251 214.71689 208.24227 0.49618165 0.29899355 0.0
c 309.94251 214.71689 208.04069 0.49618165 0.29899355 0.0
c 309.94251 214.71689 207.83911 0.49618165 0.29899355 0.0
c 309.94251 214.71689 207.63752 0.49618165 0.29899355 0.0
c 309.94251 214.71689 207.43594 0.49618165 0.29899355 0.0
c 309.94251 214.71689 207.23436 0.49618165 0.29899355 0.0
c 309.94251 214.71689 207.03278 0.49618165 0.29899355 0.0
c 309.94251 214.71689 206.8312 0.49618165 0.29899355 0.0
c 309.94251 214.71689 206.62961 0.49618165 0.29899355 0.0
c 309.94251 214.71689 206.42803 0.49618165 0.29899355 0.0
c 309.94251 214.71689 206.22645 0.49618165 0.29899355 0.0
c 309.94251 214.71689 206.02487 0.49618165 0.29899355 0.0
c 309.94251 214.71689 205.82329 0.49618165 0.29899355 0.0
c 309.94251 214.71689 205.6217 0.49618165 0.29899355 0.0
c 309.94251 214.71689 205.42012 0.49618165 0.29899355 0.0
c 309.94251 214.71689 205.21854 0.49618165 0.29899355 0.0
c 309.94251 214.71689 205.01696 0.49618165 0.29899355 0.0
c 309.94251 214.71689 204.81537 0.49618165 0.29899355 0.0
c 309.94251 214.71689 204.61379 0.49618165 0.29899355 0.0
c 309.94251 214.71689 204.41221 0.49618165 0.29899355 0.0
c 309.94251 214.71689 204.21063 0.49618165 0.29899355 0.0
c 309.94251 214.71689 204.00905 0.49618165 0.29899355 0.0
c 309.94251 214.71689 203.80746 0.49618165 0.29899355 0.0
c 309.94251 214.71689 203.60588 0.49618165 0.29899355 0.0
c 309.94251 214.71689 203.4043 0.49618165 0.29899355 0.0
c 309.94251 214.71689 203.20272 0.49618165 0.29899355 0.0
c 309.94251 214.71689 203.00114 0.49618165 0.29899355 0.0
c 309.94251 214.71689 202.79955 0.49618165 0.29899355 0.0
c 309.94251 214.71689 202.59797 0.49618165 0.29899355 0.0
c 309.94251 214.71689 202.39639 0.49618165 0.29899355 0.0
c 309.94251 214.71689 202.19481 0.49618165 0.29899355 0.0
c 309.94251 214.71689 201.99323 0.49618165 0.29899355 0.0
c 309.94251 214.71689 201.79164 0.49618165 0.29899355 0.0
c 309.94251 214.71689 201.59006 0.49618165 0.29899355 0.0
c 309.94251 214.71689 201.38848 0.49618165 0.29899355 0.0
c 309.94251 214.71689 201.1869 0.49618165 0.29899355 0.0
c 309.94251 214.71689 200.98532 0.49618165 0.29899355 0.0
c 309.94251 214.71689 200.78373 0.49618165 0.29899355 0.0
c 309.94251 214.71689 200.58215 0.49618165 0.29899355 0.0
c 309.94251 214.71689 200.38057 0.49618165 0.29899355 0.0
c 309.94251 214.71689 200.17899 0.49618165 0.29899355 0.0
c 309.94251 214.71689 199.97741 0.49618165 0.29899355 0.0
c 309.94251 214.71689 199.77582 0.49618165 0.29899355 0.0
c 309.94251 214.71689 199.57424 0.49618165 0.29899355 0.0
c 309.94251 214.71689 199.37266 0.49618165 0.29899355 0.0
c 309.94251 214.71689 199.17108 0.49618165 0.29899355 0.0
c 309.94251 214.71689 198.9695 0.49618165 0.29899355 0.0
c 309.94251 214.71689 198.76791 0.49618165 0.29899355 0.0
c 309.94251 214.71689 198.56633 0.49618165 0.29899355 0.0
c 309.94251 214.71689 198.36475 0.49618165 0.29899355 0.0
c 309.94251 214.71689 198.16317 0.49618165 0.29899355 0.0
c 309.94251 214.71689 197.96159 0.49618165 0.29899355 0.0
c 309.94251 214.71689 197.76 0.49618165 0.29899355 0.0
c 309.94251 214.71689 197.55842 0.49618165 0.29899355 0.0
c 309.94251 214.71689 197.35684 0.49618165 0.29899355 0.0
c 309.94251 214.71689 197.15526 0.49618165 0.29899355 0.0
c 309.94251 214.71689 196.95368 0.49618165 0.29899355 0.0
c 309.94251 214.71689 196.75209 0.49618165 0.29899355 0.0
c 309.94251 214.71689 196.55051 0.49618165 0.29899355 0.0
c 309.94251 214.71689 196.34893 0.49618165 0.29899355 0.0
c 309.94251 214.71689 196.34893 0.49618165 0.29899355 0.0
c 309.94251 214.51894 196.38292 0.49618165 0.29899355 0.0
c 309.94251 214.32098 196.41691 0.49618165 0.29899355 0.0
c 309.94251 214.12303 196.4509 0.49618165 0.29899355 0.0
c 309.94251 213.92508 196.48489 0.49618165 0.29899355 0.0
c 309.94251 213.72712 196.51888 0.49618165 0.29899355 0.0
c 309.94251 213.52917 196.55287 0.49618165 0.29899355 0.0
c 309.94251 213.33122 196.58686 0.49618165 0.29899355 0.0
c 309.94251 213.13326 196.62086 0.49618165 0.29899355 0.0
c 309.94251 212.93531 196.65485 0.49618165 0.29899355 0.0
c 309.94251 212.73736 196.68884 0.49618165 0.29899355 0.0
c 309.94251 212.5394 196.72283 0.49618165 0.29899355 0.0
c 309.94251 212.34145 196.75682 0.49618165 0.29899355 0.0
c 309.94251 212.1435 196.79081 0.49618165 0.29899355 0.0
c 309.94251 211.94554 196.8248 0.49618165 0.29899355 0.0
c 309.94251 211.74759 196.85879 0.49618165 0.29899355 0.0
c 309.94251 211.54964 196.89278 0.49618165 0.29899355 0.0
c 309.94251 211.35168 196.92677 0.49618165 0.29899355 0.0
c 309.94251 211.15373 196.96076 0.49618165 0.29899355 0.0
c 309.94251 210.95578 196.99475 0.49618165 0.29899355 0.0
c 309.94251 210.75783 197.02874 0.49618165 0.29899355 0.0
c 309.94251 210.55987 197.06273 0.49618165 0.29899355 0.0
c 309.94251 210.36192 197.09673 0.49618165 0.29899355 0.0
c 309.94251 210.16397 197.13072 0.49618165 0.29899355 0.0
c 309.94251 209.96601 197.16471 0.49618165 0.29899355 0.0
c 309.94251 209.76806 197.1987 0.49618165 0.29899355 0.0
c 309.94251 209.57011 197.23269 0.49618165 0.29899355 0.0
c 309.94251 209.37215 197.26668 0.49618165 0.29899355 0.0
c 309.94251 209.1742 197.30067 0.49618165 0.29899355 0.0
c 309.94251 208.97625 197.33466 0.49618165 0.29899355 0.0
c 309.94251 208.77829 197.36865 0.49618165 0.29899355 0.0
c 309.94251 208.58034 197.40264 0.49618165 0.29899355 0.0
c 309.94251 208.38239 197.43663 0.49618165 0.29899355 0.0
c 309.94251 208.18443 197.47062 0.49618165 0.29899355 0.0
c 309.94251 207.98648 197.50461 0.49618165 0.29899355 0.0
c 309.94251 207.78853 197.5386 0.49618165 0.29899355 0.0
c 309.94251 207.59057 197.57259 0.49618165 0.29899355 0.0
c 309.94251 207.39262 197.60659 0.49618165 0.29899355 0.0
c 309.94251 207.19467 197.64058 0.49618165 0.29899355 0.0
c 309.94251 206.99671 197.67457 0.49618165 0.29899355 0.0
c 309.94251 206.79876 197.70856 0.49618165 0.29899355 0.0
c 309.94251 206.60081 197.74255 0.49618165 0.29899355 0.0
c 309.94251 206.40285 197.77654 0.49618165 0.29899355 0.0
c 309.94251 206.2049 197.81053 0.49618165 0.29899355 0.0
c 309.94251 206.00695 197.84452 0.49618165 0.29899355 0.0
c 309.94251 205.80899 197.87851 0.49618165 0.29899355 0.0
c 309.94251 205.61104 197.9125 0.49618165 0.29899355 0.0
c 309.94251 205.41309 197.94649 0.49618165 0.29899355 0.0
c 309.94251 205.21513 197.98048 0.49618165 0.29899355 0.0
c 309.94251 205.01718 198.01447 0.49618165 0.29899355 0.0
c 309.94251 204.81923 198.04846 0.49618165 0.29899355 0.0
c 309.94251 204.62127 198.08246 0.49618165 0.29899355 0.0
c 309.94251 204.42332 198.11645 0.49618165 0.29899355 0.0
c 309.94251 204.22537 198.15044 0.49618165 0.29899355 0.0
c 309.94251 204.02741 198.18443 0.49618165 0.29899355 0.0
c 309.94251 203.82946 198.21842 0.49618165 0.29899355 0.0
c 309.94251 203.63151 198.25241 0.49618165 0.29899355 0.0
c 309.94251 203.43355 198.2864 0.49618165 0.29899355 0.0
c 309.94251 203.2356 198.32039 0.49618165 0.29899355 0.0
c 309.94251 203.03765 198.35438 0.49618165 0.29899355 0.0
c 309.94251 202.8397 198.38837 0.49618165 0.29899355 0.0
c 309.94251 202.64174 198.42236 0.49618165 0.29899355 0.0
c 309.94251 202.44379 198.45635 0.49618165 0.29899355 0.0
c 309.94251 202.24584 198.49034 0.49618165 0.29899355 0.0
c 309.94251 202.04788 198.52433 0.49618165 0.29899355 0.0
c 309.94251 201.84993 198.55832 0.49618165 0.29899355 0.0
c 309.94251 201.65198 198.59232 0.49618165 0.29899355 0.0
c 309.94251 201.45402 198.62631 0.49618165 0.29899355 0.0
c 309.94251 201.25607 198.6603 0.49618165 0.29899355 0.0
c 309.94251 201.05812 198.69429 0.49618165 0.29899355 0.0
c 309.94251 200.86016 198.72828 0.49618165 0.29899355 0.0
c 309.94251 200.66221 198.76227 0.49618165 0.29899355 0.0
c 309.94251 200.46426 198.79626 0.49618165 0.29899355 0.0
c 309.94251 200.2663 198.83025 0.49618165 0.29899355 0.0
c 309.94251 200.06835 198.86424 0.49618165 0.29899355 0.0
c 309.94251 199.8704 198.89823 0.49618165 0.29899355 0.0
c 309.94251 199.67244 198.93222 0.49618165 0.29899355 0.0
c 309.94251 199.47449 198.96621 0.49618165 0.29899355 0.0
c 309.94251 199.27654 199.0002 0.49618165 0.29899355 0.0
c 309.94251 199.07858 199.03419 0.49618165 0.29899355 0.0
c 309.94251 198.88063 199.06819 0.49618165 0.29899355 0.0
c 309.94251 198.68268 199.10218 0.49618165 0.29899355 0.0
c 309.94251 198.48472 199.13617 0.49618165 0.29899355 0.0
c 309.94251 198.28677 199.17016 0.49618165 0.29899355 0.0
c 309.94251 198.08882 199.20415 0.49618165 0.29899355 0.0
c 309.94251 197.89086 199.23814 0.49618165 0.29899355 0.0
c 309.94251 197.69291 199.27213 0.49618165 0.29899355 0.0
c 309.94251 197.49496 199.30612 0.49618165 0.29899355 0.0
c 309.94251 197.297 199.34011 0.49618165 0.29899355 0.0
c 309.94251 197.09905 199.3741 0.49618165 0.29899355 0.0
c 309.94251 196.9011 199.40809 0.49618165 0.29899355 0.0
c 309.94251 196.70314 199.44208 0.49618165 0.29899355 0.0
c 309.94251 196.50519 199.47607 0.49618165 0.29899355 0.0
c 309.94251 196.30724 199.51006 0.49618165 0.29899355 0.0
c 309.94251 196.10928 199.54405 0.49618165 0.29899355 0.0
c 309.94251 195.91133 199.57805 0.49618165 0.29899355 0.0
c 309.94251 195.71338 199.61204 0.49618165 0.29899355 0.0
c 309.94251 195.51542 199.64603 0.49618165 0.29899355 0.0
c 309.94251 195.31747 199.68002 0.49618165 0.29899355 0.0
c 309.94251 195.11952 199.71401 0.49618165 0.29899355 0.0
c 309.94251 194.92157 199.748 0.49618165 0.29899355 0.0
c 309.94251 194.72361 199.78199 0.49618165 0.29899355 0.0
c 309.94251 194.52566 199.81598 0.49618165 0.29899355 0.0
c 309.94251 194.32771 199.84997 0.49618165 0.29899355 0.0
c 309.94251 194.12975 199.88396 0.49618165 0.29899355 0.0
c 309.94251 193.9318 199.91795 0.49618165 0.29899355 0.0
c 309.94251 193.73385 199.95194 0.49618165 0.29899355 0.0
c 309.94251 193.53589 199.98593 0.49618165 0.29899355 0.0
c 309.94251 193.33794 200.01992 0.49618165 0.29899355 0.0
c 309.94251 193.13999 200.05392 0.49618165 0.29899355 0.0
c 309.94251 192.94203 200.08791 0.49618165 0.29899355 0.0
c 309.94251 192.74408 200.1219 0.49618165 0.29899355 0.0
c 309.94251 192.54613 200.15589 0.49618165 0.29899355 0.0
c 309.94251 192.34817 200.18988 0.49618165 0.29899355 0.0
c 309.94251 192.15022 200.22387 0.49618165 0.29899355 0.0
c 309.94251 191.95227 200.25786 0.49618165 0.29899355 0.0
c 309.94251 191.75431 200.29185 0.49618165 0.29899355 0.0
c 309.94251 191.55636 200.32584 0.49618165 0.29899355 0.0
c 309.94251 191.35841 200.35983 0.49618165 0.29899355 0.0
c 309.94251 191.16045 200.39382 0.49618165 0.29899355 0.0
c 309.94251 190.9625 200.42781 0.49618165 0.29899355 0.0
c 309.94251 190.76455 200.4618 0.49618165 0.29899355 0.0
c 309.94251 190.56659 200.49579 0.49618165 0.29899355 0.0
c 309.94251 190.36864 200.52978 0.49618165 0.29899355 0.0
c 309.94251 190.17069 200.56378 0.49618165 0.29899355 0.0
c 309.94251 189.97273 200.59777 0.49618165 0.29899355 0.0
c 309.94251 189.77478 200.63176 0.49618165 0.29899355 0.0
c 309.94251 189.57683 200.66575 0.49618165 0.29899355 0.0
c 309.94251 189.37887 200.69974 0.49618165 0.29899355 0.0
c 309.94251 189.18092 200.73373 0.49618165 0.29899355 0.0
c 309.94251 188.98297 200.76772 0.49618165 0.29899355 0.0
c 309.94251 188.78501 200.80171 0.49618165 0.29899355 0.0
c 309.94251 188.58706 200.8357 0.49618165 0.29899355 0.0
c 309.94251 188.38911 200.86969 0.49618165 0.29899355 0.0
c 309.94251 188.19115 200.90368 0.49618165 0.29899355 0.0
c 309.94251 187.9932 200.93767 0.49618165 0.29899355 0.0
c 309.94251 187.79525 200.97166 0.49618165 0.29899355 0.0
c 309.94251 187.5973 201.00565 0.49618165 0.29899355 0.0
c 309.94251 187.39934 201.03965 0.49618165 0.29899355 0.0
c 309.94251 187.20139 201.07364 0.49618165 0.29899355 0.0
c 309.94251 187.00344 201.10763 0.49618165 0.29899355 0.0
c 309.94251 186.80548 201.14162 0.49618165 0.29899355 0.0
c 309.94251 186.60753 201.17561 0.49618165 0.29899355 0.0
c 309.94251 186.40958 201.2096 0.49618165 0.29899355 0.0
c 309.94251 186.21162 201.24359 0.49618165 0.29899355 0.0
c 309.94251 186.01367 201.27758 0.49618165 0.29899355 0.0
c 309.94251 185.81572 201.31157 0.49618165 0.29899355 0.0
c 309.94251 185.61776 201.34556 0.49618165 0.29899355 0.0
c 309.94251 185.41981 201.37955 0.49618165 0.29899355 0.0
c 309.94251 185.22186 201.41354 0.49618165 0.29899355 0.0
c 309.94251 185.0239 201.44753 0.49618165 0.29899355 0.0
c 309.94251 184.82595 201.48152 0.49618165 0.29899355 0.0
c 309.94251 184.628 201.51551 0.49618165 0.29899355 0.0
c 309.94251 184.43004 201.54951 0.49618165 0.29899355 0.0
c 309.94251 184.23209 201.5835 0.49618165 0.29899355 0.0
c 309.94251 184.03414 201.61749 0.49618165 0.29899355 0.0
c 309.94251 183.83618 201.65148 0.49618165 0.29899355 0.0
c 309.94251 183.63823 201.68547 0.49618165 0.29899355 0.0
c 309.94251 183.44028 201.71946 0.49618165 0.29899355 0.0
c 309.94251 183.24232 201.75345 0.49618165 0.29899355 0.0
c 309.94251 183.04437 201.78744 0.49618165 0.29899355 0.0
c 309.94251 182.84642 201.82143 0.49618165 0.29899355 0.0
c 309.94251 182.64846 201.85542 0.49618165 0.29899355 0.0
c 309.94251 182.45051 201.88941 0.49618165 0.29899355 0.0
c 309.94251 182.25256 201.9234 0.49618165 0.29899355 0.0
c 309.94251 182.0546 201.95739 0.49618165 0.29899355 0.0
c 309.94251 181.85665 201.99138 0.49618165 0.29899355 0.0
c 309.94251 181.6587 202.02538 0.49618165 0.29899355 0.0
c 309.94251 181.46074 202.05937 0.49618165 0.29899355 0.0
c 309.94251 181.26279 202.09336 0.49618165 0.29899355 0.0
c 309.94251 181.06484 202.12735 0.49618165 0.29899355 0.0
c 309.94251 180.86688 202.16134 0.49618165 0.29899355 0.0
c 309.94251 180.66893 202.19533 0.49618165 0.29899355 0.0
c 309.94251 180.47098 202.22932 0.49618165 0.29899355 0.0
c 309.94251 180.27302 202.26331 0.49618165 0.29899355 0.0
c 309.94251 180.07507 202.2973 0.49618165 0.29899355 0.0
c 309.94251 179.87712 202.33129 0.49618165 0.29899355 0.0
c 309.94251 179.67917 202.36528 0.49618165 0.29899355 0.0
c 309.94251 179.48121 202.39927 0.49618165 0.29899355 0.0
c 309.94251 179.28326 202.43326 0.49618165 0.29899355 0.0
c 309.94251 179.08531 202.46725 0.49618165 0.29899355 0.0
c 309.94251 178.88735 202.50124 0.49618165 0.29899355 0.0
c 309.94251 178.6894 202.53524 0.49618165 0.29899355 0.0
c 309.94251 178.49145 202.56923 0.49618165 0.29899355 0.0
c 309.94251 178.29349 202.60322 0.49618165 0.29899355 0.0
c 309.94251 178.09554 202.63721 0.49618165 0.29899355 0.0
c 309.94251 177.89759 202.6712 0.49618165 0.29899355 0.0
c 309.94251 177.69963 202.70519 0.49618165 0.29899355 0.0
c 309.94251 177.50168 202.73918 0.49618165 0.29899355 0.0
c 309.94251 177.30373 202.77317 0.49618165 0.29899355 0.0
c 309.94251 177.10577 202.80716 0.49618165 0.29899355 0.0
c 309.94251 176.90782 202.84115 0.49618165 0.29899355 0.0
c 309.94251 176.70987 202.87514 0.49618165 0.29899355 0.0
c 309.94251 176.51191 202.90913 0.49618165 0.29899355 0.0
c 309.94251 176.31396 202.94312 0.49618165 0.29899355 0.0
c 309.94251 176.11601 202.97711 0.49618165 0.29899355 0.0
c 309.94251 175.91805 203.01111 0.49618165 0.29899355 0.0
c 309.94251 175.7201 203.0451 0.49618165 0.29899355 0.0
c 309.94251 175.52215 203.07909 0.49618165 0.29899355 0.0
c 309.94251 175.32419 203.11308 0.49618165 0.29899355 0.0
c 309.94251 175.12624 203.14707 0.49618165 0.29899355 0.0
c 309.94251 174.92829 203.18106 0.49618165 0.29899355 0.0
c 309.94251 174.73033 203.21505 0.49618165 0.29899355 0.0
c 309.94251 174.53238 203.24904 0.49618165 0.29899355 0.0
c 309.94251 174.33443 203.28303 0.49618165 0.29899355 0.0
c 309.94251 174.13647 203.31702 0.49618165 0.29899355 0.0
c 309.94251 173.93852 203.35101 0.49618165 0.29899355 0.0
c 309.94251 173.74057 203.385 0.49618165 0.29899355 0.0
c 309.94251 173.54261 203.41899 0.49618165 0.29899355 0.0
c 309.94251 173.34466 203.45298 0.49618165 0.29899355 0.0
c 309.94251 173.14671 203.48697 0.49618165 0.29899355 0.0
c 309.94251 172.94875 203.52097 0.49618165 0.29899355 0.0
c 309.94251 172.7508 203.55496 0.49618165 0.29899355 0.0
c 309.94251 172.55285 203.58895 0.49618165 0.29899355 0.0
c 309.94251 172.35489 203.62294 0.49618165 0.29899355 0.0
c 309.94251 172.15694 203.65693 0.49618165 0.29899355 0.0
c 309.94251 171.95899 203.69092 0.49618165 0.29899355 0.0
c 309.94251 171.76104 203.72491 0.49618165 0.29899355 0.0
c 309.94251 171.56308 203.7589 0.49618165 0.29899355 0.0
c 309.94251 171.36513 203.79289 0.49618165 0.29899355 0.0
c 309.94251 171.16718 203.82688 0.49618165 0.29899355 0.0
c 309.94251 170.96922 203.86087 0.49618165 0.29899355 0.0
c 309.94251 170.77127 203.89486 0.49618165 0.29899355 0.0
c 309.94251 170.57332 203.92885 0.49618165 0.29899355 0.0
c 309.94251 170.37536 203.96284 0.49618165 0.29899355 0.0
c 309.94251 170.17741 203.99684 0.49618165 0.29899355 0.0
c 309.94251 169.97946 204.03083 0.49618165 0.29899355 0.0
c 309.94251 169.7815 204.06482 0.49618165 0.29899355 0.0
c 309.94251 169.58355 204.09881 0.49618165 0.29899355 0.0
c 309.94251 169.3856 204.1328 0.49618165 0.29899355 0.0
c 309.94251 169.18764 204.16679 0.49618165 0.29899355 0.0
c 309.94251 168.98969 204.20078 0.49618165 0.29899355 0.0
c 309.94251 168.79174 204.23477 0.49618165 0.29899355 0.0
c 309.94251 168.59378 204.26876 0.49618165 0.29899355 0.0
c 309.94251 168.39583 204.30275 0.49618165 0.29899355 0.0
c 309.94251 168.19788 204.33674 0.49618165 0.29899355 0.0
c 309.94251 167.99992 204.37073 0.49618165 0.29899355 0.0
c 309.94251 167.80197 204.40472 0.49618165 0.29899355 0.0
c 309.94251 167.60402 204.43871 0.49618165 0.29899355 0.0
c 309.94251 167.40606 204.4727 0.49618165 0.29899355 0.0
c 309.94251 167.20811 204.5067 0.49618165 0.29899355 0.0
c 309.94251 167.01016 204.54069 0.49618165 0.29899355 0.0
c 309.94251 166.8122 204.57468 0.49618165 0.29899355 0.0
c 309.94251 166.61425 204.60867 0.49618165 0.29899355 0.0
c 309.94251 166.4163 204.64266 0.49618165 0.29899355 0.0
c 309.94251 166.21834 204.67665 0.49618165 0.29899355 0.0
c 309.94251 166.02039 204.71064 0.49618165 0.29899355 0.0
c 309.94251 165.82244 204.74463 0.49618165 0.29899355 0.0
c 309.94251 165.62448 204.77862 0.49618165 0.29899355 0.0
c 309.94251 165.42653 204.81261 0.49618165 0.29899355 0.0
c 309.94251 165.22858 204.8466 0.49618165 0.29899355 0.0
c 309.94251 165.03062 204.88059 0.49618165 0.29899355 0.0
c 309.94251 164.83267 204.91458 0.49618165 0.29899355 0.0
c 309.94251 164.63472 204.94857 0.49618165 0.29899355 0.0
c 309.94251 164.43677 204.98257 0.49618165 0.29899355 0.0
c 309.94251 164.23881 205.01656 0.49618165 0.29899355 0.0
c 309.94251 164.04086 205.05055 0.49618165 0.29899355 0.0
c 309.94251 163.84291 205.08454 0.49618165 0.29899355 0.0
c 309.94251 163.64495 205.11853 0.49618165 0.29899355 0.0
c 309.94251 163.447 205.15252 0.49618165 0.29899355 0.0
c 309.94251 163.24905 205.18651 0.49618165 0.29899355 0.0
c 309.94251 163.05109 205.2205 0.49618165 0.29899355 0.0
c 309.94251 162.85314 205.25449 0.49618165 0.29899355 0.0
c 309.94251 162.65519 205.28848 0.49618165 0.29899355 0.0
c 309.94251 162.45723 205.32247 0.49618165 0.29899355 0.0
c 309.94251 162.25928 205.35646 0.49618165 0.29899355 0.0
c 309.94251 162.06133 205.39045 0.49618165 0.29899355 0.0
c 309.94251 161.86337 205.42444 0.49618165 0.29899355 0.0
c 309.94251 161.66542 205.45843 0.49618165 0.29899355 0.0
c 309.94251 161.46747 205.49243 0.49618165 0.29899355 0.0
c 309.94251 161.26951 205.52642 0.49618165 0.29899355 0.0
c 309.94251 161.07156 205.56041 0.49618165 0.29899355 0.0
c 309.94251 160.87361 205.5944 0.49618165 0.29899355 0.0
c 309.94251 160.67565 205.62839 0.49618165 0.29899355 0.0
c 309.94251 160.4777 205.66238 0.49618165 0.29899355 0.0
c 309.94251 160.27975 205.69637 0.49618165 0.29899355 0.0
c 309.94251 160.08179 205.73036 0.49618165 0.29899355 0.0
c 309.94251 159.88384 205.76435 0.49618165 0.29899355 0.0
c 309.94251 159.68589 205.79834 0.49618165 0.29899355 0.0
c 309.94251 159.48793 205.83233 0.49618165 0.29899355 0.0
c 309.94251 159.28998 205.86632 0.49618165 0.29899355 0.0
c 309.94251 159.09203 205.90031 0.49618165 0.29899355 0.0
c 309.94251 158.89407 205.9343 0.49618165 0.29899355 0.0
c 309.94251 158.69612 205.9683 0.49618165 0.29899355 0.0
c 309.94251 158.49817 206.00229 0.49618165 0.29899355 0.0
c 309.94251 158.30021 206.03628 0.49618165 0.29899355 0.0
c 309.94251 158.10226 206.07027 0.49618165 0.29899355 0.0
c 309.94251 157.90431 206.10426 0.49618165 0.29899355 0.0
c 309.94251 157.70635 206.13825 0.49618165 0.29899355 0.0
c 309.94251 157.5084 206.17224 0.49618165 0.29899355 0.0
c 309.94251 157.31045 206.20623 0.49618165 0.29899355 0.0
c 309.94251 157.11249 206.24022 0.49618165 0.29899355 0.0
c 309.94251 156.91454 206.27421 0.49618165 0.29899355 0.0
c 309.94251 156.71659 206.3082 0.49618165 0.29899355 0.0
c 309.94251 156.51864 206.34219 0.49618165 0.29899355 0.0
c 309.94251 156.32068 206.37618 0.49618165 0.29899355 0.0
c 309.94251 156.12273 206.41017 0.49618165 0.29899355 0.0
c 309.94251 155.92478 206.44417 0.49618165 0.29899355 0.0
c 309.94251 155.72682 206.47816 0.49618165 0.29899355 0.0
c 309.94251 155.52887 206.51215 0.49618165 0.29899355 0.0
c 309.94251 155.33092 206.54614 0.49618165 0.29899355 0.0
c 309.94251 155.13296 206.58013 0.49618165 0.29899355 0.0
c 309.94251 154.93501 206.61412 0.49618165 0.29899355 0.0
c 309.94251 154.73706 206.64811 0.49618165 0.29899355 0.0
c 309.94251 154.5391 206.6821 0.49618165 0.29899355 0.0
c 309.94251 154.34115 206.71609 0.49618165 0.29899355 0.0
c 309.94251 154.1432 206.75008 0.49618165 0.29899355 0.0
c 309.94251 153.94524 206.78407 0.49618165 0.29899355 0.0
c 309.94251 153.74729 206.81806 0.49618165 0.29899355 0.0
c 309.94251 153.54934 206.85205 0.49618165 0.29899355 0.0
c 309.94251 153.35138 206.88604 0.49618165 0.29899355 0.0
c 309.94251 153.15343 206.92003 0.49618165 0.29899355 0.0
c 309.94251 152.95548 206.95403 0.49618165 0.29899355 0.0
c 309.94251 152.75752 206.98802 0.49618165 0.29899355 0.0
c 309.94251 152.55957 207.02201 0.49618165 0.29899355 0.0
c 309.94251 152.36162 207.056 0.49618165 0.29899355 0.0
c 309.94251 152.16366 207.08999 0.49618165 0.29899355 0.0
c 309.94251 151.96571 207.12398 0.49618165 0.29899355 0.0
c 309.94251 151.76776 207.15797 0.49618165 0.29899355 0.0
c 309.94251 151.5698 207.19196 0.49618165 0.29899355 0.0
c 309.94251 151.37185 207.22595 0.49618165 0.29899355 0.0
c 309.94251 151.1739 207.25994 0.49618165 0.29899355 0.0
c 309.94251 150.97594 207.29393 0.49618165 0.29899355 0.0
c 309.94251 150.77799 207.32792 0.49618165 0.29899355 0.0
c 309.94251 150.58004 207.36191 0.49618165 0.29899355 0.0
c 309.94251 150.38208 207.3959 0.49618165 0.29899355 0.0
c 309.94251 150.18413 207.4299 0.49618165 0.29899355 0.0
c 309.94251 149.98618 207.46389 0.49618165 0.29899355 0.0
c 309.94251 149.78822 207.49788 0.49618165 0.29899355 0.0
c 309.94251 149.59027 207.53187 0.49618165 0.29899355 0.0
c 309.94251 149.39232 207.56586 0.49618165 0.29899355 0.0
c 309.94251 149.19436 207.59985 0.49618165 0.29899355 0.0
c 309.94251 148.99641 207.63384 0.49618165 0.29899355 0.0
c 309.94251 148.79846 207.66783 0.49618165 0.29899355 0.0
c 309.94251 148.60051 207.70182 0.49618165 0.29899355 0.0
c 309.94251 148.40255 207.73581 0.49618165 0.29899355 0.0
c 309.94251 148.2046 207.7698 0.49618165 0.29899355 0.0
c 309.94251 148.00665 207.80379 0.49618165 0.29899355 0.0
c 309.94251 147.80869 207.83778 0.49618165 0.29899355 0.0
c 309.94251 147.61074 207.87177 0.49618165 0.29899355 0.0
c 309.94251 147.41279 207.90576 0.49618165 0.29899355 0.0
c 309.94251 147.21483 207.93976 0.49618165 0.29899355 0.0
c 309.94251 147.01688 207.97375 0.49618165 0.29899355 0.0
c 309.94251 146.81893 208.00774 0.49618165 0.29899355 0.0
c 309.94251 146.62097 208.04173 0.49618165 0.29899355 0.0
c 309.94251 146.42302 208.07572 0.49618165 0.29899355 0.0
c 309.94251 146.22507 208.10971 0.49618165 0.29899355 0.0
c 309.94251 146.02711 208.1437 0.49618165 0.29899355 0.0
c 309.94251 145.82916 208.17769 0.49618165 0.29899355 0.0
c 309.94251 145.63121 208.21168 0.49618165 0.29899355 0.0
c 309.94251 145.43325 208.24567 0.49618165 0.29899355 0.0
c 309.94251 145.2353 208.27966 0.49618165 0.29899355 0.0
c 309.94251 145.03735 208.31365 0.49618165 0.29899355 0.0
c 309.94251 144.83939 208.34764 0.49618165 0.29899355 0.0
c 309.94251 144.64144 208.38163 0.49618165 0.29899355 0.0
c 309.94251 144.44349 208.41563 0.49618165 0.29899355 0.0
c 309.94251 144.24553 208.44962 0.49618165 0.29899355 0.0
c 309.94251 144.04758 208.48361 0.49618165 0.29899355 0.0
c 309.94251 143.84963 208.5176 0.49618165 0.29899355 0.0
c 309.94251 143.65167 208.55159 0.49618165 0.29899355 0.0
c 309.94251 143.45372 208.58558 0.49618165 0.29899355 0.0
c 309.94251 143.25577 208.61957 0.49618165 0.29899355 0.0
c 309.94251 143.05781 208.65356 0.49618165 0.29899355 0.0
c 309.94251 142.85986 208.68755 0.49618165 0.29899355 0.0
c 309.94251 142.66191 208.72154 0.49618165 0.29899355 0.0
c 309.94251 142.46395 208.75553 0.49618165 0.29899355 0.0
c 309.94251 142.266 208.78952 0.49618165 0.29899355 0.0
c 309.94251 142.06805 208.82351 0.49618165 0.29899355 0.0
c 309.94251 141.87009 208.8575 0.49618165 0.29899355 0.0
c 309.94251 141.67214 208.89149 0.49618165 0.29899355 0.0
c 309.94251 141.47419 208.92549 0.49618165 0.29899355 0.0
c 309.94251 141.27624 208.95948 0.49618165 0.29899355 0.0
c 309.94251 141.07828 208.99347 0.49618165 0.29899355 0.0
c 309.94251 140.88033 209.02746 0.49618165 0.29899355 0.0
c 309.94251 140.68238 209.06145 0.49618165 0.29899355 0.0
c 309.94251 140.48442 209.09544 0.49618165 0.29899355 0.0
c 309.94251 140.28647 209.12943 0.49618165 0.29899355 0.0
c 309.94251 140.08852 209.16342 0.49618165 0.29899355 0.0
c 309.94251 139.89056 209.19741 0.49618165 0.29899355 0.0
c 309.94251 139.69261 209.2314 0.49618165 0.29899355 0.0
c 309.94251 139.49466 209.26539 0.49618165 0.29899355 0.0
c 309.94251 139.2967 209.29938 0.49618165 0.29899355 0.0
c 309.94251 139.09875 209.33337 0.49618165 0.29899355 0.0
c 309.94251 138.9008 209.36736 0.49618165 0.29899355 0.0
c 309.94251 138.70284 209.40136 0.49618165 0.29899355 0.0
c 309.94251 138.50489 209.43535 0.49618165 0.29899355 0.0
c 309.94251 138.30694 209.46934 0.49618165 0.29899355 0.0
c 309.94251 138.10898 209.50333 0.49618165 0.29899355 0.0
c 309.94251 137.91103 209.53732 0.49618165 0.29899355 0.0
c 309.94251 137.71308 209.57131 0.49618165 0.29899355 0.0
c 309.94251 137.51512 209.6053 0.49618165 0.29899355 0.0
c 309.94251 137.31717 209.63929 0.49618165 0.29899355 0.0
c 309.94251 137.11922 209.67328 0.49618165 0.29899355 0.0
c 309.94251 136.92126 209.70727 0.49618165 0.29899355 0.0
c 309.94251 136.72331 209.74126 0.49618165 0.29899355 0.0
c 309.94251 136.52536 209.77525 0.49618165 0.29899355 0.0
c 309.94251 136.3274 209.80924 0.49618165 0.29899355 0.0
c 309.94251 136.12945 209.84323 0.49618165 0.29899355 0.0
c 309.94251 135.9315 209.87722 0.49618165 0.29899355 0.0
c 309.94251 135.73354 209.91122 0.49618165 0.29899355 0.0
c 309.94251 135.53559 209.94521 0.49618165 0.29899355 0.0
c 309.94251 135.33764 209.9792 0.49618165 0.29899355 0.0
c 309.94251 135.13968 210.01319 0.49618165 0.29899355 0.0
c 309.94251 134.94173 210.04718 0.49618165 0.29899355 0.0
c 309.94251 134.74378 210.08117 0.49618165 0.29899355 0.0
c 309.94251 134.54582 210.11516 0.49618165 0.29899355 0.0
c 309.94251 134.34787 210.14915 0.49618165 0.29899355 0.0
c 309.94251 134.14992 210.18314 0.49618165 0.29899355 0.0
c 309.94251 133.95196 210.21713 0.49618165 0.29899355 0.0
c 309.94251 133.75401 210.25112 0.49618165 0.29899355 0.0
c 309.94251 133.55606 210.28511 0.49618165 0.29899355 0.0
c 309.94251 133.35811 210.3191 0.49618165 0.29899355 0.0
c 309.94251 133.16015 210.35309 0.49618165 0.29899355 0.0
c 309.94251 132.9622 210.38709 0.49618165 0.29899355 0.0
c 309.94251 132.76425 210.42108 0.49618165 0.29899355 0.0
c 309.94251 132.56629 210.45507 0.49618165 0.29899355 0.0
c 309.94251 132.36834 210.48906 0.49618165 0.29899355 0.0
c 309.94251 132.17039 210.52305 0.49618165 0.29899355 0.0
c 309.94251 131.97243 210.55704 0.49618165 0.29899355 0.0
c 309.94251 131.77448 210.59103 0.49618165 0.29899355 0.0
c 309.94251 131.57653 210.62502 0.49618165 0.29899355 0.0
c 309.94251 131.37857 210.65901 0.49618165 0.29899355 0.0
c 309.94251 131.18062 210.693 0.49618165 0.29899355 0.0
c 309.94251 130.98267 210.72699 0.49618165 0.29899355 0.0
c 309.94251 130.78471 210.76098 0.49618165 0.29899355 0.0
c 309.94251 130.58676 210.79497 0.49618165 0.29899355 0.0
c 309.94251 130.38881 210.82896 0.49618165 0.29899355 0.0
c 309.94251 130.19085 210.86295 0.49618165 0.29899355 0.0
c 309.94251 129.9929 210.89695 0.49618165 0.29899355 0.0
c 309.94251 129.79495 210.93094 0.49618165 0.29899355 0.0
c 309.94251 129.59699 210.96493 0.49618165 0.29899355 0.0
c 309.94251 129.39904 210.99892 0.49618165 0.29899355 0.0
c 309.94251 129.20109 211.03291 0.49618165 0.29899355 0.0
c 309.94251 129.00313 211.0669 0.49618165 0.29899355 0.0
c 309.94251 128.80518 211.10089 0.49618165 0.29899355 0.0
c 309.94251 128.60723 211.13488 0.49618165 0.29899355 0.0
c 309.94251 128.40927 211.16887 0.49618165 0.29899355 0.0
c 309.94251 128.21132 211.20286 0.49618165 0.29899355 0.0
c 309.94251 128.01337 211.23685 0.49618165 0.29899355 0.0
c 309.94251 127.81541 211.27084 0.49618165 0.29899355 0.0
c 309.94251 127.61746 211.30483 0.49618165 0.29899355 0.0
c 309.94251 127.41951 211.33882 0.49618165 0.29899355 0.0
c 309.94251 127.22155 211.37282 0.49618165 0.29899355 0.0
c 309.94251 127.0236 211.40681 0.49618165 0.29899355 0.0
c 309.94251 126.82565 211.4408 0.49618165 0.29899355 0.0
c 309.94251 126.62769 211.47479 0.49618165 0.29899355 0.0
c 309.94251 126.42974 211.50878 0.49618165 0.29899355 0.0
c 309.94251 126.23179 211.54277 0.49618165 0.29899355 0.0
c 309.94251 126.03383 211.57676 0.49618165 0.29899355 0.0
c 309.94251 125.83588 211.61075 0.49618165 0.29899355 0.0
c 309.94251 125.63793 211.64474 0.49618165 0.29899355 0.0
c 309.94251 125.43998 211.67873 0.49618165 0.29899355 0.0
c 309.94251 125.24202 211.71272 0.49618165 0.29899355 0.0
c 309.94251 125.04407 211.74671 0.49618165 0.29899355 0.0
c 309.94251 124.84612 211.7807 0.49618165 0.29899355 0.0
c 309.94251 124.64816 211.81469 0.49618165 0.29899355 0.0
c 309.94251 124.45021 211.84868 0.49618165 0.29899355 0.0
c 309.94251 124.25226 211.88268 0.49618165 0.29899355 0.0
c 309.94251 124.0543 211.91667 0.49618165 0.29899355 0.0
c 309.94251 123.85635 211.95066 0.49618165 0.29899355 0.0
c 309.94251 123.6584 211.98465 0.49618165 0.29899355 0.0
c 309.94251 123.46044 212.01864 0.49618165 0.29899355 0.0
c 309.94251 123.26249 212.05263 0.49618165 0.29899355 0.0
c 309.94251 123.06454 212.08662 0.49618165 0.29899355 0.0
c 309.94251 122.86658 212.12061 0.49618165 0.29899355 0.0
c 309.94251 122.66863 212.1546 0.49618165 0.29899355 0.0
c 309.94251 122.47068 212.18859 0.49618165 0.29899355 0.0
c 309.94251 122.27272 212.22258 0.49618165 0.29899355 0.0
c 309.94251 122.07477 212.25657 0.49618165 0.29899355 0.0
c 309.94251 121.87682 212.29056 0.49618165 0.29899355 0.0
c 309.94251 121.67886 212.32455 0.49618165 0.29899355 0.0
c 309.94251 121.48091 212.35855 0.49618165 0.29899355 0.0
c 309.94251 121.28296 212.39254 0.49618165 0.29899355 0.0
c 309.94251 121.085 212.42653 0.49618165 0.29899355 0.0
c 309.94251 120.88705 212.46052 0.49618165 0.29899355 0.0
c 309.94251 120.6891 212.49451 0.49618165 0.29899355 0.0
c 309.94251 120.49114 212.5285 0.49618165 0.29899355 0.0
c 309.94251 120.29319 212.56249 0.49618165 0.29899355 0.0
c 309.94251 120.09524 212.59648 0.49618165 0.29899355 0.0
c 309.94251 119.89728 212.63047 0.49618165 0.29899355 0.0
c 309.94251 119.69933 212.66446 0.49618165 0.29899355 0.0
c 309.94251 119.50138 212.69845 0.49618165 0.29899355 0.0
c 309.94251 119.30342 212.73244 0.49618165 0.29899355 0.0
c 309.94251 119.10547 212.76643 0.49618165 0.29899355 0.0
c 309.94251 118.90752 212.80042 0.49618165 0.29899355 0.0
c 309.94251 118.70956 212.83441 0.49618165 0.29899355 0.0
c 309.94251 118.51161 212.86841 0.49618165 0.29899355 0.0
c 309.94251 118.31366 212.9024 0.49618165 0.29899355 0.0
c 309.94251 118.11571 212.93639 0.49618165 0.29899355 0.0
c 309.94251 117.91775 212.97038 0.49618165 0.29899355 0.0
c 309.94251 117.7198 213.00437 0.49618165 0.29899355 0.0
c 309.94251 117.52185 213.03836 0.49618165 0.29899355 0.0
c 309.94251 117.32389 213.07235 0.49618165 0.29899355 0.0
c 309.94251 117.12594 213.10634 0.49618165 0.29899355 0.0
c 309.94251 116.92799 213.14033 0.49618165 0.29899355 0.0
c 309.94251 116.73003 213.17432 0.49618165 0.29899355 0.0
c 309.94251 116.53208 213.20831 0.49618165 0.29899355 0.0
c 309.94251 116.33413 213.2423 0.49618165 0.29899355 0.0
c 309.94251 116.13617 213.27629 0.49618165 0.29899355 0.0
c 309.94251 115.93822 213.31028 0.49618165 0.29899355 0.0
c 309.94251 115.74027 213.34428 0.49618165 0.29899355 0.0
c 309.94251 115.54231 213.37827 0.49618165 0.29899355 0.0
c 309.94251 115.34436 213.41226 0.49618165 0.29899355 0.0
c 309.94251 115.14641 213.44625 0.49618165 0.29899355 0.0
c 309.94251 114.94845 213.48024 0.49618165 0.29899355 0.0
c 309.94251 114.7505 213.51423 0.49618165 0.29899355 0.0
c 309.94251 114.55255 213.54822 0.49618165 0.29899355 0.0
c 309.94251 114.35459 213.58221 0.49618165 0.29899355 0.0
c 309.94251 114.15664 213.6162 0.49618165 0.29899355 0.0
c 309.94251 113.95869 213.65019 0.49618165 0.29899355 0.0
c 309.94251 113.76073 213.68418 0.49618165 0.29899355 0.0
c 309.94251 113.56278 213.71817 0.49618165 0.29899355 0.0
c 309.94251 113.36483 213.75216 0.49618165 0.29899355 0.0
c 309.94251 113.16687 213.78615 0.49618165 0.29899355 0.0
c 309.94251 112.96892 213.82014 0.49618165 0.29899355 0.0
c 309.94251 112.77097 213.85414 0.49618165 0.29899355 0.0
c 309.94251 112.57301 213.88813 0.49618165 0.29899355 0.0
c 309.94251 112.37506 213.92212 0.49618165 0.29899355 0.0
c 309.94251 112.17711 213.95611 0.49618165 0.29899355 0.0
c 309.94251 111.97915 213.9901 0.49618165 0.29899355 0.0
c 309.94251 111.7812 214.02409 0.49618165 0.29899355 0.0
c 309.94251 111.58325 214.05808 0.49618165 0.29899355 0.0
c 309.94251 111.38529 214.09207 0.49618165 0.29899355 0.0
c 309.94251 111.18734 214.12606 0.49618165 0.29899355 0.0
c 309.94251 110.98939 214.16005 0.49618165 0.29899355 0.0
c 309.94251 110.79143 214.19404 0.49618165 0.29899355 0.0
c 309.94251 110.59348 214.22803 0.49618165 0.29899355 0.0
c 309.94251 110.39553 214.26202 0.49618165 0.29899355 0.0
c 309.94251 110.19758 214.29601 0.49618165 0.29899355 0.0
c 309.94251 109.99962 214.33001 0.49618165 0.29899355 0.0
c 309.94251 109.80167 214.364 0.49618165 0.29899355 0.0
c 309.94251 109.60372 214.39799 0.49618165 0.29899355 0.0
c 309.94251 109.40576 214.43198 0.49618165 0.29899355 0.0
c 309.94251 109.20781 214.46597 0.49618165 0.29899355 0.0
c 309.94251 109.00986 214.49996 0.49618165 0.29899355 0.0
c 309.94251 108.8119 214.53395 0.49618165 0.29899355 0.0
c 309.94251 108.61395 214.56794 0.49618165 0.29899355 0.0
c 309.94251 108.416 214.60193 0.49618165 0.29899355 0.0
c 309.94251 108.21804 214.63592 0.49618165 0.29899355 0.0
c 309.94251 108.02009 214.66991 0.49618165 0.29899355 0.0
c 309.94251 107.82214 214.7039 0.49618165 0.29899355 0.0
c 309.94251 107.62418 214.73789 0.49618165 0.29899355 0.0
c 309.94251 107.42623 214.77188 0.49618165 0.29899355 0.0
c 309.94251 107.22828 214.80587 0.49618165 0.29899355 0.0
c 309.94251 107.03032 214.83987 0.49618165 0.29899355 0.0
c 309.94251 106.83237 214.87386 0.49618165 0.29899355 0.0
c 309.94251 106.63442 214.90785 0.49618165 0.29899355 0.0
c 309.94251 106.43646 214.94184 0.49618165 0.29899355 0.0
c 309.94251 106.23851 214.97583 0.49618165 0.29899355 0.0
c 309.94251 106.04056 215.00982 0.49618165 0.29899355 0.0
c 309.94251 105.8426 215.04381 0.49618165 0.29899355 0.0
c 309.94251 105.64465 215.0778 0.49618165 0.29899355 0.0
c 309.94251 105.4467 215.11179 0.49618165 0.29899355 0.0
c 309.94251 105.24874 215.14578 0.49618165 0.29899355 0.0
c 309.94251 105.05079 215.17977 0.49618165 0.29899355 0.0
c 309.94251 104.85284 215.21376 0.49618165 0.29899355 0.0
c 309.94251 104.65488 215.24775 0.49618165 0.29899355 0.0
c 309.94251 104.45693 215.28174 0.49618165 0.29899355 0.0
c 309.94251 104.25898 215.31574 0.49618165 0.29899355 0.0
c 309.94251 104.06102 215.34973 0.49618165 0.29899355 0.0
c 309.94251 103.86307 215.38372 0.49618165 0.29899355 0.0
c 309.94251 103.66512 215.41771 0.49618165 0.29899355 0.0
c 309.94251 103.46716 215.4517 0.49618165 0.29899355 0.0
c 309.94251 103.26921 215.48569 0.49618165 0.29899355 0.0
c 309.94251 103.07126 215.51968 0.49618165 0.29899355 0.0
c 309.94251 102.87331 215.55367 0.49618165 0.29899355 0.0
c 309.94251 102.87331 215.55367 0.49618165 0.29899355 0.0
c 310.14428 102.87331 215.55367 0.49618165 0.29899355 0.0
c 310.34604 102.87331 215.55367 0.49618165 0.29899355 0.0
c 310.54781 102.87331 215.55367 0.49618165 0.29899355 0.0
c 310.74957 102.87331 215.55367 0.49618165 0.29899355 0.0
c 310.95134 102.87331 215.55367 0.49618165 0.29899355 0.0
c 311.15311 102.87331 215.55367 0.49618165 0.29899355 0.0
c 311.35487 102.87331 215.55367 0.49618165 0.29899355 0.0
c 311.55664 102.87331 215.55367 0.49618165 0.29899355 0.0
c 311.7584 102.87331 215.55367 0.49618165 0.29899355 0.0
c 311.96017 102.87331 215.55367 0.49618165 0.29899355 0.0
c 312.16193 102.87331 215.55367 0.49618165 0.29899355 0.0
c 312.3637 102.87331 215.55367 0.49618165 0.29899355 0.0
c 312.56547 102.87331 215.55367 0.49618165 0.29899355 0.0
c 312.76723 102.87331 215.55367 0.49618165 0.29899355 0.0
c 312.969 102.8733 215.55367 0.49618165 0.29899355 0.0
c 313.17076 102.87331 215.55367 0.49618165 0.29899355 0.0
c 313.37253 102.87331 215.55367 0.49618165 0.29899355 0.0
c 313.5743 102.8733 215.55367 0.49618165 0.29899355 0.0
c 313.77606 102.87331 215.55367 0.49618165 0.29899355 0.0
c 313.97783 102.87331 215.55367 0.49618165 0.29899355 0.0
c 314.17959 102.87331 215.55367 0.49618165 0.29899355 0.0
c 314.38136 102.87331 215.55367 0.49618165 0.29899355 0.0
c 314.58312 102.87331 215.55367 0.49618165 0.29899355 0.0
c 314.78489 102.87331 215.55367 0.49618165 0.29899355 0.0
c 314.98666 102.87331 215.55367 0.49618165 0.29899355 0.0
c 315.18842 102.87331 215.55367 0.49618165 0.29899355 0.0
c 315.39019 102.87331 215.55367 0.49618165 0.29899355 0.0
c 315.59195 102.87331 215.55367 0.49618165 0.29899355 0.0
c 315.79372 102.87331 215.55367 0.49618165 0.29899355 0.0
c 315.99549 102.87331 215.55367 0.49618165 0.29899355 0.0
c 316.19725 102.87331 215.55367 0.49618165 0.29899355 0.0
c 316.39902 102.87331 215.55367 0.49618165 0.29899355 0.0
c 316.60078 102.87331 215.55367 0.49618165 0.29899355 0.0
c 316.80255 102.87331 215.55367 0.49618165 0.29899355 0.0
c 317.00432 102.87331 215.55367 0.49618165 0.29899355 0.0
c 317.20608 102.87331 215.55367 0.49618165 0.29899355 0.0
c 317.40785 102.87331 215.55367 0.49618165 0.29899355 0.0
c 317.60961 102.87331 215.55367 0.49618165 0.29899355 0.0
c 317.81138 102.87331 215.55367 0.49618165 0.29899355 0.0
c 318.01314 102.87331 215.55367 0.49618165 0.29899355 0.0
c 318.21491 102.87331 215.55367 0.49618165 0.29899355 0.0
c 318.41668 102.87331 215.55367 0.49618165 0.29899355 0.0
c 318.61844 102.87331 215.55367 0.49618165 0.29899355 0.0
c 318.82021 102.87331 215.55367 0.49618165 0.29899355 0.0
c 319.02197 102.87331 215.55367 0.49618165 0.29899355 0.0
c 319.22374 102.87331 215.55367 0.49618165 0.29899355 0.0
c 319.42551 102.87331 215.55367 0.49618165 0.29899355 0.0
c 319.62727 102.87331 215.55367 0.49618165 0.29899355 0.0
c 319.82904 102.87331 215.55367 0.49618165 0.29899355 0.0
c 320.0308 102.87331 215.55367 0.49618165 0.29899355 0.0
c 320.23257 102.87331 215.55367 0.49618165 0.29899355 0.0
c 320.43434 102.87331 215.55367 0.49618165 0.29899355 0.0
c 320.6361 102.87331 215.55367 0.49618165 0.29899355 0.0
c 320.83787 102.87331 215.55367 0.49618165 0.29899355 0.0
c 321.03963 102.87331 215.55367 0.49618165 0.29899355 0.0
c 321.2414 102.87331 215.55367 0.49618165 0.29899355 0.0
c 321.44316 102.87331 215.55367 0.49618165 0.29899355 0.0
c 321.64493 102.87331 215.55367 0.49618165 0.29899355 0.0
c 321.8467 102.87331 215.55367 0.49618165 0.29899355 0.0
c 322.04846 102.87331 215.55367 0.49618165 0.29899355 0.0
c 322.25023 102.8733 215.55367 0.49618165 0.29899355 0.0
c 322.45199 102.87331 215.55367 0.49618165 0.29899355 0.0
c 322.65376 102.87331 215.55367 0.49618165 0.29899355 0.0
c 322.85553 102.87331 215.55367 0.49618165 0.29899355 0.0
c 323.05729 102.87331 215.55367 0.49618165 0.29899355 0.0
c 323.25906 102.87331 215.55367 0.49618165 0.29899355 0.0
c 323.46082 102.87331 215.55367 0.49618165 0.29899355 0.0
c 323.66259 102.87331 215.55367 0.49618165 0.29899355 0.0
c 323.86435 102.87331 215.55367 0.49618165 0.29899355 0.0
c 324.06612 102.87331 215.55367 0.49618165 0.29899355 0.0
c 324.26789 102.87331 215.55367 0.49618165 0.29899355 0.0
c 324.46965 102.87331 215.55367 0.49618165 0.29899355 0.0
c 324.67142 102.87331 215.55367 0.49618165 0.29899355 0.0
c 324.87318 102.87331 215.55367 0.49618165 0.29899355 0.0
c 325.07495 102.87331 215.55367 0.49618165 0.29899355 0.0
c 325.27672 102.87331 215.55367 0.49618165 0.29899355 0.0
c 325.47848 102.87331 215.55367 0.49618165 0.29899355 0.0
c 325.68025 102.87331 215.55367 0.49618165 0.29899355 0.0
c 325.88201 102.87331 215.55367 0.49618165 0.29899355 0.0
c 326.08378 102.87331 215.55367 0.49618165 0.29899355 0.0
c 326.28555 102.87331 215.55367 0.49618165 0.29899355 0.0
c 326.48731 102.8733 215.55367 0.49618165 0.29899355 0.0
c 326.68908 102.87331 215.55367 0.49618165 0.29899355 0.0
c 326.89084 102.87331 215.55367 0.49618165 0.29899355 0.0
c 327.09261 102.87331 215.55367 0.49618165 0.29899355 0.0
c 327.29437 102.8733 215.55367 0.49618165 0.29899355 0.0
c 327.49614 102.87331 215.55367 0.49618165 0.29899355 0.0
c 327.69791 102.87331 215.55367 0.49618165 0.29899355 0.0
c 327.89967 102.87331 215.55367 0.49618165 0.29899355 0.0
c 328.10144 102.8733 215.55367 0.49618165 0.29899355 0.0
c 328.3032 102.87331 215.55367 0.49618165 0.29899355 0.0
c 328.50497 102.87331 215.55367 0.49618165 0.29899355 0.0
c 328.70674 102.87331 215.55367 0.49618165 0.29899355 0.0
c 328.9085 102.8733 215.55367 0.49618165 0.29899355 0.0
c 329.11027 102.87331 215.55367 0.49618165 0.29899355 0.0
c 329.31203 102.87331 215.55367 0.49618165 0.29899355 0.0
c 329.5138 102.87331 215.55367 0.49618165 0.29899355 0.0
c 329.71556 102.8733 215.55367 0.49618165 0.29899355 0.0
c 329.91733 102.87331 215.55367 0.49618165 0.29899355 0.0
c 330.1191 102.87331 215.55367 0.49618165 0.29899355 0.0
c 330.32086 102.87331 215.55367 0.49618165 0.29899355 0.0
c 330.52263 102.8733 215.55367 0.49618165 0.29899355 0.0
c 330.72439 102.87331 215.55367 0.49618165 0.29899355 0.0
c 330.92616 102.87331 215.55367 0.49618165 0.29899355 0.0
c 331.12793 102.87331 215.55367 0.49618165 0.29899355 0.0
c 331.32969 102.8733 215.55367 0.49618165 0.29899355 0.0
c 331.53146 102.87331 215.55367 0.49618165 0.29899355 0.0
c 331.73322 102.87331 215.55367 0.49618165 0.29899355 0.0
c 331.93499 102.87331 215.55367 0.49618165 0.29899355 0.0
c 332.13676 102.8733 215.55367 0.49618165 0.29899355 0.0
c 332.33852 102.87331 215.55367 0.49618165 0.29899355 0.0
c 332.54029 102.87331 215.55367 0.49618165 0.29899355 0.0
c 332.74205 102.87331 215.55367 0.49618165 0.29899355 0.0
c 332.94382 102.87331 215.55367 0.49618165 0.29899355 0.0
c 333.14558 102.87331 215.55367 0.49618165 0.29899355 0.0
c 333.34735 102.87331 215.55367 0.49618165 0.29899355 0.0
c 333.54912 102.87331 215.55367 0.49618165 0.29899355 0.0
c 333.75088 102.87331 215.55367 0.49618165 0.29899355 0.0
c 333.95265 102.87331 215.55367 0.49618165 0.29899355 0.0
c 334.15441 102.87331 215.55367 0.49618165 0.29899355 0.0
c 334.35618 102.87331 215.55367 0.49618165 0.29899355 0.0
c 334.55795 102.87331 215.55367 0.49618165 0.29899355 0.0
c 334.75971 102.87331 215.55367 0.49618165 0.29899355 0.0
c 334.96148 102.87331 215.55367 0.49618165 0.29899355 0.0
c 335.16324 102.87331 215.55367 0.49618165 0.29899355 0.0
c 335.36501 102.87331 215.55367 0.49618165 0.29899355 0.0
c 335.56678 102.87331 215.55367 0.49618165 0.29899355 0.0
c 335.76854 102.87331 215.55367 0.49618165 0.29899355 0.0
c 335.97031 102.87331 215.55367 0.49618165 0.29899355 0.0
c 336.17207 102.87331 215.55367 0.49618165 0.29899355 0.0
c 336.37384 102.87331 215.55367 0.49618165 0.29899355 0.0
c 336.5756 102.87331 215.55367 0.49618165 0.29899355 0.0
c 336.77737 102.87331 215.55367 0.49618165 0.29899355 0.0
c 336.97914 102.87331 215.55367 0.49618165 0.29899355 0.0
c 337.1809 102.87331 215.55367 0.49618165 0.29899355 0.0
c 337.38267 102.87331 215.55367 0.49618165 0.29899355 0.0
c 337.58443 102.87331 215.55367 0.49618165 0.29899355 0.0
c 337.7862 102.87331 215.55367 0.49618165 0.29899355 0.0
c 337.98797 102.87331 215.55367 0.49618165 0.29899355 0.0
c 338.18973 102.87331 215.55367 0.49618165 0.29899355 0.0
c 338.3915 102.87331 215.55367 0.49618165 0.29899355 0.0
c 338.59326 102.87331 215.55367 0.49618165 0.29899355 0.0
c 338.79503 102.87331 215.55367 0.49618165 0.29899355 0.0
c 338.99679 102.87331 215.55367 0.49618165 0.29899355 0.0
c 339.19856 102.87331 215.55367 0.49618165 0.29899355 0.0
c 339.40033 102.87331 215.55367 0.49618165 0.29899355 0.0
c 339.60209 102.87331 215.55367 0.49618165 0.29899355 0.0
c 339.80386 102.87331 215.55367 0.49618165 0.29899355 0.0
c 340.00562 102.87331 215.55367 0.49618165 0.29899355 0.0
c 340.20739 102.87331 215.55367 0.49618165 0.29899355 0.0
c 340.40916 102.87331 215.55367 0.49618165 0.29899355 0.0
c 340.61092 102.87331 215.55367 0.49618165 0.29899355 0.0
c 340.81269 102.87331 215.55367 0.49618165 0.29899355 0.0
c 341.01445 102.87331 215.55367 0.49618165 0.29899355 0.0
c 341.21622 102.87331 215.55367 0.49618165 0.29899355 0.0
c 341.41799 102.87331 215.55367 0.49618165 0.29899355 0.0
c 341.61975 102.87331 215.55367 0.49618165 0.29899355 0.0
c 341.82152 102.87331 215.55367 0.49618165 0.29899355 0.0
c 342.02328 102.87331 215.55367 0.49618165 0.29899355 0.0
c 342.22505 102.87331 215.55367 0.49618165 0.29899355 0.0
c 342.42681 102.87331 215.55367 0.49618165 0.29899355 0.0
c 342.62858 102.87331 215.55367 0.49618165 0.29899355 0.0
c 342.83035 102.87331 215.55367 0.49618165 0.29899355 0.0
c 343.03211 102.87331 215.55367 0.49618165 0.29899355 0.0
c 343.23388 102.87331 215.55367 0.49618165 0.29899355 0.0
c 343.43564 102.87331 215.55367 0.49618165 0.29899355 0.0
c 343.63741 102.87331 215.55367 0.49618165 0.29899355 0.0
c 343.83918 102.87331 215.55367 0.49618165 0.29899355 0.0
c 344.04094 102.87331 215.55367 0.49618165 0.29899355 0.0
c 344.24271 102.87331 215.55367 0.49618165 0.29899355 0.0
c 344.44447 102.87331 215.55367 0.49618165 0.29899355 0.0
c 344.64624 102.87331 215.55367 0.49618165 0.29899355 0.0
c 344.848 102.87331 215.55367 0.49618165 0.29899355 0.0
c 345.04977 102.87331 215.55367 0.49618165 0.29899355 0.0
c 345.25154 102.87331 215.55367 0.49618165 0.29899355 0.0
c 345.4533 102.87331 215.55367 0.49618165 0.29899355 0.0
c 345.65507 102.87331 215.55367 0.49618165 0.29899355 0.0
c 345.85683 102.87331 215.55367 0.49618165 0.29899355 0.0
c 346.0586 102.87331 215.55367 0.49618165 0.29899355 0.0
c 346.26037 102.87331 215.55367 0.49618165 0.29899355 0.0
c 346.46213 102.87331 215.55367 0.49618165 0.29899355 0.0
c 346.6639 102.87331 215.55367 0.49618165 0.29899355 0.0
c 346.86566 102.87331 215.55367 0.49618165 0.29899355 0.0
c 347.06743 102.87331 215.55367 0.49618165 0.29899355 0.0
c 347.2692 102.87331 215.55367 0.49618165 0.29899355 0.0
c 347.47096 102.87331 215.55367 0.49618165 0.29899355 0.0
c 347.67273 102.87331 215.55367 0.49618165 0.29899355 0.0
c 347.87449 102.87331 215.55367 0.49618165 0.29899355 0.0
c 348.07626 102.87331 215.55367 0.49618165 0.29899355 0.0
c 348.27802 102.87331 215.55367 0.49618165 0.29899355 0.0
c 348.47979 102.87331 215.55367 0.49618165 0.29899355 0.0
c 348.68156 102.87331 215.55367 0.49618165 0.29899355 0.0
c 348.88332 102.87331 215.55367 0.49618165 0.29899355 0.0
c 349.08509 102.87331 215.55367 0.49618165 0.29899355 0.0
c 349.28685 102.87331 215.55367 0.49618165 0.29899355 0.0
c 349.48862 102.87331 215.55367 0.49618165 0.29899355 0.0
c 349.69039 102.87331 215.55367 0.49618165 0.29899355 0.0
c 349.89215 102.87331 215.55367 0.49618165 0.29899355 0.0
c 350.09392 102.87331 215.55367 0.49618165 0.29899355 0.0
c 350.29568 102.87331 215.55367 0.49618165 0.29899355 0.0
c 350.49745 102.87331 215.55367 0.49618165 0.29899355 0.0
c 350.69922 102.87331 215.55367 0.49618165 0.29899355 0.0
c 350.90098 102.87331 215.55367 0.49618165 0.29899355 0.0
c 351.10275 102.87331 215.55367 0.49618165 0.29899355 0.0
c 351.30451 102.87331 215.55367 0.49618165 0.29899355 0.0
c 351.50628 102.87331 215.55367 0.49618165 0.29899355 0.0
c 351.70804 102.87331 215.55367 0.49618165 0.29899355 0.0
c 351.90981 102.87331 215.55367 0.49618165 0.29899355 0.0
c 352.11158 102.87331 215.55367 0.49618165 0.29899355 0.0
c 352.31334 102.87331 215.55367 0.49618165 0.29899355 0.0
c 352.51511 102.87331 215.55367 0.49618165 0.29899355 0.0
c 352.71687 102.87331 215.55367 0.49618165 0.29899355 0.0
c 352.91864 102.87331 215.55367 0.49618165 0.29899355 0.0
c 353.12041 102.87331 215.55367 0.49618165 0.29899355 0.0
c 353.32217 102.87331 215.55367 0.49618165 0.29899355 0.0
c 353.52394 102.87331 215.55367 0.49618165 0.29899355 0.0
c 353.7257 102.87331 215.55367 0.49618165 0.29899355 0.0
c 353.92747 102.87331 215.55367 0.49618165 0.29899355 0.0
c 354.12923 102.87331 215.55367 0.49618165 0.29899355 0.0
c 354.331 102.87331 215.55367 0.49618165 0.29899355 0.0
c 354.53277 102.87331 215.55367 0.49618165 0.29899355 0.0
c 354.73453 102.87331 215.55367 0.49618165 0.29899355 0.0
c 354.9363 102.87331 215.55367 0.49618165 0.29899355 0.0
c 355.13806 102.87331 215.55367 0.49618165 0.29899355 0.0
c 355.33983 102.87331 215.55367 0.49618165 0.29899355 0.0
c 355.5416 102.87331 215.55367 0.49618165 0.29899355 0.0
c 355.74336 102.87331 215.55367 0.49618165 0.29899355 0.0
c 355.94513 102.87331 215.55367 0.49618165 0.29899355 0.0
c 356.14689 102.87331 215.55367 0.49618165 0.29899355 0.0
c 356.34866 102.87331 215.55367 0.49618165 0.29899355 0.0
c 356.55043 102.87331 215.55367 0.49618165 0.29899355 0.0
c 356.75219 102.87331 215.55367 0.49618165 0.29899355 0.0
c 356.95396 102.87331 215.55367 0.49618165 0.29899355 0.0
c 357.15572 102.87331 215.55367 0.49618165 0.29899355 0.0
c 357.35749 102.87331 215.55367 0.49618165 0.29899355 0.0
c 357.55925 102.87331 215.55367 0.49618165 0.29899355 0.0
c 357.76102 102.87331 215.55367 0.49618165 0.29899355 0.0
c 357.96279 102.87331 215.55367 0.49618165 0.29899355 0.0
c 358.16455 102.87331 215.55367 0.49618165 0.29899355 0.0
c 358.36632 102.87331 215.55367 0.49618165 0.29899355 0.0
c 358.56808 102.87331 215.55367 0.49618165 0.29899355 0.0
c 358.76985 102.87331 215.55367 0.49618165 0.29899355 0.0
c 358.97162 102.87331 215.55367 0.49618165 0.29899355 0.0
c 359.17338 102.87331 215.55367 0.49618165 0.29899355 0.0
c 359.37515 102.87331 215.55367 0.49618165 0.29899355 0.0
c 359.57691 102.87331 215.55367 0.49618165 0.29899355 0.0
c 359.77868 102.87331 215.55367 0.49618165 0.29899355 0.0
c 359.98044 102.87331 215.55367 0.49618165 0.29899355 0.0
c 360.18221 102.87331 215.55367 0.49618165 0.29899355 0.0
c 360.38398 102.87331 215.55367 0.49618165 0.29899355 0.0
c 360.58574 102.87331 215.55367 0.49618165 0.29899355 0.0
c 360.78751 102.87331 215.55367 0.49618165 0.29899355 0.0
c 360.98927 102.87331 215.55367 0.49618165 0.29899355 0.0
c 361.19104 102.87331 215.55367 0.49618165 0.29899355 0.0
c 361.39281 102.87331 215.55367 0.49618165 0.29899355 0.0
c 361.59457 102.87331 215.55367 0.49618165 0.29899355 0.0
c 361.79634 102.87331 215.55367 0.49618165 0.29899355 0.0
c 361.9981 102.87331 215.55367 0.49618165 0.29899355 0.0
c 362.19987 102.87331 215.55367 0.49618165 0.29899355 0.0
c 362.40164 102.87331 215.55367 0.49618165 0.29899355 0.0
c 362.6034 102.87331 215.55367 0.49618165 0.29899355 0.0
c 362.80517 102.87331 215.55367 0.49618165 0.29899355 0.0
c 363.00693 102.87331 215.55367 0.49618165 0.29899355 0.0
c 363.2087 102.87331 215.55367 0.49618165 0.29899355 0.0
c 363.41046 102.87331 215.55367 0.49618165 0.29899355 0.0
c 363.61223 102.87331 215.55367 0.49618165 0.29899355 0.0
c 363.814 102.87331 215.55367 0.49618165 0.29899355 0.0
c 364.01576 102.87331 215.55367 0.49618165 0.29899355 0.0
c 364.21753 102.87331 215.55367 0.49618165 0.29899355 0.0
c 364.41929 102.87331 215.55367 0.49618165 0.29899355 0.0
c 364.62106 102.87331 215.55367 0.49618165 0.29899355 0.0
c 364.82283 102.87331 215.55367 0.49618165 0.29899355 0.0
c 365.02459 102.87331 215.55367 0.49618165 0.29899355 0.0
c 365.22636 102.87331 215.55367 0.49618165 0.29899355 0.0
c 365.42812 102.87331 215.55367 0.49618165 0.29899355 0.0
c 365.62989 102.87331 215.55367 0.49618165 0.29899355 0.0
c 365.83166 102.87331 215.55367 0.49618165 0.29899355 0.0
c 366.03342 102.87331 215.55367 0.49618165 0.29899355 0.0
c 366.23519 102.87331 215.55367 0.49618165 0.29899355 0.0
c 366.43695 102.87331 215.55367 0.49618165 0.29899355 0.0
c 366.63872 102.87331 215.55367 0.49618165 0.29899355 0.0
c 366.84048 102.87331 215.55367 0.49618165 0.29899355 0.0
c 367.04225 102.87331 215.55367 0.49618165 0.29899355 0.0
c 367.24402 102.87331 215.55367 0.49618165 0.29899355 0.0
c 367.44578 102.87331 215.55367 0.49618165 0.29899355 0.0
c 367.64755 102.87331 215.55367 0.49618165 0.29899355 0.0
c 367.84931 102.87331 215.55367 0.49618165 0.29899355 0.0
c 368.05108 102.87331 215.55367 0.49618165 0.29899355 0.0
c 368.25285 102.87331 215.55367 0.49618165 0.29899355 0.0
c 368.45461 102.87331 215.55367 0.49618165 0.29899355 0.0
c 368.65638 102.87331 215.55367 0.49618165 0.29899355 0.0
c 368.85814 102.87331 215.55367 0.49618165 0.29899355 0.0
c 369.05991 102.87331 215.55367 0.49618165 0.29899355 0.0
c 369.26167 102.87331 215.55367 0.49618165 0.29899355 0.0
c 369.46344 102.87331 215.55367 0.49618165 0.29899355 0.0
c 369.66521 102.87331 215.55367 0.49618165 0.29899355 0.0
c 369.86697 102.87331 215.55367 0.49618165 0.29899355 0.0
c 370.06874 102.87331 215.55367 0.49618165 0.29899355 0.0
c 370.2705 102.87331 215.55367 0.49618165 0.29899355 0.0
c 370.47227 102.87331 215.55367 0.49618165 0.29899355 0.0
c 370.47227 102.87331 215.55367 0.49618165 0.29899355 0.0
c 370.47227 102.87331 215.55367 0.49618165 0.30233269 0.0
c 370.47227 102.87331 215.55367 0.49618165 0.30567183 0.0
c 370.47227 102.87331 215.55367 0.49618165 0.30901098 0.0
c 370.47227 102.8733 215.55367 0.49618165 0.31235012 0.0
c 370.47227 102.87331 215.55367 0.49618165 0.31568926 0.0
c 370.47227 102.87331 215.55367 0.49618165 0.3190284 0.0
c 370.47227 102.87331 215.55367 0.49618165 0.32236755 0.0
c 370.47227 102.87331 215.55367 0.49618165 0.32570669 0.0
c 370.47227 102.87331 215.55367 0.49618165 0.32904583 0.0
c 370.47227 102.87331 215.55367 0.49618165 0.33238497 0.0
c 370.47227 102.87331 215.55367 0.49618165 0.33572412 0.0
c 370.47227 102.87331 215.55367 0.49618165 0.33906326 0.0
c 370.47227 102.87331 215.55367 0.49618165 0.3424024 0.0
c 370.47227 102.87331 215.55367 0.49618165 0.34574154 0.0
c 370.47227 102.87331 215.55367 0.49618165 0.34908069 0.0
c 370.47227 102.87331 215.55367 0.49618165 0.35241983 0.0
c 370.47227 102.87331 215.55367 0.49618165 0.35575897 0.0
c 370.47227 102.8733 215.55367 0.49618165 0.35909811 0.0
c 370.47227 102.87331 215.55367 0.49618165 0.36243725 0.0
c 370.47227 102.87331 215.55367 0.49618165 0.3657764 0.0
c 370.47227 102.87331 215.55367 0.49618165 0.36911554 0.0
c 370.47227 102.87331 215.55367 0.49618165 0.37245468 0.0
c 370.47227 102.87331 215.55367 0.49618165 0.37579382 0.0
c 370.47227 102.87331 215.55367 0.49618165 0.37913297 0.0
c 370.47227 102.87331 215.55367 0.49618165 0.38247211 0.0
c 370.47227 102.87331 215.55367 0.49618165 0.38581125 0.0
c 370.47227 102.87331 215.55367 0.49618165 0.38915039 0.0
c 370.47227 102.87331 215.55367 0.49618165 0.39248954 0.0
c 370.47227 102.87331 215.55367 0.49618165 0.39582868 0.0
c 370.47227 102.8733 215.55367 0.49618165 0.39916782 0.0
c 370.47227 102.87331 215.55367 0.49618165 0.40250696 0.0
c 370.47227 102.87331 215.55367 0.49618165 0.40584611 0.0
c 370.47227 102.87331 215.55367 0.49618165 0.40918525 0.0
c 370.47227 102.87331 215.55367 0.49618165 0.41252439 0.0
c 370.47227 102.87331 215.55367 0.49618165 0.41586353 0.0
c 370.47227 102.87331 215.55367 0.49618165 0.41920267 0.0
c 370.47227 102.87331 215.55367 0.49618165 0.42254182 0.0
c 370.47227 102.87331 215.55367 0.49618165 0.42588096 0.0
c 370.47227 102.87331 215.55367 0.49618165 0.4292201 0.0
c 370.47227 102.87331 215.55367 0.49618165 0.43255924 0.0
c 370.47227 102.87331 215.55367 0.49618165 0.43589839 0.0
c 370.47227 102.87331 215.55367 0.49618165 0.43923753 0.0
c 370.47227 102.87331 215.55367 0.49618165 0.44257667 0.0
c 370.47227 102.87331 215.55367 0.49618165 0.44591581 0.0
c 370.47227 102.87331 215.55367 0.49618165 0.44925496 0.0
c 370.47227 102.87331 215.55367 0.49618165 0.4525941 0.0
c 370.47227 102.87331 215.55367 0.49618165 0.45593324 0.0
c 370.47227 102.87331 215.55367 0.49618165 0.45927238 0.0
c 370.47227 102.87331 215.55367 0.49618165 0.46261153 0.0
c 370.47227 102.87331 215.55367 0.49618165 0.46595067 0.0
c 370.47227 102.87331 215.55367 0.49618165 0.46928981 0.0
c 370.47227 102.87331 215.55367 0.49618165 0.47262895 0.0
c 370.47227 102.87331 215.55367 0.49618165 0.47596809 0.0
c 370.47227 102.87331 215.55367 0.49618165 0.47930724 0.0
c 370.47227 102.87331 215.55367 0.49618165 0.48264638 0.0
c 370.47227 102.87331 215.55367 0.49618165 0.48598552 0.0
c 370.47227 102.87331 215.55367 0.49618165 0.48932466 0.0
c 370.47227 102.87331 215.55367 0.49618165 0.49266381 0.0
c 370.47227 102.87331 215.55367 0.49618165 0.49600295 0.0
c 370.47227 102.87331 215.55367 0.49618165 0.49934209 0.0
c 370.47227 102.87331 215.55367 0.49618165 0.50268123 0.0
c 370.47227 102.87331 215.55367 0.49618165 0.50602038 0.0
c 370.47227 102.87331 215.55367 0.49618165 0.50935952 0.0
c 370.47227 102.87331 215.55367 0.49618165 0.51269866 0.0
c 370.47227 102.87331 215.55367 0.49618165 0.5160378 0.0
c 370.47227 102.87331 215.55367 0.49618165 0.51937695 0.0
c 370.47227 102.87331 215.55367 0.49618165 0.52271609 0.0
c 370.47227 102.87331 215.55367 0.49618165 0.52605523 0.0
c 370.47227 102.87331 215.55367 0.49618165 0.52939437 0.0
c 370.47227 102.87331 215.55367 0.49618165 0.53273351 0.0
c 370.47227 102.87331 215.55367 0.49618165 0.53607266 0.0
c 370.47227 102.87331 215.55367 0.49618165 0.5394118 0.0
c 370.47227 102.87331 215.55367 0.49618165 0.54275094 0.0
c 370.47227 102.87331 215.55367 0.49618165 0.54609008 0.0
c 370.47227 102.87331 215.55367 0.49618165 0.54942923 0.0
c 370.47227 102.87331 215.55367 0.49618165 0.55276837 0.0
c 370.47227 102.87331 215.55367 0.49618165 0.55610751 0.0
c 370.47227 102.87331 215.55367 0.49618165 0.55944665 0.0
c 370.47227 102.87331 215.55367 0.49618165 0.5627858 0.0
c 370.47227 102.87331 215.55367 0.49618165 0.56612494 0.0
c 370.47227 102.87331 215.55367 0.49618165 0.56946408 0.0
c 370.47227 102.87331 215.55367 0.49618165 0.57280322 0.0
c 370.47227 102.87331 215.55367 0.49618165 0.57614237 0.0
c 370.47227 102.87331 215.55367 0.49618165 0.57948151 0.0
c 370.47227 102.87331 215.55367 0.49618165 0.58282065 0.0
