c 338.80215 -3.40871 346.00408 -6.476e-05 -9.917e-05 -7.225e-05
t 100
c 338.80223 -4.85281 345.13429 -6.258e-05 -0.00010073 -7.604e-05
t 100
c 338.80231 -6.29692 344.2645 -6.039e-05 -0.00010229 -7.983e-05
t 100
c 338.80239 -7.74103 343.39471 -5.821e-05 -0.00010384 -8.362e-05
t 100
c 338.80246 -9.18514 342.52492 -5.603e-05 -0.0001054 -8.741e-05
t 100
c 338.80254 -10.62924 341.65513 -5.385e-05 -0.00010695 -9.12e-05
t 100
c 338.80262 -12.07335 340.78534 -5.167e-05 -0.00010851 -9.499e-05
t 100
c 338.80269 -13.51746 339.91555 -4.948e-05 -0.00011006 -9.878e-05
t 100
c 338.80277 -14.96157 339.04576 -4.73e-05 -0.00011162 -0.00010256
t 100
c 338.80285 -16.40567 338.17597 -4.512e-05 -0.00011317 -0.00010635
t 100
c 338.80292 -17.84978 337.30618 -4.294e-05 -0.00011473 -0.00011014
t 100
c 338.803 -19.29389 336.43639 -4.075e-05 -0.00011629 -0.00011393
t 100
c 338.80308 -20.738 335.5666 -3.857e-05 -0.00011784 -0.00011772
t 100
c 338.80316 -22.1821 334.69681 -3.639e-05 -0.0001194 -0.00012151
t 100
c 338.80323 -23.62621 333.82703 -3.421e-05 -0.00012095 -0.0001253
t 100
c 338.80331 -25.07032 332.95724 -3.203e-05 -0.00012251 -0.00012909
t 100
c 338.80339 -26.51443 332.08745 -2.984e-05 -0.00012406 -0.00013288
t 100
c 338.80346 -27.95853 331.21766 -2.766e-05 -0.00012562 -0.00013667
t 100
c 338.80354 -29.40264 330.34787 -2.548e-05 -0.00012717 -0.00014045
t 100
c 338.80362 -30.84675 329.47808 -2.33e-05 -0.00012873 -0.00014424
t 100
c 338.80369 -32.29086 328.60829 -2.111e-05 -0.00013029 -0.00014803
t 100
c 338.80377 -33.73496 327.7385 -1.893e-05 -0.00013184 -0.00015182
t 100
c 338.80385 -35.17907 326.86871 -1.675e-05 -0.0001334 -0.00015561
t 100
c 338.80392 -36.62318 325.99892 -1.457e-05 -0.00013495 -0.0001594
t 100
c 338.804 -38.06728 325.12913 -1.238e-05 -0.00013651 -0.00016319
t 100
c 338.80408 -39.51139 324.25934 -1.02e-05 -0.00013806 -0.00016698
t 100
c 338.80416 -40.9555 323.38955 -8.02e-06 -0.00013962 -0.00017077
t 100
c 338.80423 -42.39961 322.51976 -5.84e-06 -0.00014117 -0.00017455
t 100
c 338.80431 -43.84371 321.64997 -3.66e-06 -0.00014273 -0.00017834
t 100
c 338.80439 -45.28782 320.78018 -1.47e-06 -0.00014429 -0.00018213
t 100
c 338.80446 -46.73193 319.91039 7.1e-07 -0.00014584 -0.00018592
t 100
c 338.80454 -48.17604 319.0406 2.89e-06 -0.0001474 -0.00018971
t 100
c 338.80462 -49.62014 318.17081 5.07e-06 -0.00014895 -0.0001935
t 100
c 338.80469 -51.06425 317.30103 7.26e-06 -0.00015051 -0.00019729
t 100
c 338.80477 -52.50836 316.43124 9.44e-06 -0.00015206 -0.00020108
t 100
c 338.80485 -53.95247 315.56145 1.162e-05 -0.00015362 -0.00020487
t 100
c 338.80493 -55.39657 314.69166 1.38e-05 -0.00015517 -0.00020866
t 100
c 338.805 -56.84068 313.82187 1.599e-05 -0.00015673 -0.00021244
t 100
c 338.80508 -58.28479 312.95208 1.817e-05 -0.00015829 -0.00021623
t 100
c 338.80516 -59.7289 312.08229 2.035e-05 -0.00015984 -0.00022002
t 100
c 338.80523 -61.173 311.2125 2.253e-05 -0.0001614 -0.00022381
t 100
c 338.80531 -62.61711 310.34271 2.471e-05 -0.00016295 -0.0002276
t 100
c 338.80539 -64.06122 309.47292 2.69e-05 -0.00016451 -0.00023139
t 100
c 338.80546 -65.50533 308.60313 2.908e-05 -0.00016606 -0.00023518
t 100
c 338.80554 -66.94943 307.73334 3.126e-05 -0.00016762 -0.00023897
t 100
c 338.80562 -68.39354 306.86355 3.344e-05 -0.00016917 -0.00024276
t 100
c 338.80569 -69.83765 305.99376 3.563e-05 -0.00017073 -0.00024654
t 100
c 338.80577 -71.28176 305.12397 3.781e-05 -0.00017229 -0.00025033
t 100
c 338.80585 -72.72586 304.25418 3.999e-05 -0.00017384 -0.00025412
t 100
c 338.80593 -74.16997 303.38439 4.217e-05 -0.0001754 -0.00025791
t 100
c 338.806 -75.61408 302.5146 4.435e-05 -0.00017695 -0.0002617
t 100
c 338.80608 -77.05819 301.64482 4.654e-05 -0.00017851 -0.00026549
t 100
c 338.80616 -78.50229 300.77503 4.872e-05 -0.00018006 -0.00026928
t 100
c 338.80623 -79.9464 299.90524 5.09e-05 -0.00018162 -0.00027307
t 100
c 338.80631 -81.39051 299.03545 5.308e-05 -0.00018317 -0.00027686
t 100
c 338.80639 -82.83461 298.16566 5.527e-05 -0.00018473 -0.00028065
t 100
c 338.80646 -84.27872 297.29587 5.745e-05 -0.00018629 -0.00028443
t 100
c 338.80654 -85.72283 296.42608 5.963e-05 -0.00018784 -0.00028822
t 100
c 338.80662 -87.16694 295.55629 6.181e-05 -0.0001894 -0.00029201
t 100
c 338.8067 -88.61104 294.6865 6.4e-05 -0.00019095 -0.0002958
t 100
c 338.80677 -90.05515 293.81671 6.618e-05 -0.00019251 -0.00029959
t 100
c 338.80685 -91.49926 292.94692 6.836e-05 -0.00019406 -0.00030338
t 100
c 338.80693 -92.94337 292.07713 7.054e-05 -0.00019562 -0.00030717
t 100
c 338.807 -94.38747 291.20734 7.272e-05 -0.00019718 -0.00031096
t 100
c 338.80708 -95.83158 290.33755 7.491e-05 -0.00019873 -0.00031475
t 100
c 338.80716 -97.27569 289.46776 7.709e-05 -0.00020029 -0.00031854
t 100
c 338.80723 -98.7198 288.59797 7.927e-05 -0.00020184 -0.00032232
t 100
c 338.80731 -100.1639 287.72818 8.145e-05 -0.0002034 -0.00032611
t 100
c 338.80739 -101.60801 286.85839 8.364e-05 -0.00020495 -0.0003299
t 100
c 338.80746 -103.05212 285.9886 8.582e-05 -0.00020651 -0.00033369
t 100
c 338.80754 -104.49623 285.11882 8.8e-05 -0.00020806 -0.00033748
t 100
c 338.80762 -105.94033 284.24903 9.018e-05 -0.00020962 -0.00034127
t 100
c 338.8077 -107.38444 283.37924 9.236e-05 -0.00021118 -0.00034506
t 100
c 338.80777 -108.82855 282.50945 9.455e-05 -0.00021273 -0.00034885
t 100
c 338.80777 -108.82855 282.50945 9.455e-05 -0.00021273 -0.00034885
t 100
c 338.80906 -107.13157 282.51108 8.068e-05 -0.00021681 -0.00034421
t 100
c 338.81035 -105.4346 282.51272 6.681e-05 -0.00022089 -0.00033957
t 100
c 338.81164 -103.73762 282.51436 5.293e-05 -0.00022497 -0.00033493
t 100
c 338.81292 -102.04065 282.516 3.906e-05 -0.00022905 -0.00033029
t 100
c 338.81421 -100.34367 282.51763 2.519e-05 -0.00023314 -0.00032565
t 100
c 338.8155 -98.64669 282.51927 1.132e-05 -0.00023722 -0.00032101
t 100
c 338.81679 -96.94972 282.52091 -2.55e-06 -0.0002413 -0.00031637
t 100
c 338.81807 -95.25274 282.52255 -1.642e-05 -0.00024538 -0.00031174
t 100
c 338.81936 -93.55577 282.52418 -3.029e-05 -0.00024946 -0.0003071
t 100
c 338.82065 -91.85879 282.52582 -4.416e-05 -0.00025354 -0.00030246
t 100
c 338.82194 -90.16182 282.52746 -5.803e-05 -0.00025762 -0.00029782
t 100
c 338.82323 -88.46484 282.5291 -7.19e-05 -0.0002617 -0.00029318
t 100
c 338.82451 -86.76787 282.53073 -8.578e-05 -0.00026578 -0.00028854
t 100
c 338.8258 -85.07089 282.53237 -9.965e-05 -0.00026986 -0.0002839
t 100
c 338.82709 -83.37391 282.53401 -0.00011352 -0.00027394 -0.00027926
t 100
c 338.82838 -81.67694 282.53565 -0.00012739 -0.00027803 -0.00027462
t 100
c 338.82966 -79.97996 282.53728 -0.00014126 -0.00028211 -0.00026999
t 100
c 338.83095 -78.28299 282.53892 -0.00015513 -0.00028619 -0.00026535
t 100
c 338.83224 -76.58601 282.54056 -0.000169 -0.00029027 -0.00026071
t 100
c 338.83353 -74.88904 282.5422 -0.00018287 -0.00029435 -0.00025607
t 100
c 338.83481 -73.19206 282.54383 -0.00019674 -0.00029843 -0.00025143
t 100
c 338.8361 -71.49508 282.54547 -0.00021061 -0.00030251 -0.00024679
t 100
c 338.83739 -69.79811 282.54711 -0.00022448 -0.00030659 -0.00024215
t 100
c 338.83868 -68.10113 282.54875 -0.00023836 -0.00031067 -0.00023751
t 100
c 338.83997 -66.40416 282.55038 -0.00025223 -0.00031475 -0.00023288
t 100
c 338.84125 -64.70718 282.55202 -0.0002661 -0.00031884 -0.00022824
t 100
c 338.84254 -63.01021 282.55366 -0.00027997 -0.00032292 -0.0002236
t 100
c 338.84383 -61.31323 282.5553 -0.00029384 -0.000327 -0.00021896
t 100
c 338.84512 -59.61625 282.55693 -0.00030771 -0.00033108 -0.00021432
t 100
c 338.8464 -57.91928 282.55857 -0.00032158 -0.00033516 -0.00020968
t 100
c 338.84769 -56.2223 282.56021 -0.00033545 -0.00033924 -0.00020504
t 100
c 338.84898 -54.52533 282.56185 -0.00034932 -0.00034332 -0.0002004
t 100
c 338.85027 -52.82835 282.56348 -0.00036319 -0.0003474 -0.00019576
t 100
c 338.85155 -51.13138 282.56512 -0.00037707 -0.00035148 -0.00019113
t 100
c 338.85284 -49.4344 282.56676 -0.00039094 -0.00035556 -0.00018649
t 100
c 338.85413 -47.73743 282.5684 -0.00040481 -0.00035964 -0.00018185
t 100
c 338.85542 -46.04045 282.57003 -0.00041868 -0.00036373 -0.00017721
t 100
c 338.85671 -44.34347 282.57167 -0.00043255 -0.00036781 -0.00017257
t 100
c 338.85799 -42.6465 282.57331 -0.00044642 -0.00037189 -0.00016793
t 100
c 338.85928 -40.94952 282.57495 -0.00046029 -0.00037597 -0.00016329
t 100
c 338.86057 -39.25255 282.57658 -0.00047416 -0.00038005 -0.00015865
t 100
c 338.86186 -37.55557 282.57822 -0.00048803 -0.00038413 -0.00015401
t 100
c 338.86314 -35.8586 282.57986 -0.0005019 -0.00038821 -0.00014938
t 100
c 338.86443 -34.16162 282.5815 -0.00051577 -0.00039229 -0.00014474
t 100
c 338.86572 -32.46464 282.58313 -0.00052965 -0.00039637 -0.0001401
t 100
c 338.86701 -30.76767 282.58477 -0.00054352 -0.00040045 -0.00013546
t 100
