c 246.85448 112.61276 9.34444 0.00011674 1.3599119 0.00084263
t 100
c 246.85631 108.59195 9.34567 9.516e-05 1.35990454 0.00082069
t 99
c 246.85814 104.57114 9.34689 7.358e-05 1.35989718 0.00079874
t 100
c 246.85997 100.55033 9.34812 5.2e-05 1.35988981 0.0007768
t 99
c 246.86179 96.52952 9.34934 3.041e-05 1.35988245 0.00075486
t 100
c 246.86362 92.50871 9.35057 8.83e-06 1.35987508 0.00073291
t 100
c 246.86545 88.4879 9.35179 -1.275e-05 1.35986772 0.00071097
t 100
c 246.86728 84.46709 9.35302 -3.433e-05 1.35986035 0.00068903
t 100
c 246.86911 80.44628 9.35424 -5.592e-05 1.35985299 0.00066708
t 100
c 246.87093 76.42547 9.35547 -7.75e-05 1.35984562 0.00064514
t 100
c 246.87276 72.40466 9.3567 -9.908e-05 1.35983826 0.0006232
t 100
c 246.87459 68.38385 9.35792 -0.00012066 1.3598309 0.00060125
t 100
c 246.87642 64.36304 9.35915 -0.00014225 1.35982353 0.00057931
t 100
c 246.87824 60.34223 9.36037 -0.00016383 1.35981617 0.00055737
t 100
c 246.88007 56.32142 9.3616 -0.00018541 1.3598088 0.00053542
t 100
c 246.8819 52.30061 9.36282 -0.00020699 1.35980144 0.00051348
t 100
c 246.88373 48.2798 9.36405 -0.00022858 1.35979407 0.00049154
t 100
c 246.88556 44.25899 9.36527 -0.00025016 1.35978671 0.00046959
t 100
c 246.88738 40.23818 9.3665 -0.00027174 1.35977934 0.00044765
t 100
c 246.88921 36.21737 9.36772 -0.00029332 1.35977198 0.00042571
t 100
c 246.89104 32.19656 9.36895 -0.0003149 1.35976462 0.00040376
t 100
c 246.89287 28.17575 9.37017 -0.00033649 1.35975725 0.00038182
t 100
c 246.8947 24.15494 9.3714 -0.00035807 1.35974989 0.00035988
t 100
c 246.89652 20.13413 9.37263 -0.00037965 1.35974252 0.00033793
t 100
c 246.89835 16.11332 9.37385 -0.00040123 1.35973516 0.00031599
t 100
c 246.90018 12.09251 9.37508 -0.00042282 1.35972779 0.00029405
t 100
c 246.90201 8.0717 9.3763 -0.0004444 1.35972043 0.0002721
t 100
c 246.90383 4.05089 9.37753 -0.00046598 1.35971306 0.00025016
t 100
c 246.90566 0.03008 9.37875 -0.00048756 1.3597057 0.00022822
t 100
c 246.90749 -3.99073 9.37998 -0.00050915 1.35969834 0.00020627
t 100
c 246.90932 -8.01155 9.3812 -0.00053073 1.35969097 0.00018433
t 100
c 246.91115 -12.03236 9.38243 -0.00055231 1.35968361 0.00016239
t 100
c 246.91297 -16.05317 9.38365 -0.00057389 1.35967624 0.00014044
t 100
c 246.9148 -20.07398 9.38488 -0.00059548 1.35966888 0.0001185
t 100
c 246.91663 -24.09479 9.3861 -0.00061706 1.35966151 9.656e-05
t 100
c 246.91846 -28.1156 9.38733 -0.00063864 1.35965415 7.461e-05
t 100
c 246.92029 -32.13641 9.38856 -0.00066022 1.35964678 5.267e-05
t 100
c 246.92029 -32.13641 9.38856 -0.00066022 1.35964678 5.267e-05
t 100
c 251.087 -32.12505 9.36695 -0.00066215 1.35975309 0.00013961
t 100
c 255.25371 -32.1137 9.34534 -0.00066407 1.35985939 0.00022655
t 100
c 259.42042 -32.10234 9.32373 -0.00066599 1.3599657 0.00031348
t 100
c 263.58713 -32.09099 9.30212 -0.00066792 1.360072 0.00040042
t 100
c 267.75384 -32.07964 9.28051 -0.00066984 1.3601783 0.00048736
t 100
c 271.92055 -32.06828 9.2589 -0.00067176 1.36028461 0.0005743
t 100
c 276.08727 -32.05693 9.23729 -0.00067369 1.36039091 0.00066124
t 100
c 280.25398 -32.04557 9.21568 -0.00067561 1.36049722 0.00074817
t 100
c 284.42069 -32.03422 9.19407 -0.00067753 1.36060352 0.00083511
t 100
c 288.5874 -32.02286 9.17246 -0.00067946 1.36070983 0.00092205
t 100
c 292.75411 -32.01151 9.15085 -0.00068138 1.36081613 0.00100899
t 100
c 296.92082 -32.00016 9.12924 -0.0006833 1.36092243 0.00109593
t 100
c 301.08754 -31.9888 9.10763 -0.00068523 1.36102874 0.00118286
t 100
c 305.25425 -31.97745 9.08602 -0.00068715 1.36113504 0.0012698
t 100
c 309.42096 -31.96609 9.06441 -0.00068907 1.36124135 0.00135674
t 100
