c 319.76376 -126.86125 308.1208 0.00143845 -0.19406323 -1.36859795
t 100
c 323.23605 -126.86293 297.69205 0.00146859 -0.19397725 -1.36860061
t 100
c 326.70833 -126.86462 287.26329 0.00149874 -0.19389127 -1.36860327
t 100
c 330.18062 -126.8663 276.83453 0.00152888 -0.19380529 -1.36860593
t 100
c 333.6529 -126.86798 266.40578 0.00155902 -0.19371931 -1.36860859
t 100
c 337.12518 -126.86966 255.97702 0.00158916 -0.19363332 -1.36861124
t 100
c 340.59747 -126.87134 245.54826 0.0016193 -0.19354734 -1.3686139
t 100
c 344.06975 -126.87302 235.11951 0.00164944 -0.19346136 -1.36861656
t 100
c 347.54204 -126.8747 224.69075 0.00167958 -0.19337538 -1.36861922
t 100
c 347.54204 -126.8747 224.69075 0.00167958 -0.19337538 -1.36861922
t 100
c 339.9889 -128.40916 231.67368 0.00162974 -0.19334556 -1.33972612
t 100
c 332.43576 -129.94361 238.65661 0.0015799 -0.19331575 -1.31083302
t 100
c 324.88262 -131.47806 245.63954 0.00153006 -0.19328594 -1.28193993
t 100
c 317.32948 -133.01252 252.62247 0.00148022 -0.19325612 -1.25304683
t 100
c 309.77634 -134.54697 259.6054 0.00143038 -0.19322631 -1.22415373
t 100
c 302.22321 -136.08142 266.58833 0.00138054 -0.19319649 -1.19526063
t 100
c 294.67007 -137.61588 273.57126 0.0013307 -0.19316668 -1.16636754
t 100
c 287.11693 -139.15033 280.55419 0.00128086 -0.19313686 -1.13747444
t 100
c 279.56379 -140.68478 287.53711 0.00123102 -0.19310705 -1.10858134
t 100
c 272.01065 -142.21924 294.52004 0.00118118 -0.19307724 -1.07968824
t 100
c 264.45751 -143.75369 301.50297 0.00113134 -0.19304742 -1.05079515
t 100
c 256.90437 -145.28814 308.4859 0.0010815 -0.19301761 -1.02190205
t 100
c 249.35123 -146.8226 315.46883 0.00103166 -0.19298779 -0.99300895
t 100
c 241.7981 -148.35705 322.45176 0.00098182 -0.19295798 -0.96411585
t 100
c 234.24496 -149.8915 329.43469 0.00093198 -0.19292816 -0.93522276
t 100
c 226.69182 -151.42596 336.41762 0.00088214 -0.19289835 -0.90632966
t 100
c 219.13868 -152.96041 343.40055 0.0008323 -0.19286854 -0.87743656
t 100
c 211.58554 -154.49486 350.38348 0.00078246 -0.19283872 -0.84854346
t 100
