c 391.43028 0.0 345.87555 0.0 0.0004 0.0
t 100
c 387.36068 0.0 345.88304 0.0 0.00035 0.0
t 112
c 383.29107 0.0 345.89052 0.0 0.0003 0.0
t 124
c 379.22147 0.0 345.89801 0.0 0.00025 0.0
t 136
c 375.15187 0.0 345.90549 0.0 0.0002 0.0
t 149
c 375.15187 0.0 345.90549 0.0 0.0002 0.0
t 149
c 375.15187 0.0 345.90549 0.0 0.0002 0.0
t 148
c 375.15187 0.0 345.90549 0.0 0.0002 0.0
t 147
c 375.15187 0.0 345.90549 0.0 0.0002 0.0
t 146
c 375.15187 0.0 345.90549 0.0 0.0002 0.0
t 145
c 375.15187 0.0 345.90549 0.0 0.0002 0.0
t 144
c 375.15187 0.0 345.90549 0.0 0.0002 0.0
t 143
c 375.15187 0.0 345.90549 0.0 0.0002 0.0
t 142
c 375.15187 0.0 345.90549 0.0 0.0002 0.0
t 141
c 375.15187 0.0 345.90549 0.0 0.0002 0.0
t 140
c 375.15187 0.0 345.90549 0.0 0.0002 0.0
t 139
c 375.15187 0.0 345.90549 0.0 0.0002 0.0
t 138
c 375.15187 0.0 345.90549 0.0 0.0002 0.0
t 137
c 375.15187 0.0 345.90549 0.0 0.0002 0.0
t 136
c 375.15187 0.0 345.90549 0.0 0.0002 0.0
t 135
c 375.15187 0.0 345.90549 0.0 0.0002 0.0
t 134
c 375.15187 0.0 345.90549 0.0 0.0002 0.0
t 133
c 375.15187 0.0 345.90549 0.0 0.0002 0.0
t 132
c 375.15187 0.0 345.90549 0.0 0.0002 0.0
t 131
c 375.15187 0.0 345.90549 0.0 0.0002 0.0
t 130
c 375.15187 0.0 345.90549 0.0 0.0002 0.0
t 129
c 375.15187 0.0 345.90549 0.0 0.0002 0.0
t 128
c 375.15187 0.0 345.90549 0.0 0.0002 0.0
t 127
c 375.15187 0.0 345.90549 0.0 0.0002 0.0
t 125
c 375.15187 0.0 345.90549 0.0 0.0002 0.0
t 124
c 375.15187 0.0 345.90549 0.0 0.0002 0.0
t 124
