c 412.37403 -6.14584 346.13722 3.382e-05 -0.00044741 -6.812e-05
t 100
c 412.37459 -6.81513 346.13533 3.633e-05 -0.00044332 -6.862e-05
t 100
c 412.37514 -7.48443 346.13345 3.884e-05 -0.00043923 -6.912e-05
t 100
c 412.37569 -8.15373 346.13157 4.136e-05 -0.00043514 -6.963e-05
t 100
c 412.37625 -8.82303 346.12968 4.387e-05 -0.00043105 -7.013e-05
t 100
c 412.3768 -9.49232 346.1278 4.638e-05 -0.00042696 -7.064e-05
t 100
c 412.37736 -10.16162 346.12591 4.89e-05 -0.00042288 -7.114e-05
t 100
c 412.37791 -10.83092 346.12403 5.141e-05 -0.00041879 -7.165e-05
t 100
c 412.37846 -11.50022 346.12215 5.393e-05 -0.0004147 -7.215e-05
t 99
c 412.37902 -12.16951 346.12026 5.644e-05 -0.00041061 -7.265e-05
t 100
c 412.37957 -12.83881 346.11838 5.895e-05 -0.00040652 -7.316e-05
t 100
c 412.38013 -13.50811 346.11649 6.147e-05 -0.00040243 -7.366e-05
t 100
c 412.38068 -14.17741 346.11461 6.398e-05 -0.00039835 -7.417e-05
t 100
c 412.38123 -14.84671 346.11273 6.649e-05 -0.00039426 -7.467e-05
t 100
c 412.38179 -15.516 346.11084 6.901e-05 -0.00039017 -7.518e-05
t 100
c 412.38234 -16.1853 346.10896 7.152e-05 -0.00038608 -7.568e-05
t 100
c 412.3829 -16.8546 346.10707 7.403e-05 -0.00038199 -7.618e-05
t 100
c 412.38345 -17.5239 346.10519 7.655e-05 -0.0003779 -7.669e-05
t 100
c 412.38401 -18.19319 346.10331 7.906e-05 -0.00037382 -7.719e-05
t 100
c 412.38456 -18.86249 346.10142 8.157e-05 -0.00036973 -7.77e-05
t 100
c 412.38511 -19.53179 346.09954 8.409e-05 -0.00036564 -7.82e-05
t 100
c 412.38567 -20.20109 346.09766 8.66e-05 -0.00036155 -7.871e-05
t 100
c 412.38622 -20.87038 346.09577 8.911e-05 -0.00035746 -7.921e-05
t 100
c 412.38678 -21.53968 346.09389 9.163e-05 -0.00035337 -7.971e-05
t 100
c 412.38733 -22.20898 346.092 9.414e-05 -0.00034928 -8.022e-05
t 99
c 412.38788 -22.87828 346.09012 9.665e-05 -0.0003452 -8.072e-05
t 99
c 412.38844 -23.54757 346.08824 9.917e-05 -0.00034111 -8.123e-05
t 100
c 412.38899 -24.21687 346.08635 0.00010168 -0.00033702 -8.173e-05
t 100
c 412.38955 -24.88617 346.08447 0.0001042 -0.00033293 -8.224e-05
t 100
c 412.3901 -25.55547 346.08258 0.00010671 -0.00032884 -8.274e-05
t 100
c 412.39065 -26.22476 346.0807 0.00010922 -0.00032475 -8.324e-05
t 100
c 412.39121 -26.89406 346.07882 0.00011174 -0.00032067 -8.375e-05
t 100
c 412.39176 -27.56336 346.07693 0.00011425 -0.00031658 -8.425e-05
t 100
c 412.39232 -28.23266 346.07505 0.00011676 -0.00031249 -8.476e-05
t 100
c 412.39287 -28.90195 346.07316 0.00011928 -0.0003084 -8.526e-05
t 100
c 412.39342 -29.57125 346.07128 0.00012179 -0.00030431 -8.577e-05
t 100
c 412.39398 -30.24055 346.0694 0.0001243 -0.00030022 -8.627e-05
t 100
c 412.39453 -30.90985 346.06751 0.00012682 -0.00029613 -8.678e-05
t 100
c 412.39509 -31.57915 346.06563 0.00012933 -0.00029205 -8.728e-05
t 100
c 412.39564 -32.24844 346.06375 0.00013184 -0.00028796 -8.778e-05
t 100
c 412.3962 -32.91774 346.06186 0.00013436 -0.00028387 -8.829e-05
t 100
c 412.39675 -33.58704 346.05998 0.00013687 -0.00027978 -8.879e-05
t 100
c 412.3973 -34.25634 346.05809 0.00013938 -0.00027569 -8.93e-05
t 100
c 412.39786 -34.92563 346.05621 0.0001419 -0.0002716 -8.98e-05
t 100
c 412.39841 -35.59493 346.05433 0.00014441 -0.00026752 -9.031e-05
t 100
c 412.39897 -36.26423 346.05244 0.00014692 -0.00026343 -9.081e-05
t 100
c 412.39952 -36.93353 346.05056 0.00014944 -0.00025934 -9.131e-05
t 100
c 412.40007 -37.60282 346.04867 0.00015195 -0.00025525 -9.182e-05
t 100
c 412.40063 -38.27212 346.04679 0.00015447 -0.00025116 -9.232e-05
t 100
c 412.40118 -38.94142 346.04491 0.00015698 -0.00024707 -9.283e-05
t 100
c 412.40174 -39.61072 346.04302 0.00015949 -0.00024299 -9.333e-05
t 100
c 412.40229 -40.28001 346.04114 0.00016201 -0.0002389 -9.384e-05
t 100
c 412.40284 -40.94931 346.03925 0.00016452 -0.00023481 -9.434e-05
t 100
c 412.4034 -41.61861 346.03737 0.00016703 -0.00023072 -9.484e-05
t 100
c 412.40395 -42.28791 346.03549 0.00016955 -0.00022663 -9.535e-05
t 100
c 412.40451 -42.9572 346.0336 0.00017206 -0.00022254 -9.585e-05
t 100
c 412.40506 -43.6265 346.03172 0.00017457 -0.00021845 -9.636e-05
t 100
c 412.40562 -44.2958 346.02983 0.00017709 -0.00021437 -9.686e-05
t 100
c 412.40617 -44.9651 346.02795 0.0001796 -0.00021028 -9.737e-05
t 100
c 412.40672 -45.6344 346.02607 0.00018211 -0.00020619 -9.787e-05
t 100
c 412.40728 -46.30369 346.02418 0.00018463 -0.0002021 -9.837e-05
t 100
c 412.40783 -46.97299 346.0223 0.00018714 -0.00019801 -9.888e-05
t 100
c 412.40839 -47.64229 346.02042 0.00018965 -0.00019392 -9.938e-05
t 100
c 412.40894 -48.31159 346.01853 0.00019217 -0.00018984 -9.989e-05
t 100
c 412.40949 -48.98088 346.01665 0.00019468 -0.00018575 -0.00010039
t 100
c 412.41005 -49.65018 346.01476 0.0001972 -0.00018166 -0.0001009
t 100
c 412.4106 -50.31948 346.01288 0.00019971 -0.00017757 -0.0001014
t 100
c 412.41116 -50.98878 346.011 0.00020222 -0.00017348 -0.0001019
t 100
c 412.41171 -51.65807 346.00911 0.00020474 -0.00016939 -0.00010241
t 100
c 412.41226 -52.32737 346.00723 0.00020725 -0.0001653 -0.00010291
t 100
c 412.41282 -52.99667 346.00534 0.00020976 -0.00016122 -0.00010342
t 100
c 412.41337 -53.66597 346.00346 0.00021228 -0.00015713 -0.00010392
t 100
c 412.41393 -54.33526 346.00158 0.00021479 -0.00015304 -0.00010443
t 100
c 412.41448 -55.00456 345.99969 0.0002173 -0.00014895 -0.00010493
t 100
c 412.41503 -55.67386 345.99781 0.00021982 -0.00014486 -0.00010544
t 100
c 412.41559 -56.34316 345.99592 0.00022233 -0.00014077 -0.00010594
t 100
c 412.41614 -57.01245 345.99404 0.00022484 -0.00013669 -0.00010644
t 100
c 412.4167 -57.68175 345.99216 0.00022736 -0.0001326 -0.00010695
t 100
c 412.41725 -58.35105 345.99027 0.00022987 -0.00012851 -0.00010745
t 100
c 412.41781 -59.02035 345.98839 0.00023238 -0.00012442 -0.00010796
t 100
c 412.41836 -59.68965 345.98651 0.0002349 -0.00012033 -0.00010846
t 100
c 412.41891 -60.35894 345.98462 0.00023741 -0.00011624 -0.00010897
t 100
c 412.41947 -61.02824 345.98274 0.00023992 -0.00011216 -0.00010947
t 100
c 412.42002 -61.69754 345.98085 0.00024244 -0.00010807 -0.00010997
t 100
c 412.42058 -62.36684 345.97897 0.00024495 -0.00010398 -0.00011048
t 100
c 412.42113 -63.03613 345.97709 0.00024747 -9.989e-05 -0.00011098
t 100
c 412.42168 -63.70543 345.9752 0.00024998 -9.58e-05 -0.00011149
t 100
c 412.42224 -64.37473 345.97332 0.00025249 -9.171e-05 -0.00011199
t 100
c 412.42279 -65.04403 345.97143 0.00025501 -8.762e-05 -0.0001125
t 100
c 412.42335 -65.71332 345.96955 0.00025752 -8.354e-05 -0.000113
t 100
c 412.4239 -66.38262 345.96767 0.00026003 -7.945e-05 -0.0001135
t 100
c 412.42445 -67.05192 345.96578 0.00026255 -7.536e-05 -0.00011401
t 100
c 412.42501 -67.72122 345.9639 0.00026506 -7.127e-05 -0.00011451
t 100
c 412.42556 -68.39051 345.96201 0.00026757 -6.718e-05 -0.00011502
t 100
c 412.42612 -69.05981 345.96013 0.00027009 -6.309e-05 -0.00011552
t 100
c 412.42667 -69.72911 345.95825 0.0002726 -5.901e-05 -0.00011603
t 100
c 412.42722 -70.39841 345.95636 0.00027511 -5.492e-05 -0.00011653
t 100
c 412.42778 -71.0677 345.95448 0.00027763 -5.083e-05 -0.00011703
t 100
c 412.42833 -71.737 345.9526 0.00028014 -4.674e-05 -0.00011754
t 100
c 412.42889 -72.4063 345.95071 0.00028265 -4.265e-05 -0.00011804
t 100
c 412.42944 -73.0756 345.94883 0.00028517 -3.856e-05 -0.00011855
t 100
c 412.43 -73.7449 345.94694 0.00028768 -3.447e-05 -0.00011905
t 100
c 412.43055 -74.41419 345.94506 0.00029019 -3.039e-05 -0.00011956
t 100
c 412.4311 -75.08349 345.94318 0.00029271 -2.63e-05 -0.00012006
t 100
c 412.43166 -75.75279 345.94129 0.00029522 -2.221e-05 -0.00012056
t 100
c 412.43221 -76.42209 345.93941 0.00029774 -1.812e-05 -0.00012107
t 100
c 412.43277 -77.09138 345.93752 0.00030025 -1.403e-05 -0.00012157
t 100
c 412.43332 -77.76068 345.93564 0.00030276 -9.94e-06 -0.00012208
t 100
c 412.43387 -78.42998 345.93376 0.00030528 -5.86e-06 -0.00012258
t 100
c 412.43443 -79.09928 345.93187 0.00030779 -1.77e-06 -0.00012309
t 100
c 412.43498 -79.76857 345.92999 0.0003103 2.32e-06 -0.00012359
t 100
c 412.43554 -80.43787 345.9281 0.00031282 6.41e-06 -0.00012409
t 100
c 412.43609 -81.10717 345.92622 0.00031533 1.05e-05 -0.0001246
t 100
c 412.43664 -81.77647 345.92434 0.00031784 1.459e-05 -0.0001251
t 100
c 412.4372 -82.44576 345.92245 0.00032036 1.867e-05 -0.00012561
t 100
c 412.43775 -83.11506 345.92057 0.00032287 2.276e-05 -0.00012611
t 100
c 412.43831 -83.78436 345.91868 0.00032538 2.685e-05 -0.00012662
t 100
c 412.43886 -84.45366 345.9168 0.0003279 3.094e-05 -0.00012712
t 100
c 412.43942 -85.12295 345.91492 0.00033041 3.503e-05 -0.00012763
t 100
c 412.43942 -85.12295 345.91492 0.00033041 3.503e-05 -0.00012763
t 100
c 411.76802 -85.12457 345.917 0.00032857 2.944e-05 -0.00013247
t 100
c 411.09663 -85.12619 345.91909 0.00032673 2.386e-05 -0.00013732
t 100
c 410.42524 -85.1278 345.92117 0.0003249 1.828e-05 -0.00014217
t 100
c 409.75385 -85.12942 345.92325 0.00032306 1.269e-05 -0.00014702
t 100
c 409.08246 -85.13103 345.92534 0.00032122 7.11e-06 -0.00015187
t 100
c 408.41107 -85.13265 345.92742 0.00031938 1.52e-06 -0.00015672
t 100
c 407.73968 -85.13426 345.92951 0.00031754 -4.06e-06 -0.00016157
t 100
c 407.06829 -85.13588 345.93159 0.0003157 -9.64e-06 -0.00016642
t 100
c 406.3969 -85.13749 345.93367 0.00031386 -1.523e-05 -0.00017127
t 100
c 405.72551 -85.13911 345.93576 0.00031203 -2.081e-05 -0.00017612
t 100
c 405.05412 -85.14072 345.93784 0.00031019 -2.64e-05 -0.00018096
t 100
c 404.38273 -85.14234 345.93993 0.00030835 -3.198e-05 -0.00018581
t 100
c 403.71134 -85.14395 345.94201 0.00030651 -3.756e-05 -0.00019066
t 100
c 403.03994 -85.14557 345.94409 0.00030467 -4.315e-05 -0.00019551
t 100
c 402.36855 -85.14718 345.94618 0.00030283 -4.873e-05 -0.00020036
t 100
c 401.69716 -85.1488 345.94826 0.00030099 -5.432e-05 -0.00020521
t 100
c 401.02577 -85.15041 345.95035 0.00029916 -5.99e-05 -0.00021006
t 99
c 400.35438 -85.15203 345.95243 0.00029732 -6.548e-05 -0.00021491
t 100
c 399.68299 -85.15365 345.95451 0.00029548 -7.107e-05 -0.00021976
t 100
c 399.0116 -85.15526 345.9566 0.00029364 -7.665e-05 -0.0002246
t 99
c 398.34021 -85.15688 345.95868 0.0002918 -8.224e-05 -0.00022945
t 100
c 397.66882 -85.15849 345.96077 0.00028996 -8.782e-05 -0.0002343
t 100
c 396.99743 -85.16011 345.96285 0.00028812 -9.34e-05 -0.00023915
t 100
c 396.32604 -85.16172 345.96493 0.00028629 -9.899e-05 -0.000244
t 100
c 395.65465 -85.16334 345.96702 0.00028445 -0.00010457 -0.00024885
t 100
c 394.98326 -85.16495 345.9691 0.00028261 -0.00011016 -0.0002537
t 100
c 394.31186 -85.16657 345.97119 0.00028077 -0.00011574 -0.00025855
t 100
c 393.64047 -85.16818 345.97327 0.00027893 -0.00012133 -0.0002634
t 100
c 392.96908 -85.1698 345.97535 0.00027709 -0.00012691 -0.00026825
t 100
c 392.29769 -85.17141 345.97744 0.00027525 -0.00013249 -0.00027309
t 100
c 391.6263 -85.17303 345.97952 0.00027342 -0.00013808 -0.00027794
t 100
c 390.95491 -85.17464 345.98161 0.00027158 -0.00014366 -0.00028279
t 100
c 390.28352 -85.17626 345.98369 0.00026974 -0.00014925 -0.00028764
t 100
c 389.61213 -85.17788 345.98577 0.0002679 -0.00015483 -0.00029249
t 100
c 388.94074 -85.17949 345.98786 0.00026606 -0.00016041 -0.00029734
t 100
c 388.26935 -85.18111 345.98994 0.00026422 -0.000166 -0.00030219
t 100
c 387.59796 -85.18272 345.99203 0.00026239 -0.00017158 -0.00030704
t 100
c 386.92657 -85.18434 345.99411 0.00026055 -0.00017717 -0.00031189
t 100
c 386.25518 -85.18595 345.99619 0.00025871 -0.00018275 -0.00031674
t 100
c 385.58378 -85.18757 345.99828 0.00025687 -0.00018833 -0.00032158
t 100
c 384.91239 -85.18918 346.00036 0.00025503 -0.00019392 -0.00032643
t 100
c 384.241 -85.1908 346.00245 0.00025319 -0.0001995 -0.00033128
t 100
c 383.56961 -85.19241 346.00453 0.00025135 -0.00020509 -0.00033613
t 100
c 382.89822 -85.19403 346.00661 0.00024952 -0.00021067 -0.00034098
t 100
c 382.22683 -85.19564 346.0087 0.00024768 -0.00021625 -0.00034583
t 100
c 381.55544 -85.19726 346.01078 0.00024584 -0.00022184 -0.00035068
t 100
c 380.88405 -85.19887 346.01287 0.000244 -0.00022742 -0.00035553
t 100
c 380.21266 -85.20049 346.01495 0.00024216 -0.00023301 -0.00036038
t 100
c 379.54127 -85.20211 346.01703 0.00024032 -0.00023859 -0.00036523
t 100
c 378.86988 -85.20372 346.01912 0.00023848 -0.00024417 -0.00037007
t 100
c 378.19849 -85.20534 346.0212 0.00023665 -0.00024976 -0.00037492
t 100
c 377.5271 -85.20695 346.02329 0.00023481 -0.00025534 -0.00037977
t 100
c 376.8557 -85.20857 346.02537 0.00023297 -0.00026093 -0.00038462
t 100
c 376.18431 -85.21018 346.02745 0.00023113 -0.00026651 -0.00038947
t 100
c 375.51292 -85.2118 346.02954 0.00022929 -0.00027209 -0.00039432
t 100
c 374.84153 -85.21341 346.03162 0.00022745 -0.00027768 -0.00039917
t 100
c 374.17014 -85.21503 346.03371 0.00022561 -0.00028326 -0.00040402
t 100
c 373.49875 -85.21664 346.03579 0.00022378 -0.00028885 -0.00040887
t 100
c 372.82736 -85.21826 346.03787 0.00022194 -0.00029443 -0.00041372
t 100
c 372.15597 -85.21987 346.03996 0.0002201 -0.00030001 -0.00041856
t 100
c 371.48458 -85.22149 346.04204 0.00021826 -0.0003056 -0.00042341
t 100
c 370.81319 -85.2231 346.04413 0.00021642 -0.00031118 -0.00042826
t 100
c 370.1418 -85.22472 346.04621 0.00021458 -0.00031677 -0.00043311
t 100
c 369.47041 -85.22633 346.04829 0.00021274 -0.00032235 -0.00043796
t 100
c 368.79902 -85.22795 346.05038 0.00021091 -0.00032794 -0.00044281
t 100
c 368.12762 -85.22957 346.05246 0.00020907 -0.00033352 -0.00044766
t 100
c 367.45623 -85.23118 346.05455 0.00020723 -0.0003391 -0.00045251
t 100
c 366.78484 -85.2328 346.05663 0.00020539 -0.00034469 -0.00045736
t 100
c 366.11345 -85.23441 346.05871 0.00020355 -0.00035027 -0.00046221
t 100
c 365.44206 -85.23603 346.0608 0.00020171 -0.00035586 -0.00046705
t 100
c 364.77067 -85.23764 346.06288 0.00019988 -0.00036144 -0.0004719
t 100
