c 359.3 0.0 345.98 0.0 0.0 0.0
t 100
c 357.16058 -3.50549 345.97084 2.475e-05 2.307e-05 -3.3e-07
t 100
c 355.02115 -7.01098 345.96168 4.95e-05 4.615e-05 -6.6e-07
t 100
c 352.88173 -10.51647 345.95252 7.424e-05 6.922e-05 -1e-06
t 100
c 350.7423 -14.02196 345.94336 9.899e-05 9.23e-05 -1.33e-06
t 100
c 348.60288 -17.52745 345.9342 0.00012374 0.00011537 -1.66e-06
t 100
c 346.46345 -21.03294 345.92504 0.00014849 0.00013845 -1.99e-06
t 100
c 344.32403 -24.53843 345.91588 0.00017324 0.00016152 -2.32e-06
t 100
c 342.1846 -28.04392 345.90672 0.00019799 0.0001846 -2.66e-06
t 100
c 340.04518 -31.54941 345.89756 0.00022273 0.00020767 -2.99e-06
t 100
c 337.90575 -35.0549 345.8884 0.00024748 0.00023075 -3.32e-06
t 100
c 335.76633 -38.56039 345.87924 0.00027223 0.00025382 -3.65e-06
t 100
c 333.6269 -42.06588 345.87008 0.00029698 0.0002769 -3.98e-06
t 100
c 331.48748 -45.57136 345.86092 0.00032173 0.00029997 -4.32e-06
t 100
c 329.34805 -49.07685 345.85176 0.00034648 0.00032305 -4.65e-06
t 100
c 327.20863 -52.58234 345.8426 0.00037122 0.00034612 -4.98e-06
t 100
c 325.0692 -56.08783 345.83344 0.00039597 0.0003692 -5.31e-06
t 100
c 322.92978 -59.59332 345.82428 0.00042072 0.00039227 -5.64e-06
t 100
c 320.79035 -63.09881 345.81512 0.00044547 0.00041535 -5.98e-06
t 100
c 318.65093 -66.6043 345.80596 0.00047022 0.00043842 -6.31e-06
t 100
c 316.5115 -70.10979 345.7968 0.00049496 0.0004615 -6.64e-06
t 100
c 314.37208 -73.61528 345.78764 0.00051971 0.00048457 -6.97e-06
t 100
c 312.23265 -77.12077 345.77848 0.00054446 0.00050765 -7.3e-06
t 100
c 310.09323 -80.62626 345.76932 0.00056921 0.00053072 -7.63e-06
t 100
c 307.95381 -84.13175 345.76016 0.00059396 0.0005538 -7.97e-06
t 100
c 305.81438 -87.63724 345.751 0.00061871 0.00057687 -8.3e-06
t 100
c 305.81438 -87.63724 345.751 0.00061871 0.00057687 -8.3e-06
t 100
c 305.81345 -87.63067 341.6757 0.00063429 0.01440027 3.085e-05
t 100
c 305.81251 -87.62411 337.6004 0.00064987 0.02822366 6.999e-05
t 99
c 305.81157 -87.61754 333.5251 0.00066545 0.04204705 0.00010914
t 100
c 305.81064 -87.61097 329.4498 0.00068103 0.05587045 0.00014829
t 100
c 305.8097 -87.60441 325.37449 0.00069662 0.06969384 0.00018743
t 100
c 305.80877 -87.59784 321.29919 0.0007122 0.08351723 0.00022658
t 99
c 305.80783 -87.59127 317.22389 0.00072778 0.09734063 0.00026573
t 100
c 305.8069 -87.58471 313.14859 0.00074336 0.11116402 0.00030487
t 100
c 305.80596 -87.57814 309.07329 0.00075894 0.12498742 0.00034402
t 100
c 305.80503 -87.57157 304.99799 0.00077452 0.13881081 0.00038316
t 100
c 305.80409 -87.56501 300.92269 0.00079011 0.1526342 0.00042231
t 100
c 305.80316 -87.55844 296.84738 0.00080569 0.1664576 0.00046146
t 100
c 305.80222 -87.55187 292.77208 0.00082127 0.18028099 0.0005006
t 100
c 305.80129 -87.54531 288.69678 0.00083685 0.19410438 0.00053975
t 100
c 305.80035 -87.53874 284.62148 0.00085243 0.20792778 0.0005789
t 100
c 305.79941 -87.53217 280.54618 0.00086802 0.22175117 0.00061804
t 100
c 305.79848 -87.52561 276.47088 0.0008836 0.23557457 0.00065719
t 100
c 305.79754 -87.51904 272.39558 0.00089918 0.24939796 0.00069633
t 100
c 305.79661 -87.51247 268.32027 0.00091476 0.26322135 0.00073548
t 100
c 305.79567 -87.50591 264.24497 0.00093034 0.27704475 0.00077463
t 100
c 305.79474 -87.49934 260.16967 0.00094593 0.29086814 0.00081377
t 100
c 305.7938 -87.49278 256.09437 0.00096151 0.30469153 0.00085292
t 100
c 305.79287 -87.48621 252.01907 0.00097709 0.31851493 0.00089207
t 100
c 305.79193 -87.47964 247.94377 0.00099267 0.33233832 0.00093121
t 100
c 305.791 -87.47308 243.86847 0.00100825 0.34616172 0.00097036
t 100
c 305.79006 -87.46651 239.79317 0.00102383 0.35998511 0.0010095
t 100
c 305.78913 -87.45994 235.71786 0.00103942 0.3738085 0.00104865
t 100
c 305.78819 -87.45338 231.64256 0.001055 0.3876319 0.0010878
t 100
c 305.78726 -87.44681 227.56726 0.00107058 0.40145529 0.00112694
t 100
c 305.78632 -87.44024 223.49196 0.00108616 0.41527868 0.00116609
t 100
c 305.78538 -87.43368 219.41666 0.00110174 0.42910208 0.00120524
t 100
c 305.78445 -87.42711 215.34136 0.00111733 0.44292547 0.00124438
t 100
c 305.78351 -87.42054 211.26606 0.00113291 0.45674886 0.00128353
t 100
c 305.78258 -87.41398 207.19075 0.00114849 0.47057226 0.00132268
t 100
c 305.78164 -87.40741 203.11545 0.00116407 0.48439565 0.00136182
t 100
c 305.78164 -87.40741 203.11545 0.00116407 0.48439565 0.00136182
t 100
c 301.64313 -87.40921 202.96049 0.0011509 0.46631137 0.00135609
t 100
c 297.50461 -87.41102 202.80553 0.00113773 0.44822709 0.00135036
t 99
c 293.36609 -87.41283 202.65057 0.00112457 0.43014281 0.00134463
t 100
c 289.22757 -87.41463 202.49561 0.0011114 0.41205853 0.0013389
t 100
c 285.08906 -87.41644 202.34064 0.00109823 0.39397425 0.00133317
t 100
c 280.95054 -87.41824 202.18568 0.00108506 0.37588997 0.00132744
t 100
c 276.81202 -87.42005 202.03072 0.00107189 0.35780569 0.00132171
t 100
c 272.6735 -87.42185 201.87576 0.00105872 0.33972141 0.00131598
t 100
c 268.53499 -87.42366 201.7208 0.00104556 0.32163713 0.00131025
t 100
c 264.39647 -87.42546 201.56584 0.00103239 0.30355285 0.00130452
t 100
c 260.25795 -87.42727 201.41088 0.00101922 0.28546857 0.00129879
t 100
c 256.11944 -87.42907 201.25591 0.00100605 0.26738429 0.00129306
t 100
c 251.98092 -87.43088 201.10095 0.00099288 0.24930001 0.00128733
t 100
c 247.8424 -87.43268 200.94599 0.00097971 0.23121573 0.0012816
t 100
c 243.70388 -87.43449 200.79103 0.00096655 0.21313145 0.00127587
t 100
c 239.56537 -87.43629 200.63607 0.00095338 0.19504717 0.00127014
t 100
c 235.42685 -87.4381 200.48111 0.00094021 0.17696289 0.00126441
t 100
c 231.28833 -87.4399 200.32614 0.00092704 0.15887861 0.00125868
t 100
c 227.14981 -87.44171 200.17118 0.00091387 0.14079433 0.00125295
t 100
c 223.0113 -87.44351 200.01622 0.0009007 0.12271005 0.00124722
t 100
c 218.87278 -87.44532 199.86126 0.00088754 0.10462577 0.00124149
t 100
c 214.73426 -87.44712 199.7063 0.00087437 0.08654149 0.00123576
t 100
c 210.59575 -87.44893 199.55134 0.0008612 0.06845721 0.00123003
t 100
c 206.45723 -87.45073 199.39637 0.00084803 0.05037293 0.0012243
t 100
