c 400.73446 44.67757 345.96806 0.0001786 -0.00019362 0.00022689
t 100
c 400.63382 44.67733 345.4777 0.00017745 0.00080714 0.00022493
t 100
c 400.53318 44.67709 344.98735 0.00017629 0.0018079 0.00022298
t 100
c 400.43253 44.67685 344.49699 0.00017513 0.00280865 0.00022102
t 100
c 400.33189 44.67661 344.00664 0.00017397 0.00380941 0.00021907
t 100
c 400.23125 44.67636 343.51628 0.00017282 0.00481016 0.00021711
t 100
c 400.13061 44.67612 343.02593 0.00017166 0.00581092 0.00021516
t 100
c 400.02997 44.67588 342.53558 0.0001705 0.00681168 0.0002132
t 99
c 399.92932 44.67564 342.04522 0.00016935 0.00781243 0.00021125
t 99
c 399.82868 44.67539 341.55487 0.00016819 0.00881319 0.00020929
t 100
c 399.72804 44.67515 341.06451 0.00016703 0.00981394 0.00020734
t 100
c 399.6274 44.67491 340.57416 0.00016587 0.0108147 0.00020538
t 100
c 399.52676 44.67467 340.0838 0.00016472 0.01181546 0.00020343
t 100
c 399.42611 44.67443 339.59345 0.00016356 0.01281621 0.00020147
t 100
c 399.32547 44.67418 339.1031 0.0001624 0.01381697 0.00019952
t 100
c 399.22483 44.67394 338.61274 0.00016125 0.01481772 0.00019756
t 100
c 399.12419 44.6737 338.12239 0.00016009 0.01581848 0.00019561
t 100
c 399.02355 44.67346 337.63203 0.00015893 0.01681923 0.00019365
t 100
c 398.92291 44.67321 337.14168 0.00015777 0.01781999 0.0001917
t 100
c 398.82226 44.67297 336.65133 0.00015662 0.01882075 0.00018974
t 100
c 398.72162 44.67273 336.16097 0.00015546 0.0198215 0.00018779
t 100
c 398.62098 44.67249 335.67062 0.0001543 0.02082226 0.00018583
t 100
c 398.52034 44.67224 335.18026 0.00015315 0.02182301 0.00018387
t 100
c 398.4197 44.672 334.68991 0.00015199 0.02282377 0.00018192
t 100
c 398.31905 44.67176 334.19955 0.00015083 0.02382453 0.00017996
t 100
c 398.21841 44.67152 333.7092 0.00014967 0.02482528 0.00017801
t 100
c 398.11777 44.67128 333.21885 0.00014852 0.02582604 0.00017605
t 100
c 398.01713 44.67103 332.72849 0.00014736 0.02682679 0.0001741
t 100
c 397.91649 44.67079 332.23814 0.0001462 0.02782755 0.00017214
t 100
c 397.81584 44.67055 331.74778 0.00014505 0.02882831 0.00017019
t 100
c 397.7152 44.67031 331.25743 0.00014389 0.02982906 0.00016823
t 100
c 397.61456 44.67006 330.76708 0.00014273 0.03082982 0.00016628
t 100
c 397.51392 44.66982 330.27672 0.00014157 0.03183057 0.00016432
t 100
c 397.41328 44.66958 329.78637 0.00014042 0.03283133 0.00016237
t 100
c 397.31263 44.66934 329.29601 0.00013926 0.03383209 0.00016041
t 100
c 397.21199 44.66909 328.80566 0.0001381 0.03483284 0.00015846
t 100
c 397.11135 44.66885 328.3153 0.00013695 0.0358336 0.0001565
t 100
c 397.01071 44.66861 327.82495 0.00013579 0.03683435 0.00015455
t 100
c 396.91007 44.66837 327.3346 0.00013463 0.03783511 0.00015259
t 100
c 396.80943 44.66813 326.84424 0.00013347 0.03883587 0.00015064
t 100
c 396.70878 44.66788 326.35389 0.00013232 0.03983662 0.00014868
t 100
c 396.60814 44.66764 325.86353 0.00013116 0.04083738 0.00014673
t 100
c 396.5075 44.6674 325.37318 0.00013 0.04183813 0.00014477
t 100
c 396.40686 44.66716 324.88282 0.00012885 0.04283889 0.00014282
t 100
c 396.30622 44.66691 324.39247 0.00012769 0.04383964 0.00014086
t 100
c 396.20557 44.66667 323.90212 0.00012653 0.0448404 0.00013891
t 100
c 396.10493 44.66643 323.41176 0.00012537 0.04584116 0.00013695
t 100
c 396.00429 44.66619 322.92141 0.00012422 0.04684191 0.000135
t 100
c 395.90365 44.66594 322.43105 0.00012306 0.04784267 0.00013304
t 100
c 395.80301 44.6657 321.9407 0.0001219 0.04884342 0.00013109
t 100
c 395.70236 44.66546 321.45035 0.00012075 0.04984418 0.00012913
t 100
c 395.60172 44.66522 320.95999 0.00011959 0.05084494 0.00012718
t 100
c 395.50108 44.66498 320.46964 0.00011843 0.05184569 0.00012522
t 100
c 395.40044 44.66473 319.97928 0.00011727 0.05284645 0.00012327
t 100
c 395.2998 44.66449 319.48893 0.00011612 0.0538472 0.00012131
t 100
c 395.19916 44.66425 318.99857 0.00011496 0.05484796 0.00011935
t 100
c 395.09851 44.66401 318.50822 0.0001138 0.05584872 0.0001174
t 100
c 394.99787 44.66376 318.01787 0.00011265 0.05684947 0.00011544
t 100
c 394.89723 44.66352 317.52751 0.00011149 0.05785023 0.00011349
t 100
c 394.79659 44.66328 317.03716 0.00011033 0.05885098 0.00011153
t 100
c 394.69595 44.66304 316.5468 0.00010917 0.05985174 0.00010958
t 100
c 394.5953 44.6628 316.05645 0.00010802 0.0608525 0.00010762
t 100
c 394.49466 44.66255 315.5661 0.00010686 0.06185325 0.00010567
t 100
c 394.39402 44.66231 315.07574 0.0001057 0.06285401 0.00010371
t 100
c 394.29338 44.66207 314.58539 0.00010455 0.06385476 0.00010176
t 100
c 394.19274 44.66183 314.09503 0.00010339 0.06485552 9.98e-05
t 100
c 394.09209 44.66158 313.60468 0.00010223 0.06585627 9.785e-05
t 100
c 393.99145 44.66134 313.11432 0.00010107 0.06685703 9.589e-05
t 100
c 393.89081 44.6611 312.62397 9.992e-05 0.06785779 9.394e-05
t 100
c 393.79017 44.66086 312.13362 9.876e-05 0.06885854 9.198e-05
t 100
c 393.68953 44.66061 311.64326 9.76e-05 0.0698593 9.003e-05
t 100
c 393.58889 44.66037 311.15291 9.645e-05 0.07086005 8.807e-05
t 100
c 393.48824 44.66013 310.66255 9.529e-05 0.07186081 8.612e-05
t 100
c 393.3876 44.65989 310.1722 9.413e-05 0.07286157 8.416e-05
t 100
c 393.28696 44.65965 309.68184 9.297e-05 0.07386232 8.221e-05
t 100
c 393.18632 44.6594 309.19149 9.182e-05 0.07486308 8.025e-05
t 100
c 393.08568 44.65916 308.70114 9.066e-05 0.07586383 7.83e-05
t 100
c 392.98503 44.65892 308.21078 8.95e-05 0.07686459 7.634e-05
t 100
c 392.88439 44.65868 307.72043 8.834e-05 0.07786535 7.439e-05
t 100
c 392.78375 44.65843 307.23007 8.719e-05 0.0788661 7.243e-05
t 100
c 392.68311 44.65819 306.73972 8.603e-05 0.07986686 7.048e-05
t 100
c 392.58247 44.65795 306.24937 8.487e-05 0.08086761 6.852e-05
t 100
c 392.48182 44.65771 305.75901 8.372e-05 0.08186837 6.657e-05
t 100
c 392.38118 44.65746 305.26866 8.256e-05 0.08286913 6.461e-05
t 100
c 392.28054 44.65722 304.7783 8.14e-05 0.08386988 6.266e-05
t 100
c 392.1799 44.65698 304.28795 8.024e-05 0.08487064 6.07e-05
t 100
c 392.07926 44.65674 303.79759 7.909e-05 0.08587139 5.875e-05
t 100
c 391.97862 44.6565 303.30724 7.793e-05 0.08687215 5.679e-05
t 100
c 391.87797 44.65625 302.81689 7.677e-05 0.08787291 5.484e-05
t 100
c 391.77733 44.65601 302.32653 7.562e-05 0.08887366 5.288e-05
t 100
c 391.67669 44.65577 301.83618 7.446e-05 0.08987442 5.092e-05
t 100
c 391.57605 44.65553 301.34582 7.33e-05 0.09087517 4.897e-05
t 100
c 391.47541 44.65528 300.85547 7.214e-05 0.09187593 4.701e-05
t 100
c 391.37476 44.65504 300.36512 7.099e-05 0.09287668 4.506e-05
t 100
c 391.27412 44.6548 299.87476 6.983e-05 0.09387744 4.31e-05
t 100
c 391.17348 44.65456 299.38441 6.867e-05 0.0948782 4.115e-05
t 100
c 391.07284 44.65431 298.89405 6.752e-05 0.09587895 3.919e-05
t 100
c 390.9722 44.65407 298.4037 6.636e-05 0.09687971 3.724e-05
t 100
c 390.87155 44.65383 297.91334 6.52e-05 0.09788046 3.528e-05
t 100
c 390.77091 44.65359 297.42299 6.404e-05 0.09888122 3.333e-05
t 100
c 390.67027 44.65335 296.93264 6.289e-05 0.09988198 3.137e-05
t 100
c 390.56963 44.6531 296.44228 6.173e-05 0.10088273 2.942e-05
t 100
c 390.46899 44.65286 295.95193 6.057e-05 0.10188349 2.746e-05
t 100
c 390.36835 44.65262 295.46157 5.942e-05 0.10288424 2.551e-05
t 100
c 390.2677 44.65238 294.97122 5.826e-05 0.103885 2.355e-05
t 100
c 390.16706 44.65213 294.48086 5.71e-05 0.10488576 2.16e-05
t 100
c 390.06642 44.65189 293.99051 5.594e-05 0.10588651 1.964e-05
t 100
c 389.96578 44.65165 293.50016 5.479e-05 0.10688727 1.769e-05
t 100
c 389.86514 44.65141 293.0098 5.363e-05 0.10788802 1.573e-05
t 100
c 389.76449 44.65117 292.51945 5.247e-05 0.10888878 1.378e-05
t 100
c 389.66385 44.65092 292.02909 5.132e-05 0.10988954 1.182e-05
t 100
c 389.56321 44.65068 291.53874 5.016e-05 0.11089029 9.87e-06
t 100
c 389.46257 44.65044 291.04839 4.9e-05 0.11189105 7.91e-06
t 100
c 389.36193 44.6502 290.55803 4.784e-05 0.1128918 5.96e-06
t 100
c 389.26128 44.64995 290.06768 4.669e-05 0.11389256 4e-06
t 100
c 389.16064 44.64971 289.57732 4.553e-05 0.11489331 2.05e-06
t 100
c 389.06 44.64947 289.08697 4.437e-05 0.11589407 9e-08
t 100
c 388.95936 44.64923 288.59661 4.322e-05 0.11689483 -1.86e-06
t 100
c 388.85872 44.64898 288.10626 4.206e-05 0.11789558 -3.82e-06
t 100
c 388.75808 44.64874 287.61591 4.09e-05 0.11889634 -5.77e-06
t 100
c 388.65743 44.6485 287.12555 3.974e-05 0.11989709 -7.73e-06
t 100
c 388.55679 44.64826 286.6352 3.859e-05 0.12089785 -9.68e-06
t 100
c 388.45615 44.64802 286.14484 3.743e-05 0.12189861 -1.164e-05
t 100
c 388.35551 44.64777 285.65449 3.627e-05 0.12289936 -1.359e-05
t 100
c 388.25487 44.64753 285.16413 3.512e-05 0.12390012 -1.555e-05
t 100
c 388.15422 44.64729 284.67378 3.396e-05 0.12490087 -1.751e-05
t 100
c 388.05358 44.64705 284.18343 3.28e-05 0.12590163 -1.946e-05
t 100
c 387.95294 44.6468 283.69307 3.164e-05 0.12690239 -2.142e-05
t 100
c 387.8523 44.64656 283.20272 3.049e-05 0.12790314 -2.337e-05
t 100
c 387.75166 44.64632 282.71236 2.933e-05 0.1289039 -2.533e-05
t 100
c 387.65101 44.64608 282.22201 2.817e-05 0.12990465 -2.728e-05
t 100
c 387.55037 44.64583 281.73166 2.702e-05 0.13090541 -2.924e-05
t 100
c 387.44973 44.64559 281.2413 2.586e-05 0.13190617 -3.119e-05
t 100
c 387.34909 44.64535 280.75095 2.47e-05 0.13290692 -3.315e-05
t 100
c 387.24845 44.64511 280.26059 2.354e-05 0.13390768 -3.51e-05
t 100
c 387.1478 44.64487 279.77024 2.239e-05 0.13490843 -3.706e-05
t 100
c 387.04716 44.64462 279.27988 2.123e-05 0.13590919 -3.901e-05
t 100
c 386.94652 44.64438 278.78953 2.007e-05 0.13690995 -4.097e-05
t 100
c 386.84588 44.64414 278.29918 1.892e-05 0.1379107 -4.292e-05
t 100
c 386.74524 44.6439 277.80882 1.776e-05 0.13891146 -4.488e-05
t 100
c 386.6446 44.64365 277.31847 1.66e-05 0.13991221 -4.683e-05
t 100
c 386.54395 44.64341 276.82811 1.544e-05 0.14091297 -4.879e-05
t 100
c 386.44331 44.64317 276.33776 1.429e-05 0.14191372 -5.074e-05
t 100
c 386.34267 44.64293 275.84741 1.313e-05 0.14291448 -5.27e-05
t 100
c 386.24203 44.64269 275.35705 1.197e-05 0.14391524 -5.465e-05
t 100
c 386.14139 44.64244 274.8667 1.082e-05 0.14491599 -5.661e-05
t 100
c 386.04074 44.6422 274.37634 9.66e-06 0.14591675 -5.856e-05
t 100
c 385.9401 44.64196 273.88599 8.5e-06 0.1469175 -6.052e-05
t 100
c 385.83946 44.64172 273.39563 7.34e-06 0.14791826 -6.247e-05
t 100
c 385.73882 44.64147 272.90528 6.19e-06 0.14891902 -6.443e-05
t 100
c 385.63818 44.64123 272.41493 5.03e-06 0.14991977 -6.638e-05
t 100
c 385.53753 44.64099 271.92457 3.87e-06 0.15092053 -6.834e-05
t 100
c 385.43689 44.64075 271.43422 2.72e-06 0.15192128 -7.029e-05
t 100
c 385.33625 44.6405 270.94386 1.56e-06 0.15292204 -7.225e-05
t 100
c 385.23561 44.64026 270.45351 4e-07 0.1539228 -7.42e-05
t 100
c 385.13497 44.64002 269.96315 -7.6e-07 0.15492355 -7.616e-05
t 100
c 385.03433 44.63978 269.4728 -1.91e-06 0.15592431 -7.811e-05
t 100
c 384.93368 44.63954 268.98245 -3.07e-06 0.15692506 -8.007e-05
t 100
c 384.83304 44.63929 268.49209 -4.23e-06 0.15792582 -8.203e-05
t 100
c 384.7324 44.63905 268.00174 -5.38e-06 0.15892658 -8.398e-05
t 100
c 384.63176 44.63881 267.51138 -6.54e-06 0.15992733 -8.594e-05
t 100
c 384.53112 44.63857 267.02103 -7.7e-06 0.16092809 -8.789e-05
t 100
c 384.43047 44.63832 266.53068 -8.86e-06 0.16192884 -8.985e-05
t 100
c 384.32983 44.63808 266.04032 -1.001e-05 0.1629296 -9.18e-05
t 100
c 384.22919 44.63784 265.54997 -1.117e-05 0.16393036 -9.376e-05
t 100
c 384.12855 44.6376 265.05961 -1.233e-05 0.16493111 -9.571e-05
t 100
c 384.02791 44.63735 264.56926 -1.348e-05 0.16593187 -9.767e-05
t 100
c 383.92726 44.63711 264.0789 -1.464e-05 0.16693262 -9.962e-05
t 100
c 383.82662 44.63687 263.58855 -1.58e-05 0.16793338 -0.00010158
t 100
c 383.72598 44.63663 263.0982 -1.696e-05 0.16893413 -0.00010353
t 100
c 383.62534 44.63639 262.60784 -1.811e-05 0.16993489 -0.00010549
t 100
c 383.5247 44.63614 262.11749 -1.927e-05 0.17093565 -0.00010744
t 100
c 383.42406 44.6359 261.62713 -2.043e-05 0.1719364 -0.0001094
t 100
c 383.32341 44.63566 261.13678 -2.158e-05 0.17293716 -0.00011135
t 100
c 383.22277 44.63542 260.64643 -2.274e-05 0.17393791 -0.00011331
t 100
c 383.12213 44.63517 260.15607 -2.39e-05 0.17493867 -0.00011526
t 100
c 383.02149 44.63493 259.66572 -2.506e-05 0.17593943 -0.00011722
t 100
c 382.92085 44.63469 259.17536 -2.621e-05 0.17694018 -0.00011917
t 100
c 382.8202 44.63445 258.68501 -2.737e-05 0.17794094 -0.00012113
t 100
c 382.71956 44.6342 258.19465 -2.853e-05 0.17894169 -0.00012308
t 100
c 382.61892 44.63396 257.7043 -2.968e-05 0.17994245 -0.00012504
t 100
c 382.51828 44.63372 257.21395 -3.084e-05 0.18094321 -0.00012699
t 100
c 382.41764 44.63348 256.72359 -3.2e-05 0.18194396 -0.00012895
t 100
c 382.31699 44.63324 256.23324 -3.316e-05 0.18294472 -0.0001309
t 100
c 382.21635 44.63299 255.74288 -3.431e-05 0.18394547 -0.00013286
t 100
c 382.11571 44.63275 255.25253 -3.547e-05 0.18494623 -0.00013481
t 100
c 382.01507 44.63251 254.76217 -3.663e-05 0.18594699 -0.00013677
t 100
c 381.91443 44.63227 254.27182 -3.778e-05 0.18694774 -0.00013872
t 100
c 381.81379 44.63202 253.78147 -3.894e-05 0.1879485 -0.00014068
t 100
c 381.71314 44.63178 253.29111 -4.01e-05 0.18894925 -0.00014263
t 100
c 381.6125 44.63154 252.80076 -4.126e-05 0.18995001 -0.00014459
t 100
c 381.51186 44.6313 252.3104 -4.241e-05 0.19095076 -0.00014654
t 100
c 381.41122 44.63106 251.82005 -4.357e-05 0.19195152 -0.0001485
t 100
c 381.31058 44.63081 251.3297 -4.473e-05 0.19295228 -0.00015046
t 100
c 381.20993 44.63057 250.83934 -4.588e-05 0.19395303 -0.00015241
t 100
c 381.10929 44.63033 250.34899 -4.704e-05 0.19495379 -0.00015437
t 100
c 381.00865 44.63009 249.85863 -4.82e-05 0.19595454 -0.00015632
t 100
c 380.90801 44.62984 249.36828 -4.936e-05 0.1969553 -0.00015828
t 100
c 380.80737 44.6296 248.87792 -5.051e-05 0.19795606 -0.00016023
t 100
c 380.70672 44.62936 248.38757 -5.167e-05 0.19895681 -0.00016219
t 100
c 380.60608 44.62912 247.89722 -5.283e-05 0.19995757 -0.00016414
t 100
c 380.50544 44.62887 247.40686 -5.399e-05 0.20095832 -0.0001661
t 100
c 380.4048 44.62863 246.91651 -5.514e-05 0.20195908 -0.00016805
t 100
c 380.30416 44.62839 246.42615 -5.63e-05 0.20295984 -0.00017001
t 100
c 380.20352 44.62815 245.9358 -5.746e-05 0.20396059 -0.00017196
t 100
c 380.10287 44.62791 245.44545 -5.861e-05 0.20496135 -0.00017392
t 100
c 380.00223 44.62766 244.95509 -5.977e-05 0.2059621 -0.00017587
t 100
c 379.90159 44.62742 244.46474 -6.093e-05 0.20696286 -0.00017783
t 100
c 379.80095 44.62718 243.97438 -6.209e-05 0.20796362 -0.00017978
t 100
c 379.70031 44.62694 243.48403 -6.324e-05 0.20896437 -0.00018174
t 100
c 379.59966 44.62669 242.99367 -6.44e-05 0.20996513 -0.00018369
t 100
c 379.49902 44.62645 242.50332 -6.556e-05 0.21096588 -0.00018565
t 100
c 379.39838 44.62621 242.01297 -6.671e-05 0.21196664 -0.0001876
t 100
c 379.29774 44.62597 241.52261 -6.787e-05 0.2129674 -0.00018956
t 100
c 379.1971 44.62572 241.03226 -6.903e-05 0.21396815 -0.00019151
t 100
c 379.09645 44.62548 240.5419 -7.019e-05 0.21496891 -0.00019347
t 100
c 378.99581 44.62524 240.05155 -7.134e-05 0.21596966 -0.00019542
t 100
c 378.89517 44.625 239.56119 -7.25e-05 0.21697042 -0.00019738
t 100
c 378.79453 44.62476 239.07084 -7.366e-05 0.21797117 -0.00019933
t 100
c 378.69389 44.62451 238.58049 -7.481e-05 0.21897193 -0.00020129
t 100
c 378.59325 44.62427 238.09013 -7.597e-05 0.21997269 -0.00020324
t 100
c 378.4926 44.62403 237.59978 -7.713e-05 0.22097344 -0.0002052
t 100
c 378.39196 44.62379 237.10942 -7.829e-05 0.2219742 -0.00020715
t 100
c 378.29132 44.62354 236.61907 -7.944e-05 0.22297495 -0.00020911
t 100
c 378.19068 44.6233 236.12872 -8.06e-05 0.22397571 -0.00021106
t 100
c 378.09004 44.62306 235.63836 -8.176e-05 0.22497647 -0.00021302
t 100
c 377.98939 44.62282 235.14801 -8.291e-05 0.22597722 -0.00021498
t 100
c 377.98939 44.62282 235.14801 -8.291e-05 0.22597722 -0.00021498
t 100
c 377.98963 44.1211 235.14816 -8.695e-05 0.22597651 -0.00021512
t 100
c 377.98987 43.61939 235.14832 -9.098e-05 0.22597581 -0.00021527
t 100
c 377.99011 43.11767 235.14848 -9.501e-05 0.2259751 -0.00021542
t 100
c 377.99035 42.61595 235.14864 -9.905e-05 0.22597439 -0.00021556
t 100
c 377.99059 42.11424 235.1488 -0.00010308 0.22597368 -0.00021571
t 100
c 377.99083 41.61252 235.14895 -0.00010711 0.22597297 -0.00021586
t 100
c 377.99107 41.11081 235.14911 -0.00011115 0.22597227 -0.000216
t 100
c 377.99131 40.60909 235.14927 -0.00011518 0.22597156 -0.00021615
t 100
c 377.99155 40.10738 235.14943 -0.00011921 0.22597085 -0.0002163
t 99
c 377.99179 39.60566 235.14958 -0.00012325 0.22597014 -0.00021644
t 100
c 377.99203 39.10394 235.14974 -0.00012728 0.22596944 -0.00021659
t 100
c 377.99227 38.60223 235.1499 -0.00013131 0.22596873 -0.00021674
t 99
c 377.99251 38.10051 235.15006 -0.00013535 0.22596802 -0.00021689
t 100
c 377.99275 37.5988 235.15021 -0.00013938 0.22596731 -0.00021703
t 100
c 377.99299 37.09708 235.15037 -0.00014341 0.2259666 -0.00021718
t 100
c 377.99323 36.59537 235.15053 -0.00014745 0.2259659 -0.00021733
t 100
c 377.99347 36.09365 235.15069 -0.00015148 0.22596519 -0.00021747
t 99
c 377.99371 35.59193 235.15085 -0.00015551 0.22596448 -0.00021762
t 100
c 377.99395 35.09022 235.151 -0.00015955 0.22596377 -0.00021777
t 100
c 377.99419 34.5885 235.15116 -0.00016358 0.22596306 -0.00021791
t 100
c 377.99443 34.08679 235.15132 -0.00016761 0.22596236 -0.00021806
t 100
c 377.99467 33.58507 235.15148 -0.00017165 0.22596165 -0.00021821
t 100
c 377.99491 33.08336 235.15163 -0.00017568 0.22596094 -0.00021835
t 100
c 377.99515 32.58164 235.15179 -0.00017971 0.22596023 -0.0002185
t 100
c 377.99539 32.07992 235.15195 -0.00018375 0.22595953 -0.00021865
t 99
c 377.99563 31.57821 235.15211 -0.00018778 0.22595882 -0.0002188
t 100
c 377.99587 31.07649 235.15226 -0.00019181 0.22595811 -0.00021894
t 100
c 377.99611 30.57478 235.15242 -0.00019585 0.2259574 -0.00021909
t 99
c 377.99635 30.07306 235.15258 -0.00019988 0.22595669 -0.00021924
t 100
c 377.99659 29.57135 235.15274 -0.00020391 0.22595599 -0.00021938
t 100
c 377.99683 29.06963 235.1529 -0.00020795 0.22595528 -0.00021953
t 100
c 377.99707 28.56791 235.15305 -0.00021198 0.22595457 -0.00021968
t 100
c 377.99731 28.0662 235.15321 -0.00021601 0.22595386 -0.00021982
t 99
c 377.99755 27.56448 235.15337 -0.00022005 0.22595315 -0.00021997
t 100
c 377.99779 27.06277 235.15353 -0.00022408 0.22595245 -0.00022012
t 100
c 377.99803 26.56105 235.15368 -0.00022811 0.22595174 -0.00022026
t 100
c 377.99827 26.05934 235.15384 -0.00023214 0.22595103 -0.00022041
t 100
c 377.99851 25.55762 235.154 -0.00023618 0.22595032 -0.00022056
t 100
c 377.99875 25.0559 235.15416 -0.00024021 0.22594962 -0.00022071
t 100
c 377.99899 24.55419 235.15431 -0.00024424 0.22594891 -0.00022085
t 100
c 377.99923 24.05247 235.15447 -0.00024828 0.2259482 -0.000221
t 100
c 377.99947 23.55076 235.15463 -0.00025231 0.22594749 -0.00022115
t 100
c 377.99971 23.04904 235.15479 -0.00025634 0.22594678 -0.00022129
t 100
c 377.99995 22.54732 235.15495 -0.00026038 0.22594608 -0.00022144
t 99
c 378.00019 22.04561 235.1551 -0.00026441 0.22594537 -0.00022159
t 100
c 378.00043 21.54389 235.15526 -0.00026844 0.22594466 -0.00022173
t 100
c 378.00067 21.04218 235.15542 -0.00027248 0.22594395 -0.00022188
t 100
c 378.00091 20.54046 235.15558 -0.00027651 0.22594324 -0.00022203
t 100
c 378.00115 20.03875 235.15573 -0.00028054 0.22594254 -0.00022218
t 100
c 378.00139 19.53703 235.15589 -0.00028458 0.22594183 -0.00022232
t 100
c 378.00163 19.03531 235.15605 -0.00028861 0.22594112 -0.00022247
t 100
c 378.00187 18.5336 235.15621 -0.00029264 0.22594041 -0.00022262
t 100
c 378.00211 18.03188 235.15636 -0.00029668 0.22593971 -0.00022276
t 100
c 378.00235 17.53017 235.15652 -0.00030071 0.225939 -0.00022291
t 100
c 378.00258 17.02845 235.15668 -0.00030474 0.22593829 -0.00022306
t 100
c 378.00282 16.52674 235.15684 -0.00030878 0.22593758 -0.0002232
t 100
c 378.00306 16.02502 235.15699 -0.00031281 0.22593687 -0.00022335
t 100
c 378.0033 15.5233 235.15715 -0.00031684 0.22593617 -0.0002235
t 100
c 378.00354 15.02159 235.15731 -0.00032088 0.22593546 -0.00022364
t 100
c 378.00378 14.51987 235.15747 -0.00032491 0.22593475 -0.00022379
t 99
c 378.00402 14.01816 235.15763 -0.00032894 0.22593404 -0.00022394
t 100
c 378.00426 13.51644 235.15778 -0.00033298 0.22593333 -0.00022409
t 100
c 378.0045 13.01473 235.15794 -0.00033701 0.22593263 -0.00022423
t 100
c 378.00474 12.51301 235.1581 -0.00034104 0.22593192 -0.00022438
t 100
c 378.00498 12.01129 235.15826 -0.00034508 0.22593121 -0.00022453
t 99
c 378.00522 11.50958 235.15841 -0.00034911 0.2259305 -0.00022467
t 100
c 378.00546 11.00786 235.15857 -0.00035314 0.22592979 -0.00022482
t 100
c 378.0057 10.50615 235.15873 -0.00035718 0.22592909 -0.00022497
t 100
c 378.00594 10.00443 235.15889 -0.00036121 0.22592838 -0.00022511
t 100
c 378.00618 9.50272 235.15904 -0.00036524 0.22592767 -0.00022526
t 99
c 378.00642 9.001 235.1592 -0.00036928 0.22592696 -0.00022541
t 100
c 378.00666 8.49928 235.15936 -0.00037331 0.22592626 -0.00022555
t 100
c 378.0069 7.99757 235.15952 -0.00037734 0.22592555 -0.0002257
t 99
c 378.00714 7.49585 235.15968 -0.00038138 0.22592484 -0.00022585
t 100
c 378.00738 6.99414 235.15983 -0.00038541 0.22592413 -0.000226
t 100
c 378.00762 6.49242 235.15999 -0.00038944 0.22592342 -0.00022614
t 99
c 378.00786 5.99071 235.16015 -0.00039348 0.22592272 -0.00022629
t 100
c 378.0081 5.48899 235.16031 -0.00039751 0.22592201 -0.00022644
t 99
c 378.00834 4.98727 235.16046 -0.00040154 0.2259213 -0.00022658
t 100
c 378.00858 4.48556 235.16062 -0.00040558 0.22592059 -0.00022673
t 100
c 378.00882 3.98384 235.16078 -0.00040961 0.22591988 -0.00022688
t 99
c 378.00906 3.48213 235.16094 -0.00041364 0.22591918 -0.00022702
t 100
c 378.0093 2.98041 235.16109 -0.00041768 0.22591847 -0.00022717
t 100
c 378.00954 2.4787 235.16125 -0.00042171 0.22591776 -0.00022732
t 100
c 378.00978 1.97698 235.16141 -0.00042574 0.22591705 -0.00022746
t 100
c 378.01002 1.47526 235.16157 -0.00042978 0.22591635 -0.00022761
t 100
c 378.01026 0.97355 235.16173 -0.00043381 0.22591564 -0.00022776
t 100
c 378.0105 0.47183 235.16188 -0.00043784 0.22591493 -0.00022791
t 100
c 378.01074 -0.02988 235.16204 -0.00044188 0.22591422 -0.00022805
t 99
c 378.01098 -0.5316 235.1622 -0.00044591 0.22591351 -0.0002282
t 100
c 378.01122 -1.03331 235.16236 -0.00044994 0.22591281 -0.00022835
t 100
c 378.01146 -1.53503 235.16251 -0.00045397 0.2259121 -0.00022849
t 100
c 378.0117 -2.03675 235.16267 -0.00045801 0.22591139 -0.00022864
t 100
c 378.01194 -2.53846 235.16283 -0.00046204 0.22591068 -0.00022879
t 100
c 378.01218 -3.04018 235.16299 -0.00046607 0.22590997 -0.00022893
t 100
c 378.01242 -3.54189 235.16314 -0.00047011 0.22590927 -0.00022908
t 100
c 378.01266 -4.04361 235.1633 -0.00047414 0.22590856 -0.00022923
t 100
c 378.0129 -4.54532 235.16346 -0.00047817 0.22590785 -0.00022938
t 100
c 378.01314 -5.04704 235.16362 -0.00048221 0.22590714 -0.00022952
t 100
c 378.01338 -5.54876 235.16378 -0.00048624 0.22590644 -0.00022967
t 100
c 378.01362 -6.05047 235.16393 -0.00049027 0.22590573 -0.00022982
t 100
c 378.01386 -6.55219 235.16409 -0.00049431 0.22590502 -0.00022996
t 100
c 378.0141 -7.0539 235.16425 -0.00049834 0.22590431 -0.00023011
t 100
c 378.01434 -7.55562 235.16441 -0.00050237 0.2259036 -0.00023026
t 100
c 378.01458 -8.05733 235.16456 -0.00050641 0.2259029 -0.0002304
t 100
c 378.01482 -8.55905 235.16472 -0.00051044 0.22590219 -0.00023055
t 100
c 378.01506 -9.06077 235.16488 -0.00051447 0.22590148 -0.0002307
t 100
c 378.0153 -9.56248 235.16504 -0.00051851 0.22590077 -0.00023084
t 100
c 378.01554 -10.0642 235.16519 -0.00052254 0.22590006 -0.00023099
t 100
c 378.01578 -10.56591 235.16535 -0.00052657 0.22589936 -0.00023114
t 100
c 378.01602 -11.06763 235.16551 -0.00053061 0.22589865 -0.00023129
t 100
c 378.01626 -11.56934 235.16567 -0.00053464 0.22589794 -0.00023143
t 100
c 378.0165 -12.07106 235.16582 -0.00053867 0.22589723 -0.00023158
t 100
c 378.01674 -12.57278 235.16598 -0.00054271 0.22589653 -0.00023173
t 100
c 378.01698 -13.07449 235.16614 -0.00054674 0.22589582 -0.00023187
t 100
c 378.01722 -13.57621 235.1663 -0.00055077 0.22589511 -0.00023202
t 100
c 378.01746 -14.07792 235.16646 -0.00055481 0.2258944 -0.00023217
t 100
c 378.01769 -14.57964 235.16661 -0.00055884 0.22589369 -0.00023231
t 100
c 378.01793 -15.08136 235.16677 -0.00056287 0.22589299 -0.00023246
t 100
c 378.01817 -15.58307 235.16693 -0.00056691 0.22589228 -0.00023261
t 100
c 378.01841 -16.08479 235.16709 -0.00057094 0.22589157 -0.00023275
t 100
c 378.01865 -16.5865 235.16724 -0.00057497 0.22589086 -0.0002329
t 100
c 378.01889 -17.08822 235.1674 -0.00057901 0.22589015 -0.00023305
t 100
c 378.01913 -17.58993 235.16756 -0.00058304 0.22588945 -0.0002332
t 100
c 378.01937 -18.09165 235.16772 -0.00058707 0.22588874 -0.00023334
t 100
c 378.01961 -18.59337 235.16787 -0.00059111 0.22588803 -0.00023349
t 100
c 378.01985 -19.09508 235.16803 -0.00059514 0.22588732 -0.00023364
t 100
c 378.02009 -19.5968 235.16819 -0.00059917 0.22588662 -0.00023378
t 100
c 378.02033 -20.09851 235.16835 -0.00060321 0.22588591 -0.00023393
t 100
c 378.02057 -20.60023 235.16851 -0.00060724 0.2258852 -0.00023408
t 100
c 378.02081 -21.10194 235.16866 -0.00061127 0.22588449 -0.00023422
t 100
c 378.02105 -21.60366 235.16882 -0.00061531 0.22588378 -0.00023437
t 100
c 378.02129 -22.10538 235.16898 -0.00061934 0.22588308 -0.00023452
t 100
c 378.02153 -22.60709 235.16914 -0.00062337 0.22588237 -0.00023466
t 100
c 378.02177 -23.10881 235.16929 -0.00062741 0.22588166 -0.00023481
t 100
c 378.02201 -23.61052 235.16945 -0.00063144 0.22588095 -0.00023496
t 100
c 378.02225 -24.11224 235.16961 -0.00063547 0.22588024 -0.00023511
t 100
c 378.02249 -24.61395 235.16977 -0.00063951 0.22587954 -0.00023525
t 100
c 378.02273 -25.11567 235.16992 -0.00064354 0.22587883 -0.0002354
t 100
c 378.02297 -25.61739 235.17008 -0.00064757 0.22587812 -0.00023555
t 100
c 378.02321 -26.1191 235.17024 -0.00065161 0.22587741 -0.00023569
t 100
c 378.02345 -26.62082 235.1704 -0.00065564 0.2258767 -0.00023584
t 100
c 378.02369 -27.12253 235.17056 -0.00065967 0.225876 -0.00023599
t 100
c 378.02393 -27.62425 235.17071 -0.0006637 0.22587529 -0.00023613
t 100
c 378.02417 -28.12596 235.17087 -0.00066774 0.22587458 -0.00023628
t 100
c 378.02441 -28.62768 235.17103 -0.00067177 0.22587387 -0.00023643
t 100
c 378.02465 -29.1294 235.17119 -0.0006758 0.22587317 -0.00023658
t 100
c 378.02489 -29.63111 235.17134 -0.00067984 0.22587246 -0.00023672
t 100
c 378.02513 -30.13283 235.1715 -0.00068387 0.22587175 -0.00023687
t 100
c 378.02537 -30.63454 235.17166 -0.0006879 0.22587104 -0.00023702
t 100
c 378.02561 -31.13626 235.17182 -0.00069194 0.22587033 -0.00023716
t 100
c 378.02585 -31.63797 235.17197 -0.00069597 0.22586963 -0.00023731
t 100
c 378.02609 -32.13969 235.17213 -0.0007 0.22586892 -0.00023746
t 100
c 378.02633 -32.64141 235.17229 -0.00070404 0.22586821 -0.0002376
t 100
c 378.02657 -33.14312 235.17245 -0.00070807 0.2258675 -0.00023775
t 100
c 378.02681 -33.64484 235.17261 -0.0007121 0.22586679 -0.0002379
t 100
c 378.02705 -34.14655 235.17276 -0.00071614 0.22586609 -0.00023804
t 100
c 378.02729 -34.64827 235.17292 -0.00072017 0.22586538 -0.00023819
t 100
c 378.02753 -35.14998 235.17308 -0.0007242 0.22586467 -0.00023834
t 100
c 378.02777 -35.6517 235.17324 -0.00072824 0.22586396 -0.00023849
t 100
c 378.02801 -36.15342 235.17339 -0.00073227 0.22586326 -0.00023863
t 100
c 378.02825 -36.65513 235.17355 -0.0007363 0.22586255 -0.00023878
t 100
c 378.02849 -37.15685 235.17371 -0.00074034 0.22586184 -0.00023893
t 100
c 378.02873 -37.65856 235.17387 -0.00074437 0.22586113 -0.00023907
t 100
c 378.02897 -38.16028 235.17402 -0.0007484 0.22586042 -0.00023922
t 100
c 378.02921 -38.66199 235.17418 -0.00075244 0.22585972 -0.00023937
t 100
c 378.02945 -39.16371 235.17434 -0.00075647 0.22585901 -0.00023951
t 100
c 378.02969 -39.66543 235.1745 -0.0007605 0.2258583 -0.00023966
t 100
c 378.02993 -40.16714 235.17466 -0.00076454 0.22585759 -0.00023981
t 100
c 378.03017 -40.66886 235.17481 -0.00076857 0.22585688 -0.00023995
t 100
c 378.03041 -41.17057 235.17497 -0.0007726 0.22585618 -0.0002401
t 100
c 378.03065 -41.67229 235.17513 -0.00077664 0.22585547 -0.00024025
t 100
c 378.03089 -42.174 235.17529 -0.00078067 0.22585476 -0.0002404
t 100
c 378.03113 -42.67572 235.17544 -0.0007847 0.22585405 -0.00024054
t 100
c 378.03137 -43.17744 235.1756 -0.00078874 0.22585335 -0.00024069
t 100
c 378.03161 -43.67915 235.17576 -0.00079277 0.22585264 -0.00024084
t 100
c 378.03185 -44.18087 235.17592 -0.0007968 0.22585193 -0.00024098
t 100
c 378.03209 -44.68258 235.17607 -0.00080084 0.22585122 -0.00024113
t 100
c 378.03233 -45.1843 235.17623 -0.00080487 0.22585051 -0.00024128
t 100
c 378.03257 -45.68601 235.17639 -0.0008089 0.22584981 -0.00024142
t 100
c 378.0328 -46.18773 235.17655 -0.00081294 0.2258491 -0.00024157
t 100
c 378.03304 -46.68945 235.1767 -0.00081697 0.22584839 -0.00024172
t 100
c 378.03328 -47.19116 235.17686 -0.000821 0.22584768 -0.00024186
t 100
c 378.03352 -47.69288 235.17702 -0.00082504 0.22584697 -0.00024201
t 100
c 378.03376 -48.19459 235.17718 -0.00082907 0.22584627 -0.00024216
t 100
c 378.034 -48.69631 235.17734 -0.0008331 0.22584556 -0.00024231
t 100
c 378.03424 -49.19802 235.17749 -0.00083714 0.22584485 -0.00024245
t 100
c 378.03448 -49.69974 235.17765 -0.00084117 0.22584414 -0.0002426
t 100
c 378.03472 -50.20146 235.17781 -0.0008452 0.22584344 -0.00024275
t 100
c 378.03496 -50.70317 235.17797 -0.00084924 0.22584273 -0.00024289
t 100
c 378.0352 -51.20489 235.17812 -0.00085327 0.22584202 -0.00024304
t 100
c 378.03544 -51.7066 235.17828 -0.0008573 0.22584131 -0.00024319
t 100
c 378.03568 -52.20832 235.17844 -0.00086134 0.2258406 -0.00024333
t 100
c 378.03592 -52.71004 235.1786 -0.00086537 0.2258399 -0.00024348
t 100
c 378.03616 -53.21175 235.17875 -0.0008694 0.22583919 -0.00024363
t 100
c 378.0364 -53.71347 235.17891 -0.00087344 0.22583848 -0.00024378
t 100
c 378.03664 -54.21518 235.17907 -0.00087747 0.22583777 -0.00024392
t 100
c 378.03688 -54.7169 235.17923 -0.0008815 0.22583706 -0.00024407
t 100
c 378.03712 -55.21861 235.17939 -0.00088553 0.22583636 -0.00024422
t 100
c 378.03736 -55.72033 235.17954 -0.00088957 0.22583565 -0.00024436
t 100
c 378.0376 -56.22205 235.1797 -0.0008936 0.22583494 -0.00024451
t 100
c 378.03784 -56.72376 235.17986 -0.00089763 0.22583423 -0.00024466
t 100
c 378.03808 -57.22548 235.18002 -0.00090167 0.22583353 -0.0002448
t 100
c 378.03832 -57.72719 235.18017 -0.0009057 0.22583282 -0.00024495
t 100
c 378.03856 -58.22891 235.18033 -0.00090973 0.22583211 -0.0002451
t 100
c 378.0388 -58.73062 235.18049 -0.00091377 0.2258314 -0.00024524
t 100
c 378.03904 -59.23234 235.18065 -0.0009178 0.22583069 -0.00024539
t 100
c 378.03928 -59.73406 235.1808 -0.00092183 0.22582999 -0.00024554
t 100
c 378.03952 -60.23577 235.18096 -0.00092587 0.22582928 -0.00024569
t 100
c 378.03976 -60.73749 235.18112 -0.0009299 0.22582857 -0.00024583
t 100
c 378.04 -61.2392 235.18128 -0.00093393 0.22582786 -0.00024598
t 100
c 378.04024 -61.74092 235.18144 -0.00093797 0.22582715 -0.00024613
t 100
c 378.04048 -62.24263 235.18159 -0.000942 0.22582645 -0.00024627
t 100
c 378.04072 -62.74435 235.18175 -0.00094603 0.22582574 -0.00024642
t 100
c 378.04096 -63.24607 235.18191 -0.00095007 0.22582503 -0.00024657
t 100
c 378.0412 -63.74778 235.18207 -0.0009541 0.22582432 -0.00024671
t 100
c 378.04144 -64.2495 235.18222 -0.00095813 0.22582362 -0.00024686
t 100
c 378.04168 -64.75121 235.18238 -0.00096217 0.22582291 -0.00024701
t 100
c 378.04192 -65.25293 235.18254 -0.0009662 0.2258222 -0.00024715
t 100
c 378.04216 -65.75464 235.1827 -0.00097023 0.22582149 -0.0002473
t 100
c 378.0424 -66.25636 235.18285 -0.00097427 0.22582078 -0.00024745
t 100
c 378.04264 -66.75808 235.18301 -0.0009783 0.22582008 -0.0002476
t 100
c 378.04288 -67.25979 235.18317 -0.00098233 0.22581937 -0.00024774
t 100
c 378.04312 -67.76151 235.18333 -0.00098637 0.22581866 -0.00024789
t 100
c 378.04336 -68.26322 235.18349 -0.0009904 0.22581795 -0.00024804
t 100
c 378.0436 -68.76494 235.18364 -0.00099443 0.22581724 -0.00024818
t 100
c 378.04384 -69.26665 235.1838 -0.00099847 0.22581654 -0.00024833
t 100
c 378.04408 -69.76837 235.18396 -0.0010025 0.22581583 -0.00024848
t 100
c 378.04432 -70.27009 235.18412 -0.00100653 0.22581512 -0.00024862
t 100
c 378.04456 -70.7718 235.18427 -0.00101057 0.22581441 -0.00024877
t 100
c 378.0448 -71.27352 235.18443 -0.0010146 0.2258137 -0.00024892
t 100
c 378.04504 -71.77523 235.18459 -0.00101863 0.225813 -0.00024906
t 100
c 378.04528 -72.27695 235.18475 -0.00102267 0.22581229 -0.00024921
t 100
c 378.04552 -72.77866 235.1849 -0.0010267 0.22581158 -0.00024936
t 100
c 378.04576 -73.28038 235.18506 -0.00103073 0.22581087 -0.00024951
t 100
c 378.046 -73.7821 235.18522 -0.00103477 0.22581017 -0.00024965
t 100
c 378.04624 -74.28381 235.18538 -0.0010388 0.22580946 -0.0002498
t 100
c 378.04648 -74.78553 235.18554 -0.00104283 0.22580875 -0.00024995
t 100
c 378.04672 -75.28724 235.18569 -0.00104687 0.22580804 -0.00025009
t 100
c 378.04696 -75.78896 235.18585 -0.0010509 0.22580733 -0.00025024
t 100
c 378.0472 -76.29067 235.18601 -0.00105493 0.22580663 -0.00025039
t 100
c 378.04744 -76.79239 235.18617 -0.00105897 0.22580592 -0.00025053
t 100
c 378.04768 -77.29411 235.18632 -0.001063 0.22580521 -0.00025068
t 100
c 378.04791 -77.79582 235.18648 -0.00106703 0.2258045 -0.00025083
t 100
c 378.04815 -78.29754 235.18664 -0.00107107 0.22580379 -0.00025098
t 100
c 378.04839 -78.79925 235.1868 -0.0010751 0.22580309 -0.00025112
t 100
c 378.04863 -79.30097 235.18695 -0.00107913 0.22580238 -0.00025127
t 100
c 378.04887 -79.80268 235.18711 -0.00108317 0.22580167 -0.00025142
t 100
c 378.04911 -80.3044 235.18727 -0.0010872 0.22580096 -0.00025156
t 100
c 378.04935 -80.80612 235.18743 -0.00109123 0.22580026 -0.00025171
t 100
