c 359.3 0.0 345.98 0.0 0.0 0.0
t 100
c 358.62072 -0.65012 345.6198 -6.1e-07 1.74e-06 -1.87e-06
t 100
c 357.94144 -1.30024 345.2596 -1.22e-06 3.48e-06 -3.75e-06
t 100
c 357.26216 -1.95035 344.8994 -1.84e-06 5.21e-06 -5.62e-06
t 100
c 356.58288 -2.60047 344.53919 -2.45e-06 6.95e-06 -7.49e-06
t 100
c 355.90361 -3.25059 344.17899 -3.06e-06 8.69e-06 -9.36e-06
t 100
c 355.22433 -3.90071 343.81879 -3.67e-06 1.043e-05 -1.124e-05
t 100
c 354.54505 -4.55082 343.45859 -4.28e-06 1.216e-05 -1.311e-05
t 100
c 353.86577 -5.20094 343.09839 -4.89e-06 1.39e-05 -1.498e-05
t 100
c 353.18649 -5.85106 342.73819 -5.51e-06 1.564e-05 -1.685e-05
t 100
c 352.50721 -6.50118 342.37799 -6.12e-06 1.738e-05 -1.873e-05
t 99
c 351.82793 -7.1513 342.01778 -6.73e-06 1.911e-05 -2.06e-05
t 100
c 351.14865 -7.80141 341.65758 -7.34e-06 2.085e-05 -2.247e-05
t 100
c 350.46938 -8.45153 341.29738 -7.95e-06 2.259e-05 -2.434e-05
t 100
c 349.7901 -9.10165 340.93718 -8.56e-06 2.433e-05 -2.622e-05
t 100
c 349.11082 -9.75177 340.57698 -9.18e-06 2.606e-05 -2.809e-05
t 100
c 348.43154 -10.40189 340.21678 -9.79e-06 2.78e-05 -2.996e-05
t 100
c 347.75226 -11.052 339.85657 -1.04e-05 2.954e-05 -3.183e-05
t 100
c 347.07298 -11.70212 339.49637 -1.101e-05 3.128e-05 -3.371e-05
t 100
c 346.3937 -12.35224 339.13617 -1.162e-05 3.301e-05 -3.558e-05
t 100
c 345.71442 -13.00236 338.77597 -1.223e-05 3.475e-05 -3.745e-05
t 100
c 345.03515 -13.65247 338.41577 -1.285e-05 3.649e-05 -3.933e-05
t 100
c 344.35587 -14.30259 338.05557 -1.346e-05 3.823e-05 -4.12e-05
t 100
c 343.67659 -14.95271 337.69537 -1.407e-05 3.996e-05 -4.307e-05
t 100
c 342.99731 -15.60283 337.33516 -1.468e-05 4.17e-05 -4.494e-05
t 100
c 342.31803 -16.25295 336.97496 -1.529e-05 4.344e-05 -4.682e-05
t 100
c 341.63875 -16.90306 336.61476 -1.591e-05 4.518e-05 -4.869e-05
t 100
c 340.95947 -17.55318 336.25456 -1.652e-05 4.691e-05 -5.056e-05
t 100
c 340.28019 -18.2033 335.89436 -1.713e-05 4.865e-05 -5.243e-05
t 100
c 339.60091 -18.85342 335.53416 -1.774e-05 5.039e-05 -5.431e-05
t 100
c 338.92164 -19.50354 335.17396 -1.835e-05 5.213e-05 -5.618e-05
t 100
c 338.24236 -20.15365 334.81375 -1.896e-05 5.386e-05 -5.805e-05
t 100
c 337.56308 -20.80377 334.45355 -1.958e-05 5.56e-05 -5.992e-05
t 100
c 336.8838 -21.45389 334.09335 -2.019e-05 5.734e-05 -6.18e-05
t 100
c 336.20452 -22.10401 333.73315 -2.08e-05 5.908e-05 -6.367e-05
t 100
c 335.52524 -22.75412 333.37295 -2.141e-05 6.082e-05 -6.554e-05
t 100
c 334.84596 -23.40424 333.01275 -2.202e-05 6.255e-05 -6.741e-05
t 100
c 334.16668 -24.05436 332.65254 -2.263e-05 6.429e-05 -6.929e-05
t 100
c 333.48741 -24.70448 332.29234 -2.325e-05 6.603e-05 -7.116e-05
t 100
c 332.80813 -25.3546 331.93214 -2.386e-05 6.777e-05 -7.303e-05
t 100
c 332.12885 -26.00471 331.57194 -2.447e-05 6.95e-05 -7.491e-05
t 100
c 331.44957 -26.65483 331.21174 -2.508e-05 7.124e-05 -7.678e-05
t 100
c 330.77029 -27.30495 330.85154 -2.569e-05 7.298e-05 -7.865e-05
t 100
c 330.09101 -27.95507 330.49134 -2.631e-05 7.472e-05 -8.052e-05
t 100
c 329.41173 -28.60518 330.13113 -2.692e-05 7.645e-05 -8.24e-05
t 100
c 328.73245 -29.2553 329.77093 -2.753e-05 7.819e-05 -8.427e-05
t 100
c 328.05318 -29.90542 329.41073 -2.814e-05 7.993e-05 -8.614e-05
t 100
c 327.3739 -30.55554 329.05053 -2.875e-05 8.167e-05 -8.801e-05
t 100
c 326.69462 -31.20566 328.69033 -2.936e-05 8.34e-05 -8.989e-05
t 100
c 326.01534 -31.85577 328.33013 -2.998e-05 8.514e-05 -9.176e-05
t 100
c 325.33606 -32.50589 327.96993 -3.059e-05 8.688e-05 -9.363e-05
t 100
c 324.65678 -33.15601 327.60972 -3.12e-05 8.862e-05 -9.55e-05
t 100
c 323.9775 -33.80613 327.24952 -3.181e-05 9.035e-05 -9.738e-05
t 100
c 323.29822 -34.45625 326.88932 -3.242e-05 9.209e-05 -9.925e-05
t 100
c 322.61894 -35.10636 326.52912 -3.303e-05 9.383e-05 -0.00010112
t 100
c 321.93967 -35.75648 326.16892 -3.365e-05 9.557e-05 -0.00010299
t 100
c 321.26039 -36.4066 325.80872 -3.426e-05 9.73e-05 -0.00010487
t 100
c 320.58111 -37.05672 325.44851 -3.487e-05 9.904e-05 -0.00010674
t 100
c 319.90183 -37.70683 325.08831 -3.548e-05 0.00010078 -0.00010861
t 100
c 319.22255 -38.35695 324.72811 -3.609e-05 0.00010252 -0.00011049
t 100
c 318.54327 -39.00707 324.36791 -3.67e-05 0.00010425 -0.00011236
t 100
c 317.86399 -39.65719 324.00771 -3.732e-05 0.00010599 -0.00011423
t 100
c 317.18471 -40.30731 323.64751 -3.793e-05 0.00010773 -0.0001161
t 100
c 316.50544 -40.95742 323.28731 -3.854e-05 0.00010947 -0.00011798
t 100
c 315.82616 -41.60754 322.9271 -3.915e-05 0.0001112 -0.00011985
t 100
c 315.14688 -42.25766 322.5669 -3.976e-05 0.00011294 -0.00012172
t 100
c 314.4676 -42.90778 322.2067 -4.038e-05 0.00011468 -0.00012359
t 100
c 313.78832 -43.55789 321.8465 -4.099e-05 0.00011642 -0.00012547
t 100
c 313.10904 -44.20801 321.4863 -4.16e-05 0.00011816 -0.00012734
t 100
c 312.42976 -44.85813 321.1261 -4.221e-05 0.00011989 -0.00012921
t 100
c 311.75048 -45.50825 320.7659 -4.282e-05 0.00012163 -0.00013108
t 100
c 311.07121 -46.15837 320.40569 -4.343e-05 0.00012337 -0.00013296
t 100
c 310.39193 -46.80848 320.04549 -4.405e-05 0.00012511 -0.00013483
t 100
c 309.71265 -47.4586 319.68529 -4.466e-05 0.00012684 -0.0001367
t 100
c 309.03337 -48.10872 319.32509 -4.527e-05 0.00012858 -0.00013857
t 100
c 308.35409 -48.75884 318.96489 -4.588e-05 0.00013032 -0.00014045
t 100
c 307.67481 -49.40896 318.60469 -4.649e-05 0.00013206 -0.00014232
t 100
c 306.99553 -50.05907 318.24448 -4.71e-05 0.00013379 -0.00014419
t 100
c 306.31625 -50.70919 317.88428 -4.772e-05 0.00013553 -0.00014607
t 100
c 305.63698 -51.35931 317.52408 -4.833e-05 0.00013727 -0.00014794
t 100
c 304.9577 -52.00943 317.16388 -4.894e-05 0.00013901 -0.00014981
t 100
c 304.27842 -52.65954 316.80368 -4.955e-05 0.00014074 -0.00015168
t 100
c 303.59914 -53.30966 316.44348 -5.016e-05 0.00014248 -0.00015356
t 100
c 302.91986 -53.95978 316.08328 -5.078e-05 0.00014422 -0.00015543
t 100
c 302.24058 -54.6099 315.72307 -5.139e-05 0.00014596 -0.0001573
t 100
c 301.5613 -55.26002 315.36287 -5.2e-05 0.00014769 -0.00015917
t 100
c 300.88202 -55.91013 315.00267 -5.261e-05 0.00014943 -0.00016105
t 100
c 300.20274 -56.56025 314.64247 -5.322e-05 0.00015117 -0.00016292
t 100
c 299.52347 -57.21037 314.28227 -5.383e-05 0.00015291 -0.00016479
t 100
c 298.84419 -57.86049 313.92207 -5.445e-05 0.00015464 -0.00016666
t 100
c 298.16491 -58.51061 313.56187 -5.506e-05 0.00015638 -0.00016854
t 100
c 297.48563 -59.16072 313.20166 -5.567e-05 0.00015812 -0.00017041
t 100
c 296.80635 -59.81084 312.84146 -5.628e-05 0.00015986 -0.00017228
t 100
c 296.12707 -60.46096 312.48126 -5.689e-05 0.00016159 -0.00017415
t 100
c 295.44779 -61.11108 312.12106 -5.75e-05 0.00016333 -0.00017603
t 100
c 294.76851 -61.76119 311.76086 -5.812e-05 0.00016507 -0.0001779
t 100
c 294.08924 -62.41131 311.40066 -5.873e-05 0.00016681 -0.00017977
t 100
c 293.40996 -63.06143 311.04045 -5.934e-05 0.00016854 -0.00018165
t 100
c 292.73068 -63.71155 310.68025 -5.995e-05 0.00017028 -0.00018352
t 100
c 292.0514 -64.36167 310.32005 -6.056e-05 0.00017202 -0.00018539
t 100
c 291.37212 -65.01178 309.95985 -6.117e-05 0.00017376 -0.00018726
t 100
c 290.69284 -65.6619 309.59965 -6.179e-05 0.0001755 -0.00018914
t 100
c 290.01356 -66.31202 309.23945 -6.24e-05 0.00017723 -0.00019101
t 100
c 289.33428 -66.96214 308.87925 -6.301e-05 0.00017897 -0.00019288
t 100
c 288.65501 -67.61225 308.51904 -6.362e-05 0.00018071 -0.00019475
t 100
c 287.97573 -68.26237 308.15884 -6.423e-05 0.00018245 -0.00019663
t 100
c 287.29645 -68.91249 307.79864 -6.485e-05 0.00018418 -0.0001985
t 100
c 286.61717 -69.56261 307.43844 -6.546e-05 0.00018592 -0.00020037
t 100
c 285.93789 -70.21273 307.07824 -6.607e-05 0.00018766 -0.00020224
t 100
c 285.25861 -70.86284 306.71804 -6.668e-05 0.0001894 -0.00020412
t 100
c 284.57933 -71.51296 306.35784 -6.729e-05 0.00019113 -0.00020599
t 100
c 283.90005 -72.16308 305.99763 -6.79e-05 0.00019287 -0.00020786
t 100
c 283.22077 -72.8132 305.63743 -6.852e-05 0.00019461 -0.00020973
t 100
c 282.5415 -73.46332 305.27723 -6.913e-05 0.00019635 -0.00021161
t 100
c 281.86222 -74.11343 304.91703 -6.974e-05 0.00019808 -0.00021348
t 100
c 281.18294 -74.76355 304.55683 -7.035e-05 0.00019982 -0.00021535
t 100
c 280.50366 -75.41367 304.19663 -7.096e-05 0.00020156 -0.00021722
t 100
c 279.82438 -76.06379 303.83642 -7.157e-05 0.0002033 -0.0002191
t 100
c 279.1451 -76.7139 303.47622 -7.219e-05 0.00020503 -0.00022097
t 100
c 278.46582 -77.36402 303.11602 -7.28e-05 0.00020677 -0.00022284
t 100
c 277.78654 -78.01414 302.75582 -7.341e-05 0.00020851 -0.00022472
t 100
c 277.78654 -78.01414 302.75582 -7.341e-05 0.00020851 -0.00022472
t 100
c 277.9475 -77.01781 302.7607 -8.971e-05 -0.00661965 0.0065436
t 100
c 278.10845 -76.02148 302.76558 -0.00010602 -0.0134478 0.01331192
t 100
c 278.26941 -75.02515 302.77046 -0.00012232 -0.02027596 0.02008024
t 100
c 278.43036 -74.02882 302.77534 -0.00013863 -0.02710411 0.02684856
t 100
c 278.59131 -73.03249 302.78021 -0.00015493 -0.03393227 0.03361687
t 100
c 278.75227 -72.03617 302.78509 -0.00017124 -0.04076042 0.04038519
t 99
c 278.91322 -71.03984 302.78997 -0.00018754 -0.04758858 0.04715351
t 100
c 279.07417 -70.04351 302.79485 -0.00020385 -0.05441674 0.05392183
t 100
c 279.23513 -69.04718 302.79973 -0.00022015 -0.06124489 0.06069014
t 100
c 279.39608 -68.05085 302.80461 -0.00023645 -0.06807305 0.06745846
t 100
c 279.55704 -67.05452 302.80949 -0.00025276 -0.0749012 0.07422678
t 100
c 279.71799 -66.05819 302.81437 -0.00026906 -0.08172936 0.0809951
t 100
c 279.87894 -65.06186 302.81925 -0.00028537 -0.08855751 0.08776342
t 100
c 280.0399 -64.06553 302.82412 -0.00030167 -0.09538567 0.09453173
t 100
c 280.20085 -63.0692 302.829 -0.00031798 -0.10221383 0.10130005
t 100
c 280.3618 -62.07288 302.83388 -0.00033428 -0.10904198 0.10806837
t 100
c 280.52276 -61.07655 302.83876 -0.00035059 -0.11587014 0.11483669
t 100
c 280.68371 -60.08022 302.84364 -0.00036689 -0.12269829 0.121605
t 100
c 280.84466 -59.08389 302.84852 -0.00038319 -0.12952645 0.12837332
t 100
c 281.00562 -58.08756 302.8534 -0.0003995 -0.1363546 0.13514164
t 100
c 281.16657 -57.09123 302.85828 -0.0004158 -0.14318276 0.14190996
t 100
c 281.32753 -56.0949 302.86316 -0.00043211 -0.15001091 0.14867828
t 100
c 281.48848 -55.09857 302.86803 -0.00044841 -0.15683907 0.15544659
t 100
c 281.64943 -54.10224 302.87291 -0.00046472 -0.16366723 0.16221491
t 100
c 281.81039 -53.10591 302.87779 -0.00048102 -0.17049538 0.16898323
t 100
c 281.97134 -52.10958 302.88267 -0.00049733 -0.17732354 0.17575155
t 100
c 282.13229 -51.11326 302.88755 -0.00051363 -0.18415169 0.18251986
t 100
c 282.29325 -50.11693 302.89243 -0.00052993 -0.19097985 0.18928818
t 100
c 282.4542 -49.1206 302.89731 -0.00054624 -0.197808 0.1960565
t 100
c 282.61516 -48.12427 302.90219 -0.00056254 -0.20463616 0.20282482
t 100
c 282.77611 -47.12794 302.90707 -0.00057885 -0.21146432 0.20959314
t 100
c 282.93706 -46.13161 302.91194 -0.00059515 -0.21829247 0.21636145
t 100
c 283.09802 -45.13528 302.91682 -0.00061146 -0.22512063 0.22312977
t 100
c 283.25897 -44.13895 302.9217 -0.00062776 -0.23194878 0.22989809
t 100
c 283.41992 -43.14262 302.92658 -0.00064407 -0.23877694 0.23666641
t 100
c 283.58088 -42.14629 302.93146 -0.00066037 -0.24560509 0.24343472
t 100
c 283.74183 -41.14997 302.93634 -0.00067667 -0.25243325 0.25020304
t 100
c 283.90279 -40.15364 302.94122 -0.00069298 -0.2592614 0.25697136
t 100
