c 450.14217 0.0 345.82984 0.0 0.0003 0.0
t 100
c 448.13095 0.0 342.2553 0.0 0.02357222 0.0
t 100
c 446.11974 0.0 338.68077 0.0 0.04684444 0.0
t 100
c 444.10852 0.0 335.10624 0.0 0.07011667 0.0
t 100
c 442.0973 0.0 331.5317 0.0 0.09338889 0.0
t 100
c 440.08609 0.0 327.95717 0.0 0.11666111 0.0
t 100
c 438.07487 0.0 324.38264 0.0 0.13993333 0.0
t 100
c 436.06366 0.0 320.8081 0.0 0.16320556 0.0
t 100
c 434.05244 0.0 317.23357 0.0 0.18647778 0.0
t 100
c 432.04122 0.0 313.65904 0.0 0.20975 0.0
t 100
c 430.03001 0.0 310.0845 0.0 0.23302222 0.0
t 100
c 428.01879 0.0 306.50997 0.0 0.25629444 0.0
t 100
c 426.00757 0.0 302.93544 0.0 0.27956667 0.0
t 100
c 423.99636 0.0 299.3609 0.0 0.30283889 0.0
t 100
c 421.98514 0.0 295.78637 0.0 0.32611111 0.0
t 100
c 419.97392 0.0 292.21184 0.0 0.34938333 0.0
t 100
c 417.96271 0.0 288.6373 0.0 0.37265556 0.0
t 100
c 415.95149 0.0 285.06277 0.0 0.39592778 0.0
t 100
c 413.94027 0.0 281.48824 0.0 0.4192 0.0
t 100
c 413.94027 0.0 281.48824 0.0 0.4192 0.0
t 100
c 409.81399 0.0 281.49018 0.0 0.41919032 0.0
t 100
c 405.6877 0.0 281.49212 0.0 0.41918065 0.0
t 100
c 401.56142 0.0 281.49406 0.0 0.41917097 0.0
t 99
c 397.43513 0.0 281.496 0.0 0.41916129 0.0
t 100
c 393.30884 0.0 281.49795 0.0 0.41915161 0.0
t 100
c 389.18256 0.0 281.49989 0.0 0.41914194 0.0
t 100
c 385.05627 0.0 281.50183 0.0 0.41913226 0.0
t 100
c 380.92999 0.0 281.50377 0.0 0.41912258 0.0
t 100
c 376.8037 0.0 281.50572 0.0 0.4191129 0.0
t 100
c 372.67741 0.0 281.50766 0.0 0.41910323 0.0
t 100
c 368.55113 0.0 281.5096 0.0 0.41909355 0.0
t 100
c 364.42484 0.0 281.51154 0.0 0.41908387 0.0
t 100
c 360.29856 0.0 281.51349 0.0 0.41907419 0.0
t 100
c 356.17227 0.0 281.51543 0.0 0.41906452 0.0
t 100
c 352.04598 0.0 281.51737 0.0 0.41905484 0.0
t 100
c 347.9197 0.0 281.51931 0.0 0.41904516 0.0
t 100
c 343.79341 0.0 281.52125 0.0 0.41903548 0.0
t 100
c 339.66713 0.0 281.5232 0.0 0.41902581 0.0
t 100
c 335.54084 0.0 281.52514 0.0 0.41901613 0.0
t 100
c 331.41455 0.0 281.52708 0.0 0.41900645 0.0
t 100
c 327.28827 0.0 281.52902 0.0 0.41899677 0.0
t 100
c 323.16198 0.0 281.53097 0.0 0.4189871 0.0
t 100
c 319.0357 0.0 281.53291 0.0 0.41897742 0.0
t 100
c 314.90941 0.0 281.53485 0.0 0.41896774 0.0
t 100
c 310.78312 0.0 281.53679 0.0 0.41895806 0.0
t 100
c 306.65684 0.0 281.53873 0.0 0.41894839 0.0
t 100
c 302.53055 0.0 281.54068 0.0 0.41893871 0.0
t 100
c 298.40427 0.0 281.54262 0.0 0.41892903 0.0
t 100
c 294.27798 0.0 281.54456 0.0 0.41891935 0.0
t 100
c 290.15169 0.0 281.5465 0.0 0.41890968 0.0
t 100
c 286.02541 0.0 281.54845 0.0 0.4189 0.0
t 100
