c 241.50466 -26.24997 307.59794 0.00066184 -0.29189383 -0.71895136
t 100
c 252.08726 -26.23908 307.61725 0.000716 -0.29193396 -0.71890642
t 100
c 262.66986 -26.22819 307.63655 0.00077016 -0.29197409 -0.71886147
t 100
c 273.25246 -26.21729 307.65585 0.00082432 -0.29201421 -0.71881653
t 100
c 283.83507 -26.2064 307.67516 0.00087848 -0.29205434 -0.71877159
t 100
c 294.41767 -26.19551 307.69446 0.00093264 -0.29209446 -0.71872664
t 100
c 305.00027 -26.18462 307.71376 0.0009868 -0.29213459 -0.7186817
t 100
c 315.58287 -26.17372 307.73306 0.00104096 -0.29217471 -0.71863676
t 100
c 326.16547 -26.16283 307.75237 0.00109512 -0.29221484 -0.71859182
t 100
c 336.74808 -26.15194 307.77167 0.00114928 -0.29225497 -0.71854687
t 100
c 347.33068 -26.14104 307.79097 0.00120344 -0.29229509 -0.71850193
t 100
c 357.91328 -26.13015 307.81028 0.0012576 -0.29233522 -0.71845699
t 100
