c 313.73082 -56.87161 44.65848 -0.00584163 1.40324355 0.09505396
t 149
c 313.72843 -56.88079 40.53679 -0.00613908 1.40327347 0.09475661
t 149
c 313.72605 -56.88997 36.4151 -0.00643654 1.40330339 0.09445925
t 149
c 313.72367 -56.89915 32.2934 -0.00673399 1.40333332 0.0941619
t 149
c 313.72129 -56.90833 28.17171 -0.00703144 1.40336324 0.09386454
t 149
c 313.71891 -56.91751 24.05002 -0.0073289 1.40339316 0.09356719
t 149
c 313.71653 -56.92669 19.92833 -0.00762635 1.40342309 0.09326984
t 149
c 313.71414 -56.93587 15.80663 -0.0079238 1.40345301 0.09297248
t 149
