c 359.16323 -73.42096 26.07342 -0.00239215 1.42644072 0.0181121
t 135
c 359.16323 -73.42096 26.07342 -0.00239215 1.42644072 0.0181121
t 134
c 359.16323 -73.42096 26.07342 -0.00239215 1.42644072 0.0181121
t 133
c 359.16323 -73.42096 26.07342 -0.00239215 1.42644072 0.0181121
t 132
c 359.16323 -73.42096 26.07342 -0.00239215 1.42644072 0.0181121
t 131
c 359.16323 -73.42096 26.07342 -0.00239215 1.42644072 0.0181121
t 130
c 359.16323 -73.42096 26.07342 -0.00239215 1.42644072 0.0181121
t 129
c 359.16323 -73.42096 26.07342 -0.00239215 1.42644072 0.0181121
t 128
c 359.16323 -73.42096 26.07342 -0.00239215 1.42644072 0.0181121
t 127
c 359.16323 -73.42096 26.07342 -0.00239215 1.42644072 0.0181121
t 125
c 359.16323 -73.42096 26.07342 -0.00239215 1.42644072 0.0181121
t 125
c 359.16323 -73.42096 26.07342 -0.00239215 1.42644072 0.0181121
t 124
c 359.16323 -73.42096 26.07342 -0.00239215 1.42644072 0.0181121
t 123
c 359.16323 -73.42096 26.07342 -0.00239215 1.42644072 0.0181121
t 121
c 359.16323 -73.42096 26.07342 -0.00239215 1.42644072 0.0181121
t 121
c 359.16323 -73.42096 26.07342 -0.00239215 1.42644072 0.0181121
t 120
c 359.16323 -73.42096 26.07342 -0.00239215 1.42644072 0.0181121
t 119
c 359.16323 -73.42096 26.07342 -0.00239215 1.42644072 0.0181121
t 118
c 359.16323 -73.42096 26.07342 -0.00239215 1.42644072 0.0181121
t 117
c 359.16323 -73.42096 26.07342 -0.00239215 1.42644072 0.0181121
t 116
c 359.16323 -73.42096 26.07342 -0.00239215 1.42644072 0.0181121
t 115
c 359.16323 -73.42096 26.07342 -0.00239215 1.42644072 0.0181121
t 114
c 359.16323 -73.42096 26.07342 -0.00239215 1.42644072 0.0181121
t 113
c 359.16323 -73.42096 26.07342 -0.00239215 1.42644072 0.0181121
t 112
c 359.16323 -73.42096 26.07342 -0.00239215 1.42644072 0.0181121
t 111
c 359.16323 -73.42096 26.07342 -0.00239215 1.42644072 0.0181121
t 110
c 359.16323 -73.42096 26.07342 -0.00239215 1.42644072 0.0181121
t 109
c 359.16323 -73.42096 26.07342 -0.00239215 1.42644072 0.0181121
t 108
c 359.16323 -73.42096 26.07342 -0.00239215 1.42644072 0.0181121
t 107
c 359.16323 -73.42096 26.07342 -0.00239215 1.42644072 0.0181121
t 105
c 359.16323 -73.42096 26.07342 -0.00239215 1.42644072 0.0181121
t 105
c 359.16323 -73.42096 26.07342 -0.00239215 1.42644072 0.0181121
t 104
c 359.16323 -73.42096 26.07342 -0.00239215 1.42644072 0.0181121
t 103
c 359.16323 -73.42096 26.07342 -0.00239215 1.42644072 0.0181121
t 102
c 359.16323 -73.42096 26.07342 -0.00239215 1.42644072 0.0181121
t 101
c 359.16323 -73.42096 26.07342 -0.00239215 1.42644072 0.0181121
t 100
c 359.16323 -73.42096 26.07342 -0.00239215 1.42644072 0.0181121
t 99
c 359.16323 -73.42096 26.07342 -0.00239215 1.42644072 0.0181121
t 98
c 359.16323 -73.42096 26.07342 -0.00239215 1.42644072 0.0181121
t 97
c 359.16323 -73.42096 26.07342 -0.00239215 1.42644072 0.0181121
t 96
c 359.16323 -73.42096 26.07342 -0.00239215 1.42644072 0.0181121
t 94
c 359.16323 -73.42096 26.07342 -0.00239215 1.42644072 0.0181121
t 93
c 359.16323 -73.42096 26.07342 -0.00239215 1.42644072 0.0181121
t 92
c 359.16323 -73.42096 26.07342 -0.00239215 1.42644072 0.0181121
t 91
c 359.16323 -73.42096 26.07342 -0.00239215 1.42644072 0.0181121
t 90
c 359.16323 -73.42096 26.07342 -0.00239215 1.42644072 0.0181121
t 89
c 359.16323 -73.42096 26.07342 -0.00239215 1.42644072 0.0181121
t 88
c 359.16323 -73.42096 26.07342 -0.00239215 1.42644072 0.0181121
t 87
c 359.16323 -73.42096 26.07342 -0.00239215 1.42644072 0.0181121
t 86
c 359.16323 -73.42096 26.07342 -0.00239215 1.42644072 0.0181121
t 85
c 359.16323 -73.42096 26.07342 -0.00239215 1.42644072 0.0181121
t 84
c 359.16323 -73.42096 26.07342 -0.00239215 1.42644072 0.0181121
t 83
c 359.16323 -73.42096 26.07342 -0.00239215 1.42644072 0.0181121
t 82
c 359.16323 -73.42096 26.07342 -0.00239215 1.42644072 0.0181121
t 81
c 359.16323 -73.42096 26.07342 -0.00239215 1.42644072 0.0181121
t 80
c 359.16323 -73.42096 26.07342 -0.00239215 1.42644072 0.0181121
t 79
c 359.16323 -73.42096 26.07342 -0.00239215 1.42644072 0.0181121
t 78
c 359.16323 -73.42096 26.07342 -0.00239215 1.42644072 0.0181121
t 77
c 359.16323 -73.42096 26.07342 -0.00239215 1.42644072 0.0181121
t 76
c 359.16323 -73.42096 26.07342 -0.00239215 1.42644072 0.0181121
t 75
c 359.16323 -73.42096 26.07342 -0.00239215 1.42644072 0.0181121
t 74
c 359.16323 -73.42096 26.07342 -0.00239215 1.42644072 0.0181121
t 73
c 359.16323 -73.42096 26.07342 -0.00239215 1.42644072 0.0181121
t 72
c 359.16323 -73.42096 26.07342 -0.00239215 1.42644072 0.0181121
t 71
c 359.16323 -73.42096 26.07342 -0.00239215 1.42644072 0.0181121
t 70
c 359.16323 -73.42096 26.07342 -0.00239215 1.42644072 0.0181121
t 69
c 359.16323 -73.42096 26.07342 -0.00239215 1.42644072 0.0181121
t 68
c 359.16323 -73.42096 26.07342 -0.00239215 1.42644072 0.0181121
t 67
c 359.16323 -73.42096 26.07342 -0.00239215 1.42644072 0.0181121
t 66
c 359.16323 -73.42096 26.07342 -0.00239215 1.42644072 0.0181121
t 65
c 359.16323 -73.42096 26.07342 -0.00239215 1.42644072 0.0181121
t 64
c 359.16323 -73.42096 26.07342 -0.00239215 1.42644072 0.0181121
t 63
c 359.16323 -73.42096 26.07342 -0.00239215 1.42644072 0.0181121
t 62
c 359.16323 -73.42096 26.07342 -0.00239215 1.42644072 0.0181121
t 61
s 0.500
c 359.16323 -73.42096 26.07342 -0.00239215 1.42644072 0.0181121
t 62
c 359.1615 -68.35709 26.06626 -0.00231639 1.4264379 0.0181669
t 62
c 359.15977 -63.29322 26.05911 -0.00224062 1.42643508 0.01822169
t 62
c 359.15804 -58.22935 26.05195 -0.00216485 1.42643226 0.01827649
t 62
c 359.15631 -53.16548 26.0448 -0.00208909 1.42642944 0.01833129
t 62
c 359.15458 -48.10162 26.03765 -0.00201332 1.42642662 0.01838608
t 62
c 359.15285 -43.03775 26.03049 -0.00193756 1.4264238 0.01844088
t 62
c 359.15112 -37.97388 26.02334 -0.00186179 1.42642097 0.01849568
t 62
c 359.14939 -32.91001 26.01619 -0.00178602 1.42641815 0.01855047
t 62
c 359.14765 -27.84614 26.00903 -0.00171026 1.42641533 0.01860527
t 62
c 359.14592 -22.78227 26.00188 -0.00163449 1.42641251 0.01866007
t 61
c 359.14419 -17.7184 25.99473 -0.00155873 1.42640969 0.01871486
t 62
c 359.14246 -12.65453 25.98757 -0.00148296 1.42640687 0.01876966
t 61
c 359.14073 -7.59066 25.98042 -0.00140719 1.42640405 0.01882445
t 62
c 359.139 -2.52679 25.97326 -0.00133143 1.42640122 0.01887925
t 61
c 359.13727 2.53707 25.96611 -0.00125566 1.4263984 0.01893405
t 62
c 359.13554 7.60094 25.95896 -0.00117989 1.42639558 0.01898884
t 61
c 359.13381 12.66481 25.9518 -0.00110413 1.42639276 0.01904364
t 62
c 359.13208 17.72868 25.94465 -0.00102836 1.42638994 0.01909844
t 62
c 359.13035 22.79255 25.9375 -0.0009526 1.42638712 0.01915323
t 62
c 359.12862 27.85642 25.93034 -0.00087683 1.4263843 0.01920803
t 62
c 359.12689 32.92029 25.92319 -0.00080106 1.42638147 0.01926283
t 62
c 359.12516 37.98416 25.91604 -0.0007253 1.42637865 0.01931762
t 62
c 359.12343 43.04803 25.90888 -0.00064953 1.42637583 0.01937242
t 62
c 359.1217 48.1119 25.90173 -0.00057377 1.42637301 0.01942722
t 62
c 359.11997 53.17576 25.89457 -0.000498 1.42637019 0.01948201
t 62
c 359.11824 58.23963 25.88742 -0.00042223 1.42636737 0.01953681
t 62
c 359.11651 63.3035 25.88027 -0.00034647 1.42636455 0.01959161
t 62
c 359.11478 68.36737 25.87311 -0.0002707 1.42636172 0.0196464
t 62
c 359.11305 73.43124 25.86596 -0.00019494 1.4263589 0.0197012
t 62
c 359.11132 78.49511 25.85881 -0.00011917 1.42635608 0.01975599
t 62
c 359.10959 83.55898 25.85165 -4.34e-05 1.42635326 0.01981079
t 62
c 359.10786 88.62285 25.8445 3.236e-05 1.42635044 0.01986559
t 62
c 359.10613 93.68672 25.83735 0.00010813 1.42634762 0.01992038
t 62
c 359.1044 98.75058 25.83019 0.0001839 1.4263448 0.01997518
t 62
s 0.500
c 359.1044 98.75058 25.83019 0.0001839 1.4263448 0.01997518
t 62
c 359.1044 98.75058 25.83019 0.0001839 1.4263448 0.01997518
t 62
c 359.1044 98.75058 25.83019 0.0001839 1.4263448 0.01997518
t 64
c 359.1044 98.75058 25.83019 0.0001839 1.4263448 0.01997518
t 65
c 359.1044 98.75058 25.83019 0.0001839 1.4263448 0.01997518
t 66
c 359.1044 98.75058 25.83019 0.0001839 1.4263448 0.01997518
t 67
c 359.1044 98.75058 25.83019 0.0001839 1.4263448 0.01997518
t 68
c 359.1044 98.75058 25.83019 0.0001839 1.4263448 0.01997518
t 69
c 359.1044 98.75058 25.83019 0.0001839 1.4263448 0.01997518
t 70
c 359.1044 98.75058 25.83019 0.0001839 1.4263448 0.01997518
t 71
c 359.1044 98.75058 25.83019 0.0001839 1.4263448 0.01997518
t 72
c 359.1044 98.75058 25.83019 0.0001839 1.4263448 0.01997518
t 73
c 359.1044 98.75058 25.83019 0.0001839 1.4263448 0.01997518
t 74
c 359.1044 98.75058 25.83019 0.0001839 1.4263448 0.01997518
t 75
c 359.1044 98.75058 25.83019 0.0001839 1.4263448 0.01997518
t 76
c 359.1044 98.75058 25.83019 0.0001839 1.4263448 0.01997518
t 77
c 359.1044 98.75058 25.83019 0.0001839 1.4263448 0.01997518
t 78
c 359.1044 98.75058 25.83019 0.0001839 1.4263448 0.01997518
t 79
c 359.1044 98.75058 25.83019 0.0001839 1.4263448 0.01997518
t 80
c 359.1044 98.75058 25.83019 0.0001839 1.4263448 0.01997518
t 81
c 359.1044 98.75058 25.83019 0.0001839 1.4263448 0.01997518
t 82
c 359.1044 98.75058 25.83019 0.0001839 1.4263448 0.01997518
t 83
c 359.1044 98.75058 25.83019 0.0001839 1.4263448 0.01997518
t 84
c 359.1044 98.75058 25.83019 0.0001839 1.4263448 0.01997518
t 85
c 359.1044 98.75058 25.83019 0.0001839 1.4263448 0.01997518
t 86
c 359.1044 98.75058 25.83019 0.0001839 1.4263448 0.01997518
t 87
c 359.1044 98.75058 25.83019 0.0001839 1.4263448 0.01997518
t 88
c 359.1044 98.75058 25.83019 0.0001839 1.4263448 0.01997518
t 89
c 359.1044 98.75058 25.83019 0.0001839 1.4263448 0.01997518
t 90
c 359.1044 98.75058 25.83019 0.0001839 1.4263448 0.01997518
t 91
c 359.1044 98.75058 25.83019 0.0001839 1.4263448 0.01997518
t 92
c 359.1044 98.75058 25.83019 0.0001839 1.4263448 0.01997518
t 93
c 359.1044 98.75058 25.83019 0.0001839 1.4263448 0.01997518
t 94
c 359.1044 98.75058 25.83019 0.0001839 1.4263448 0.01997518
t 95
c 359.1044 98.75058 25.83019 0.0001839 1.4263448 0.01997518
t 96
c 359.1044 98.75058 25.83019 0.0001839 1.4263448 0.01997518
t 97
c 359.1044 98.75058 25.83019 0.0001839 1.4263448 0.01997518
t 98
c 359.1044 98.75058 25.83019 0.0001839 1.4263448 0.01997518
t 99
c 359.1044 98.75058 25.83019 0.0001839 1.4263448 0.01997518
t 100
c 359.1044 98.75058 25.83019 0.0001839 1.4263448 0.01997518
t 101
c 359.1044 98.75058 25.83019 0.0001839 1.4263448 0.01997518
t 102
c 359.1044 98.75058 25.83019 0.0001839 1.4263448 0.01997518
t 103
c 359.1044 98.75058 25.83019 0.0001839 1.4263448 0.01997518
t 104
c 359.1044 98.75058 25.83019 0.0001839 1.4263448 0.01997518
t 105
c 359.1044 98.75058 25.83019 0.0001839 1.4263448 0.01997518
t 106
c 359.1044 98.75058 25.83019 0.0001839 1.4263448 0.01997518
t 107
c 359.1044 98.75058 25.83019 0.0001839 1.4263448 0.01997518
t 108
c 359.1044 98.75058 25.83019 0.0001839 1.4263448 0.01997518
t 109
c 359.1044 98.75058 25.83019 0.0001839 1.4263448 0.01997518
t 110
c 359.1044 98.75058 25.83019 0.0001839 1.4263448 0.01997518
t 111
c 359.1044 98.75058 25.83019 0.0001839 1.4263448 0.01997518
t 112
c 359.1044 98.75058 25.83019 0.0001839 1.4263448 0.01997518
t 113
c 359.1044 98.75058 25.83019 0.0001839 1.4263448 0.01997518
t 114
c 359.1044 98.75058 25.83019 0.0001839 1.4263448 0.01997518
t 115
c 359.1044 98.75058 25.83019 0.0001839 1.4263448 0.01997518
t 116
c 359.1044 98.75058 25.83019 0.0001839 1.4263448 0.01997518
t 117
c 359.1044 98.75058 25.83019 0.0001839 1.4263448 0.01997518
t 118
c 359.1044 98.75058 25.83019 0.0001839 1.4263448 0.01997518
t 119
c 359.1044 98.75058 25.83019 0.0001839 1.4263448 0.01997518
t 120
c 359.1044 98.75058 25.83019 0.0001839 1.4263448 0.01997518
t 121
c 359.1044 98.75058 25.83019 0.0001839 1.4263448 0.01997518
t 122
s 0.500
c 359.1044 98.75058 25.83019 0.0001839 1.4263448 0.01997518
t 122
c 359.1044 98.75058 25.83019 0.0001839 1.4263448 0.01997518
t 120
c 359.1044 98.75058 25.83019 0.0001839 1.4263448 0.01997518
t 120
c 359.1044 98.75058 25.83019 0.0001839 1.4263448 0.01997518
t 119
c 359.1044 98.75058 25.83019 0.0001839 1.4263448 0.01997518
t 117
c 359.1044 98.75058 25.83019 0.0001839 1.4263448 0.01997518
t 117
c 359.1044 98.75058 25.83019 0.0001839 1.4263448 0.01997518
t 116
c 359.1044 98.75058 25.83019 0.0001839 1.4263448 0.01997518
t 115
c 359.1044 98.75058 25.83019 0.0001839 1.4263448 0.01997518
t 114
c 359.1044 98.75058 25.83019 0.0001839 1.4263448 0.01997518
t 113
c 359.1044 98.75058 25.83019 0.0001839 1.4263448 0.01997518
t 112
c 359.1044 98.75058 25.83019 0.0001839 1.4263448 0.01997518
t 111
c 359.1044 98.75058 25.83019 0.0001839 1.4263448 0.01997518
t 109
c 359.1044 98.75058 25.83019 0.0001839 1.4263448 0.01997518
t 109
c 359.1044 98.75058 25.83019 0.0001839 1.4263448 0.01997518
t 108
c 359.1044 98.75058 25.83019 0.0001839 1.4263448 0.01997518
t 107
c 359.1044 98.75058 25.83019 0.0001839 1.4263448 0.01997518
t 106
c 359.1044 98.75058 25.83019 0.0001839 1.4263448 0.01997518
t 105
c 359.1044 98.75058 25.83019 0.0001839 1.4263448 0.01997518
t 104
c 359.1044 98.75058 25.83019 0.0001839 1.4263448 0.01997518
t 103
c 359.1044 98.75058 25.83019 0.0001839 1.4263448 0.01997518
t 102
c 359.1044 98.75058 25.83019 0.0001839 1.4263448 0.01997518
t 101
c 359.1044 98.75058 25.83019 0.0001839 1.4263448 0.01997518
t 100
c 359.1044 98.75058 25.83019 0.0001839 1.4263448 0.01997518
t 99
c 359.1044 98.75058 25.83019 0.0001839 1.4263448 0.01997518
t 98
c 359.1044 98.75058 25.83019 0.0001839 1.4263448 0.01997518
t 97
c 359.1044 98.75058 25.83019 0.0001839 1.4263448 0.01997518
t 96
c 359.1044 98.75058 25.83019 0.0001839 1.4263448 0.01997518
t 95
c 359.1044 98.75058 25.83019 0.0001839 1.4263448 0.01997518
t 94
c 359.1044 98.75058 25.83019 0.0001839 1.4263448 0.01997518
t 93
c 359.1044 98.75058 25.83019 0.0001839 1.4263448 0.01997518
t 92
c 359.1044 98.75058 25.83019 0.0001839 1.4263448 0.01997518
t 91
c 359.1044 98.75058 25.83019 0.0001839 1.4263448 0.01997518
t 90
c 359.1044 98.75058 25.83019 0.0001839 1.4263448 0.01997518
t 89
c 359.1044 98.75058 25.83019 0.0001839 1.4263448 0.01997518
t 88
c 359.1044 98.75058 25.83019 0.0001839 1.4263448 0.01997518
t 87
c 359.1044 98.75058 25.83019 0.0001839 1.4263448 0.01997518
t 86
c 359.1044 98.75058 25.83019 0.0001839 1.4263448 0.01997518
t 85
c 359.1044 98.75058 25.83019 0.0001839 1.4263448 0.01997518
t 84
c 359.1044 98.75058 25.83019 0.0001839 1.4263448 0.01997518
t 83
c 359.1044 98.75058 25.83019 0.0001839 1.4263448 0.01997518
t 82
c 359.1044 98.75058 25.83019 0.0001839 1.4263448 0.01997518
t 80
c 359.1044 98.75058 25.83019 0.0001839 1.4263448 0.01997518
t 79
c 359.1044 98.75058 25.83019 0.0001839 1.4263448 0.01997518
t 78
c 359.1044 98.75058 25.83019 0.0001839 1.4263448 0.01997518
t 77
c 359.1044 98.75058 25.83019 0.0001839 1.4263448 0.01997518
t 76
c 359.1044 98.75058 25.83019 0.0001839 1.4263448 0.01997518
t 75
c 359.1044 98.75058 25.83019 0.0001839 1.4263448 0.01997518
t 74
c 359.1044 98.75058 25.83019 0.0001839 1.4263448 0.01997518
t 73
c 359.1044 98.75058 25.83019 0.0001839 1.4263448 0.01997518
t 72
c 359.1044 98.75058 25.83019 0.0001839 1.4263448 0.01997518
t 71
c 359.1044 98.75058 25.83019 0.0001839 1.4263448 0.01997518
t 70
c 359.1044 98.75058 25.83019 0.0001839 1.4263448 0.01997518
t 69
c 359.1044 98.75058 25.83019 0.0001839 1.4263448 0.01997518
t 68
c 359.1044 98.75058 25.83019 0.0001839 1.4263448 0.01997518
t 67
c 359.1044 98.75058 25.83019 0.0001839 1.4263448 0.01997518
t 66
c 359.1044 98.75058 25.83019 0.0001839 1.4263448 0.01997518
t 65
c 359.1044 98.75058 25.83019 0.0001839 1.4263448 0.01997518
t 64
c 359.1044 98.75058 25.83019 0.0001839 1.4263448 0.01997518
t 63
s 0.500
c 359.1044 98.75058 25.83019 0.0001839 1.4263448 0.01997518
t 64
c 359.10013 93.63275 25.82778 3.044e-05 1.42636382 0.01983374
t 64
c 359.09586 88.51492 25.82537 -0.00012301 1.42638284 0.01969231
t 64
c 359.09159 83.39709 25.82296 -0.00027646 1.42640187 0.01955087
t 64
c 359.08732 78.27926 25.82055 -0.00042991 1.42642089 0.01940944
t 64
c 359.08305 73.16142 25.81813 -0.00058336 1.42643992 0.019268
t 64
c 359.07878 68.04359 25.81572 -0.00073682 1.42645894 0.01912656
t 64
c 359.07451 62.92576 25.81331 -0.00089027 1.42647796 0.01898513
t 64
c 359.07024 57.80793 25.8109 -0.00104372 1.42649699 0.01884369
t 64
c 359.06597 52.69009 25.80849 -0.00119717 1.42651601 0.01870226
t 64
c 359.0617 47.57226 25.80608 -0.00135063 1.42653503 0.01856082
t 64
c 359.05743 42.45443 25.80366 -0.00150408 1.42655406 0.01841938
t 64
c 359.05316 37.3366 25.80125 -0.00165753 1.42657308 0.01827795
t 64
c 359.04889 32.21876 25.79884 -0.00181098 1.42659211 0.01813651
t 64
c 359.04462 27.10093 25.79643 -0.00196443 1.42661113 0.01799508
t 64
c 359.04035 21.9831 25.79402 -0.00211789 1.42663015 0.01785364
t 64
c 359.03608 16.86527 25.79161 -0.00227134 1.42664918 0.0177122
t 64
c 359.03181 11.74743 25.78919 -0.00242479 1.4266682 0.01757077
t 64
c 359.02754 6.6296 25.78678 -0.00257824 1.42668722 0.01742933
t 64
c 359.02327 1.51177 25.78437 -0.00273169 1.42670625 0.01728789
t 64
c 359.019 -3.60606 25.78196 -0.00288515 1.42672527 0.01714646
t 64
c 359.01473 -8.72389 25.77955 -0.0030386 1.4267443 0.01700502
t 64
c 359.01046 -13.84173 25.77714 -0.00319205 1.42676332 0.01686359
t 64
c 359.00619 -18.95956 25.77472 -0.0033455 1.42678234 0.01672215
t 64
c 359.00192 -24.07739 25.77231 -0.00349895 1.42680137 0.01658071
t 64
c 358.99765 -29.19522 25.7699 -0.00365241 1.42682039 0.01643928
t 64
c 358.99338 -34.31306 25.76749 -0.00380586 1.42683941 0.01629784
t 64
c 358.98911 -39.43089 25.76508 -0.00395931 1.42685844 0.01615641
t 64
c 358.98484 -44.54872 25.76267 -0.00411276 1.42687746 0.01601497
t 64
c 358.98057 -49.66655 25.76025 -0.00426621 1.42689649 0.01587353
t 64
c 358.9763 -54.78439 25.75784 -0.00441967 1.42691551 0.0157321
t 64
c 358.97203 -59.90222 25.75543 -0.00457312 1.42693453 0.01559066
t 64
c 358.96776 -65.02005 25.75302 -0.00472657 1.42695356 0.01544923
t 64
c 358.96349 -70.13788 25.75061 -0.00488002 1.42697258 0.01530779
t 64
s 0.500
c 358.96349 -70.13788 25.75061 -0.00488002 1.42697258 0.01530779
t 64
c 358.96349 -70.13788 25.75061 -0.00488002 1.42697258 0.01530779
t 65
c 358.96349 -70.13788 25.75061 -0.00488002 1.42697258 0.01530779
t 66
c 358.96349 -70.13788 25.75061 -0.00488002 1.42697258 0.01530779
t 67
c 358.96349 -70.13788 25.75061 -0.00488002 1.42697258 0.01530779
t 68
c 358.96349 -70.13788 25.75061 -0.00488002 1.42697258 0.01530779
t 69
c 358.96349 -70.13788 25.75061 -0.00488002 1.42697258 0.01530779
t 70
c 358.96349 -70.13788 25.75061 -0.00488002 1.42697258 0.01530779
t 71
c 358.96349 -70.13788 25.75061 -0.00488002 1.42697258 0.01530779
t 72
c 358.96349 -70.13788 25.75061 -0.00488002 1.42697258 0.01530779
t 73
c 358.96349 -70.13788 25.75061 -0.00488002 1.42697258 0.01530779
t 74
c 358.96349 -70.13788 25.75061 -0.00488002 1.42697258 0.01530779
t 75
c 358.96349 -70.13788 25.75061 -0.00488002 1.42697258 0.01530779
t 76
c 358.96349 -70.13788 25.75061 -0.00488002 1.42697258 0.01530779
t 77
c 358.96349 -70.13788 25.75061 -0.00488002 1.42697258 0.01530779
t 78
c 358.96349 -70.13788 25.75061 -0.00488002 1.42697258 0.01530779
t 79
c 358.96349 -70.13788 25.75061 -0.00488002 1.42697258 0.01530779
t 80
c 358.96349 -70.13788 25.75061 -0.00488002 1.42697258 0.01530779
t 81
c 358.96349 -70.13788 25.75061 -0.00488002 1.42697258 0.01530779
t 82
c 358.96349 -70.13788 25.75061 -0.00488002 1.42697258 0.01530779
t 83
c 358.96349 -70.13788 25.75061 -0.00488002 1.42697258 0.01530779
t 84
c 358.96349 -70.13788 25.75061 -0.00488002 1.42697258 0.01530779
t 84
c 358.96349 -70.13788 25.75061 -0.00488002 1.42697258 0.01530779
t 86
c 358.96349 -70.13788 25.75061 -0.00488002 1.42697258 0.01530779
t 87
c 358.96349 -70.13788 25.75061 -0.00488002 1.42697258 0.01530779
t 87
c 358.96349 -70.13788 25.75061 -0.00488002 1.42697258 0.01530779
t 88
c 358.96349 -70.13788 25.75061 -0.00488002 1.42697258 0.01530779
t 89
c 358.96349 -70.13788 25.75061 -0.00488002 1.42697258 0.01530779
t 90
c 358.96349 -70.13788 25.75061 -0.00488002 1.42697258 0.01530779
t 92
c 358.96349 -70.13788 25.75061 -0.00488002 1.42697258 0.01530779
t 93
c 358.96349 -70.13788 25.75061 -0.00488002 1.42697258 0.01530779
t 94
c 358.96349 -70.13788 25.75061 -0.00488002 1.42697258 0.01530779
t 95
c 358.96349 -70.13788 25.75061 -0.00488002 1.42697258 0.01530779
t 96
c 358.96349 -70.13788 25.75061 -0.00488002 1.42697258 0.01530779
t 97
c 358.96349 -70.13788 25.75061 -0.00488002 1.42697258 0.01530779
t 98
c 358.96349 -70.13788 25.75061 -0.00488002 1.42697258 0.01530779
t 99
c 358.96349 -70.13788 25.75061 -0.00488002 1.42697258 0.01530779
t 100
c 358.96349 -70.13788 25.75061 -0.00488002 1.42697258 0.01530779
t 101
c 358.96349 -70.13788 25.75061 -0.00488002 1.42697258 0.01530779
t 102
c 358.96349 -70.13788 25.75061 -0.00488002 1.42697258 0.01530779
t 103
c 358.96349 -70.13788 25.75061 -0.00488002 1.42697258 0.01530779
t 104
c 358.96349 -70.13788 25.75061 -0.00488002 1.42697258 0.01530779
t 105
c 358.96349 -70.13788 25.75061 -0.00488002 1.42697258 0.01530779
t 106
c 358.96349 -70.13788 25.75061 -0.00488002 1.42697258 0.01530779
t 107
c 358.96349 -70.13788 25.75061 -0.00488002 1.42697258 0.01530779
t 108
c 358.96349 -70.13788 25.75061 -0.00488002 1.42697258 0.01530779
t 109
c 358.96349 -70.13788 25.75061 -0.00488002 1.42697258 0.01530779
t 110
c 358.96349 -70.13788 25.75061 -0.00488002 1.42697258 0.01530779
t 111
c 358.96349 -70.13788 25.75061 -0.00488002 1.42697258 0.01530779
t 112
c 358.96349 -70.13788 25.75061 -0.00488002 1.42697258 0.01530779
t 113
c 358.96349 -70.13788 25.75061 -0.00488002 1.42697258 0.01530779
t 114
c 358.96349 -70.13788 25.75061 -0.00488002 1.42697258 0.01530779
t 115
