c 360.59894 0.0 334.0 0.0 0.0 0.0
c 360.46395 0.0 333.84887 0.0 -0.00373137 0.0
c 360.32895 0.0 333.69775 0.0 -0.00746274 0.0
c 360.19396 0.0 333.54662 0.0 -0.0111941 0.0
c 360.05897 0.0 333.3955 0.0 -0.01492547 0.0
c 359.92397 0.0 333.24437 0.0 -0.01865684 0.0
c 359.78898 0.0 333.09324 0.0 -0.02238821 0.0
c 359.65399 0.0 332.94212 0.0 -0.02611958 0.0
c 359.51899 0.0 332.79099 0.0 -0.02985095 0.0
c 359.384 0.0 332.63987 0.0 -0.03358231 0.0
c 359.24901 0.0 332.48874 0.0 -0.03731368 0.0
c 359.11401 0.0 332.33761 0.0 -0.04104505 0.0
c 358.97902 0.0 332.18649 0.0 -0.04477642 0.0
c 358.84402 0.0 332.03536 0.0 -0.04850779 0.0
c 358.70903 0.0 331.88424 0.0 -0.05223916 0.0
c 358.57404 0.0 331.73311 0.0 -0.05597052 0.0
c 358.43904 0.0 331.58198 0.0 -0.05970189 0.0
c 358.30405 0.0 331.43086 0.0 -0.06343326 0.0
c 358.16906 0.0 331.27973 0.0 -0.06716463 0.0
c 358.03406 0.0 331.12861 0.0 -0.070896 0.0
c 357.89907 0.0 330.97748 0.0 -0.07462737 0.0
c 357.76408 0.0 330.82635 0.0 -0.07835873 0.0
c 357.62908 0.0 330.67523 0.0 -0.0820901 0.0
c 357.49409 0.0 330.5241 0.0 -0.08582147 0.0
c 357.3591 0.0 330.37298 0.0 -0.08955284 0.0
c 357.2241 0.0 330.22185 0.0 -0.09328421 0.0
c 357.08911 0.0 330.07072 0.0 -0.09701558 0.0
c 356.95412 0.0 329.9196 0.0 -0.10074694 0.0
c 356.81912 0.0 329.76847 0.0 -0.10447831 0.0
c 356.68413 0.0 329.61735 0.0 -0.10820968 0.0
c 356.54914 0.0 329.46622 0.0 -0.11194105 0.0
c 356.41414 0.0 329.31509 0.0 -0.11567242 0.0
c 356.27915 0.0 329.16397 0.0 -0.11940378 0.0
c 356.14416 0.0 329.01284 0.0 -0.12313515 0.0
c 356.00916 0.0 328.86172 0.0 -0.12686652 0.0
c 355.87417 0.0 328.71059 0.0 -0.13059789 0.0
c 355.73917 0.0 328.55946 0.0 -0.13432926 0.0
c 355.60418 0.0 328.40834 0.0 -0.13806063 0.0
c 355.46919 0.0 328.25721 0.0 -0.14179199 0.0
c 355.33419 0.0 328.10609 0.0 -0.14552336 0.0
c 355.1992 0.0 327.95496 0.0 -0.14925473 0.0
c 355.06421 0.0 327.80383 0.0 -0.1529861 0.0
c 354.92921 0.0 327.65271 0.0 -0.15671747 0.0
c 354.79422 0.0 327.50158 0.0 -0.16044884 0.0
c 354.65923 0.0 327.35046 0.0 -0.1641802 0.0
c 354.52423 0.0 327.19933 0.0 -0.16791157 0.0
c 354.38924 0.0 327.0482 0.0 -0.17164294 0.0
c 354.25425 0.0 326.89708 0.0 -0.17537431 0.0
c 354.11925 0.0 326.74595 0.0 -0.17910568 0.0
c 353.98426 0.0 326.59483 0.0 -0.18283705 0.0
c 353.84927 0.0 326.4437 0.0 -0.18656841 0.0
c 353.71427 0.0 326.29257 0.0 -0.19029978 0.0
c 353.57928 0.0 326.14145 0.0 -0.19403115 0.0
c 353.44429 0.0 325.99032 0.0 -0.19776252 0.0
c 353.30929 0.0 325.8392 0.0 -0.20149389 0.0
c 353.1743 0.0 325.68807 0.0 -0.20522526 0.0
c 353.0393 0.0 325.53694 0.0 -0.20895662 0.0
c 352.90431 0.0 325.38582 0.0 -0.21268799 0.0
c 352.76932 0.0 325.23469 0.0 -0.21641936 0.0
c 352.63432 0.0 325.08357 0.0 -0.22015073 0.0
c 352.49933 0.0 324.93244 0.0 -0.2238821 0.0
c 352.36434 0.0 324.78131 0.0 -0.22761346 0.0
c 352.22934 0.0 324.63019 0.0 -0.23134483 0.0
c 352.09435 0.0 324.47906 0.0 -0.2350762 0.0
c 351.95936 0.0 324.32794 0.0 -0.23880757 0.0
c 351.82436 0.0 324.17681 0.0 -0.24253894 0.0
c 351.68937 0.0 324.02568 0.0 -0.24627031 0.0
c 351.55438 0.0 323.87456 0.0 -0.25000167 0.0
c 351.41938 0.0 323.72343 0.0 -0.25373304 0.0
c 351.28439 0.0 323.57231 0.0 -0.25746441 0.0
c 351.1494 0.0 323.42118 0.0 -0.26119578 0.0
c 351.0144 0.0 323.27005 0.0 -0.26492715 0.0
c 350.87941 0.0 323.11893 0.0 -0.26865852 0.0
c 350.74442 0.0 322.9678 0.0 -0.27238988 0.0
c 350.60942 0.0 322.81667 0.0 -0.27612125 0.0
c 350.47443 0.0 322.66555 0.0 -0.27985262 0.0
c 350.33944 0.0 322.51442 0.0 -0.28358399 0.0
c 350.20444 0.0 322.3633 0.0 -0.28731536 0.0
c 350.06945 0.0 322.21217 0.0 -0.29104673 0.0
c 349.93445 0.0 322.06104 0.0 -0.29477809 0.0
c 349.79946 0.0 321.90992 0.0 -0.29850946 0.0
c 349.66447 0.0 321.75879 0.0 -0.30224083 0.0
c 349.52947 0.0 321.60767 0.0 -0.3059722 0.0
c 349.39448 0.0 321.45654 0.0 -0.30970357 0.0
c 349.25949 0.0 321.30541 0.0 -0.31343494 0.0
c 349.12449 0.0 321.15429 0.0 -0.3171663 0.0
c 348.9895 0.0 321.00316 0.0 -0.32089767 0.0
c 348.85451 0.0 320.85204 0.0 -0.32462904 0.0
c 348.71951 0.0 320.70091 0.0 -0.32836041 0.0
c 348.58452 0.0 320.54978 0.0 -0.33209178 0.0
c 348.44953 0.0 320.39866 0.0 -0.33582314 0.0
c 348.31453 0.0 320.24753 0.0 -0.33955451 0.0
c 348.17954 0.0 320.09641 0.0 -0.34328588 0.0
c 348.04455 0.0 319.94528 0.0 -0.34701725 0.0
c 347.90955 0.0 319.79415 0.0 -0.35074862 0.0
c 347.77456 0.0 319.64303 0.0 -0.35447999 0.0
c 347.63957 0.0 319.4919 0.0 -0.35821135 0.0
c 347.50457 0.0 319.34078 0.0 -0.36194272 0.0
c 347.36958 0.0 319.18965 0.0 -0.36567409 0.0
c 347.23459 0.0 319.03852 0.0 -0.36940546 0.0
c 347.09959 0.0 318.8874 0.0 -0.37313683 0.0
c 346.9646 0.0 318.73627 0.0 -0.3768682 0.0
c 346.8296 0.0 318.58515 0.0 -0.38059956 0.0
c 346.69461 0.0 318.43402 0.0 -0.38433093 0.0
c 346.55962 0.0 318.28289 0.0 -0.3880623 0.0
c 346.42462 0.0 318.13177 0.0 -0.39179367 0.0
c 346.28963 0.0 317.98064 0.0 -0.39552504 0.0
c 346.15464 0.0 317.82952 0.0 -0.39925641 0.0
c 346.01964 0.0 317.67839 0.0 -0.40298777 0.0
c 345.88465 0.0 317.52726 0.0 -0.40671914 0.0
c 345.74966 0.0 317.37614 0.0 -0.41045051 0.0
c 345.61466 0.0 317.22501 0.0 -0.41418188 0.0
c 345.47967 0.0 317.07389 0.0 -0.41791325 0.0
c 345.34468 0.0 316.92276 0.0 -0.42164462 0.0
c 345.20968 0.0 316.77163 0.0 -0.42537598 0.0
c 345.07469 0.0 316.62051 0.0 -0.42910735 0.0
c 344.9397 0.0 316.46938 0.0 -0.43283872 0.0
c 344.8047 0.0 316.31826 0.0 -0.43657009 0.0
c 344.66971 0.0 316.16713 0.0 -0.44030146 0.0
c 344.53472 0.0 316.016 0.0 -0.44403282 0.0
c 344.39972 0.0 315.86488 0.0 -0.44776419 0.0
c 344.26473 0.0 315.71375 0.0 -0.45149556 0.0
c 344.12974 0.0 315.56263 0.0 -0.45522693 0.0
c 343.99474 0.0 315.4115 0.0 -0.4589583 0.0
c 343.85975 0.0 315.26037 0.0 -0.46268967 0.0
c 343.72475 0.0 315.10925 0.0 -0.46642103 0.0
c 343.58976 0.0 314.95812 0.0 -0.4701524 0.0
c 343.45477 0.0 314.807 0.0 -0.47388377 0.0
c 343.31977 0.0 314.65587 0.0 -0.47761514 0.0
c 343.18478 0.0 314.50474 0.0 -0.48134651 0.0
c 343.04979 0.0 314.35362 0.0 -0.48507788 0.0
c 342.91479 0.0 314.20249 0.0 -0.48880924 0.0
c 342.7798 0.0 314.05137 0.0 -0.49254061 0.0
c 342.64481 0.0 313.90024 0.0 -0.49627198 0.0
c 342.50981 0.0 313.74911 0.0 -0.50000335 0.0
c 342.37482 0.0 313.59799 0.0 -0.50373472 0.0
c 342.23983 0.0 313.44686 0.0 -0.50746609 0.0
c 342.10483 0.0 313.29574 0.0 -0.51119745 0.0
c 341.96984 0.0 313.14461 0.0 -0.51492882 0.0
c 341.83485 0.0 312.99348 0.0 -0.51866019 0.0
c 341.69985 0.0 312.84236 0.0 -0.52239156 0.0
c 341.56486 0.0 312.69123 0.0 -0.52612293 0.0
c 341.42987 0.0 312.54011 0.0 -0.5298543 0.0
c 341.29487 0.0 312.38898 0.0 -0.53358566 0.0
c 341.15988 0.0 312.23785 0.0 -0.53731703 0.0
c 341.02489 0.0 312.08673 0.0 -0.5410484 0.0
