c 363.86331 -107.36623 59.99035 0.00012617 1.0260081 0.00126842
t 100
c 366.17471 -107.36261 56.36496 0.00017909 1.02604232 0.0013095
t 103
c 368.4861 -107.35899 52.73957 0.00023201 1.02607654 0.00135059
t 107
c 370.7975 -107.35536 49.11417 0.00028493 1.02611075 0.00139168
t 111
c 373.10889 -107.35174 45.48878 0.00033785 1.02614497 0.00143276
t 114
c 375.42028 -107.34812 41.86339 0.00039078 1.02617919 0.00147385
t 118
c 377.73168 -107.3445 38.238 0.0004437 1.02621341 0.00151494
t 122
c 380.04307 -107.34088 34.61261 0.00049662 1.02624762 0.00155603
t 125
c 382.35447 -107.33726 30.98721 0.00054954 1.02628184 0.00159711
t 129
c 384.66586 -107.33364 27.36182 0.00060246 1.02631606 0.0016382
t 133
c 386.97726 -107.33002 23.73643 0.00065538 1.02635027 0.00167929
t 136
c 386.97726 -107.33002 23.73643 0.00065538 1.02635027 0.00167929
t 137
c 386.97726 -107.33002 23.73643 0.00065538 1.02635027 0.00167929
t 136
c 386.97726 -107.33002 23.73643 0.00065538 1.02635027 0.00167929
t 135
c 386.97726 -107.33002 23.73643 0.00065538 1.02635027 0.00167929
t 134
c 386.97726 -107.33002 23.73643 0.00065538 1.02635027 0.00167929
t 133
c 386.97726 -107.33002 23.73643 0.00065538 1.02635027 0.00167929
t 132
c 386.97726 -107.33002 23.73643 0.00065538 1.02635027 0.00167929
t 131
c 386.97726 -107.33002 23.73643 0.00065538 1.02635027 0.00167929
t 130
c 386.97726 -107.33002 23.73643 0.00065538 1.02635027 0.00167929
t 129
c 386.97726 -107.33002 23.73643 0.00065538 1.02635027 0.00167929
t 128
c 386.97726 -107.33002 23.73643 0.00065538 1.02635027 0.00167929
t 126
c 386.97726 -107.33002 23.73643 0.00065538 1.02635027 0.00167929
t 126
c 386.97726 -107.33002 23.73643 0.00065538 1.02635027 0.00167929
t 124
c 386.97726 -107.33002 23.73643 0.00065538 1.02635027 0.00167929
t 124
c 386.97726 -107.33002 23.73643 0.00065538 1.02635027 0.00167929
t 122
c 386.97726 -107.33002 23.73643 0.00065538 1.02635027 0.00167929
t 122
c 386.97726 -107.33002 23.73643 0.00065538 1.02635027 0.00167929
t 120
c 386.97726 -107.33002 23.73643 0.00065538 1.02635027 0.00167929
t 120
c 386.97726 -107.33002 23.73643 0.00065538 1.02635027 0.00167929
t 118
c 386.97726 -107.33002 23.73643 0.00065538 1.02635027 0.00167929
t 118
c 386.97726 -107.33002 23.73643 0.00065538 1.02635027 0.00167929
t 116
c 386.97726 -107.33002 23.73643 0.00065538 1.02635027 0.00167929
t 116
c 386.97726 -107.33002 23.73643 0.00065538 1.02635027 0.00167929
t 115
c 386.97726 -107.33002 23.73643 0.00065538 1.02635027 0.00167929
t 114
c 386.97726 -107.33002 23.73643 0.00065538 1.02635027 0.00167929
t 113
c 386.97726 -107.33002 23.73643 0.00065538 1.02635027 0.00167929
t 112
c 386.97726 -107.33002 23.73643 0.00065538 1.02635027 0.00167929
t 111
c 386.97726 -107.33002 23.73643 0.00065538 1.02635027 0.00167929
t 110
c 386.97726 -107.33002 23.73643 0.00065538 1.02635027 0.00167929
t 109
c 386.97726 -107.33002 23.73643 0.00065538 1.02635027 0.00167929
t 108
c 386.97726 -107.33002 23.73643 0.00065538 1.02635027 0.00167929
t 107
c 386.97726 -107.33002 23.73643 0.00065538 1.02635027 0.00167929
t 106
c 386.97726 -107.33002 23.73643 0.00065538 1.02635027 0.00167929
t 105
c 386.97726 -107.33002 23.73643 0.00065538 1.02635027 0.00167929
t 104
c 386.97726 -107.33002 23.73643 0.00065538 1.02635027 0.00167929
t 103
c 386.97726 -107.33002 23.73643 0.00065538 1.02635027 0.00167929
t 102
c 386.97726 -107.33002 23.73643 0.00065538 1.02635027 0.00167929
t 101
c 386.97726 -107.33002 23.73643 0.00065538 1.02635027 0.00167929
t 100
c 386.97726 -107.33002 23.73643 0.00065538 1.02635027 0.00167929
t 99
c 386.97726 -107.33002 23.73643 0.00065538 1.02635027 0.00167929
t 98
c 386.97726 -107.33002 23.73643 0.00065538 1.02635027 0.00167929
t 97
c 386.97726 -107.33002 23.73643 0.00065538 1.02635027 0.00167929
t 96
c 386.97726 -107.33002 23.73643 0.00065538 1.02635027 0.00167929
t 95
c 386.97726 -107.33002 23.73643 0.00065538 1.02635027 0.00167929
t 94
c 386.97726 -107.33002 23.73643 0.00065538 1.02635027 0.00167929
t 92
c 386.97726 -107.33002 23.73643 0.00065538 1.02635027 0.00167929
t 92
c 386.97726 -107.33002 23.73643 0.00065538 1.02635027 0.00167929
t 90
c 386.97726 -107.33002 23.73643 0.00065538 1.02635027 0.00167929
t 90
c 386.97726 -107.33002 23.73643 0.00065538 1.02635027 0.00167929
t 88
c 386.97726 -107.33002 23.73643 0.00065538 1.02635027 0.00167929
t 88
c 386.97726 -107.33002 23.73643 0.00065538 1.02635027 0.00167929
t 86
c 386.97726 -107.33002 23.73643 0.00065538 1.02635027 0.00167929
t 85
c 386.97726 -107.33002 23.73643 0.00065538 1.02635027 0.00167929
t 84
c 386.97726 -107.33002 23.73643 0.00065538 1.02635027 0.00167929
t 83
c 386.97726 -107.33002 23.73643 0.00065538 1.02635027 0.00167929
t 82
c 386.97726 -107.33002 23.73643 0.00065538 1.02635027 0.00167929
t 81
