c 326.0 0.0 334.0 0.0 0.0 0.0
c 326.0 0.0 334.0 0.00200045 0.0 0.0
c 326.0 0.0 334.0 0.0040009 0.0 0.0
c 326.0 0.0 334.0 0.00600135 0.0 0.0
c 326.0 0.0 334.0 0.00800179 0.0 0.0
c 326.0 0.0 334.0 0.01000224 0.0 0.0
c 326.0 0.0 334.0 0.01200269 0.0 0.0
c 326.0 0.0 334.0 0.01400314 0.0 0.0
c 326.0 0.0 334.0 0.01600359 0.0 0.0
c 326.0 0.0 334.0 0.01800404 0.0 0.0
c 326.0 0.0 334.0 0.02000448 0.0 0.0
c 326.0 0.0 334.0 0.02200493 0.0 0.0
c 326.0 0.0 334.0 0.02400538 0.0 0.0
c 326.0 0.0 334.0 0.02600583 0.0 0.0
c 326.0 0.0 334.0 0.02800628 0.0 0.0
c 326.0 0.0 334.0 0.03000673 0.0 0.0
c 326.0 0.0 334.0 0.03200717 0.0 0.0
c 326.0 0.0 334.0 0.03400762 0.0 0.0
c 326.0 0.0 334.0 0.03600807 0.0 0.0
c 326.0 0.0 334.0 0.03800852 0.0 0.0
c 326.0 0.0 334.0 0.04000897 0.0 0.0
c 326.0 0.0 334.0 0.04200942 0.0 0.0
c 326.0 0.0 334.0 0.04400986 0.0 0.0
c 326.0 0.0 334.0 0.04601031 0.0 0.0
c 326.0 0.0 334.0 0.04801076 0.0 0.0
c 326.0 0.0 334.0 0.05001121 0.0 0.0
c 326.0 0.0 334.0 0.05201166 0.0 0.0
c 326.0 0.0 334.0 0.05401211 0.0 0.0
c 326.0 0.0 334.0 0.05601256 0.0 0.0
c 326.0 0.0 334.0 0.058013 0.0 0.0
c 326.0 0.0 334.0 0.06001345 0.0 0.0
c 326.0 0.0 334.0 0.0620139 0.0 0.0
c 326.0 0.0 334.0 0.06401435 0.0 0.0
c 326.0 0.0 334.0 0.0660148 0.0 0.0
c 326.0 0.0 334.0 0.06801525 0.0 0.0
c 326.0 0.0 334.0 0.07001569 0.0 0.0
c 326.0 0.0 334.0 0.07201614 0.0 0.0
c 326.0 0.0 334.0 0.07401659 0.0 0.0
c 326.0 0.0 334.0 0.07601704 0.0 0.0
c 326.0 0.0 334.0 0.07801749 0.0 0.0
c 326.0 0.0 334.0 0.08001794 0.0 0.0
c 326.0 0.0 334.0 0.08201838 0.0 0.0
c 326.0 0.0 334.0 0.08401883 0.0 0.0
c 326.0 0.0 334.0 0.08601928 0.0 0.0
c 326.0 0.0 334.0 0.08801973 0.0 0.0
c 326.0 0.0 334.0 0.09002018 0.0 0.0
c 326.0 0.0 334.0 0.09202063 0.0 0.0
c 326.0 0.0 334.0 0.09402108 0.0 0.0
c 326.0 0.0 334.0 0.09602152 0.0 0.0
c 326.0 0.0 334.0 0.09802197 0.0 0.0
c 326.0 0.0 334.0 0.10002242 0.0 0.0
c 326.0 0.0 334.0 0.10202287 0.0 0.0
c 326.0 0.0 334.0 0.10402332 0.0 0.0
c 326.0 0.0 334.0 0.10602377 0.0 0.0
c 326.0 0.0 334.0 0.10802421 0.0 0.0
c 326.0 0.0 334.0 0.11002466 0.0 0.0
c 326.0 0.0 334.0 0.11202511 0.0 0.0
c 326.0 0.0 334.0 0.11402556 0.0 0.0
c 326.0 0.0 334.0 0.11602601 0.0 0.0
c 326.0 0.0 334.0 0.11802646 0.0 0.0
c 326.0 0.0 334.0 0.1200269 0.0 0.0
c 326.0 0.0 334.0 0.12202735 0.0 0.0
c 326.0 0.0 334.0 0.1240278 0.0 0.0
c 326.0 0.0 334.0 0.12602825 0.0 0.0
c 326.0 0.0 334.0 0.1280287 0.0 0.0
c 326.0 0.0 334.0 0.13002915 0.0 0.0
c 326.0 0.0 334.0 0.13202959 0.0 0.0
c 326.0 0.0 334.0 0.13403004 0.0 0.0
c 326.0 0.0 334.0 0.13603049 0.0 0.0
c 326.0 0.0 334.0 0.13803094 0.0 0.0
c 326.0 0.0 334.0 0.14003139 0.0 0.0
c 326.0 0.0 334.0 0.14203184 0.0 0.0
c 326.0 0.0 334.0 0.14403229 0.0 0.0
c 326.0 0.0 334.0 0.14603273 0.0 0.0
c 326.0 0.0 334.0 0.14803318 0.0 0.0
c 326.0 0.0 334.0 0.15003363 0.0 0.0
c 326.0 0.0 334.0 0.15203408 0.0 0.0
c 326.0 0.0 334.0 0.15403453 0.0 0.0
c 326.0 0.0 334.0 0.15603498 0.0 0.0
c 326.0 0.0 334.0 0.15803542 0.0 0.0
c 326.0 0.0 334.0 0.16003587 0.0 0.0
c 326.0 0.0 334.0 0.16203632 0.0 0.0
c 326.0 0.0 334.0 0.16403677 0.0 0.0
c 326.0 0.0 334.0 0.16603722 0.0 0.0
c 326.0 0.0 334.0 0.16803767 0.0 0.0
c 326.0 0.0 334.0 0.17003811 0.0 0.0
c 326.0 0.0 334.0 0.17203856 0.0 0.0
c 326.0 0.0 334.0 0.17403901 0.0 0.0
c 326.0 0.0 334.0 0.17603946 0.0 0.0
c 326.0 0.0 334.0 0.17803991 0.0 0.0
c 326.0 0.0 334.0 0.18004036 0.0 0.0
c 326.0 0.0 334.0 0.1820408 0.0 0.0
c 326.0 0.0 334.0 0.18404125 0.0 0.0
c 326.0 0.0 334.0 0.1860417 0.0 0.0
c 326.0 0.0 334.0 0.18804215 0.0 0.0
c 326.0 0.0 334.0 0.1900426 0.0 0.0
c 326.0 0.0 334.0 0.19204305 0.0 0.0
c 326.0 0.0 334.0 0.1940435 0.0 0.0
c 326.0 0.0 334.0 0.19604394 0.0 0.0
c 326.0 0.0 334.0 0.19804439 0.0 0.0
c 326.0 0.0 334.0 0.20004484 0.0 0.0
c 326.0 0.0 334.0 0.20204529 0.0 0.0
c 326.0 0.0 334.0 0.20404574 0.0 0.0
c 326.0 0.0 334.0 0.20604619 0.0 0.0
c 326.0 0.0 334.0 0.20804663 0.0 0.0
c 326.0 0.0 334.0 0.21004708 0.0 0.0
c 326.0 0.0 334.0 0.21204753 0.0 0.0
c 326.0 0.0 334.0 0.21404798 0.0 0.0
c 326.0 0.0 334.0 0.21604843 0.0 0.0
c 326.0 0.0 334.0 0.21804888 0.0 0.0
c 326.0 0.0 334.0 0.22004932 0.0 0.0
c 326.0 0.0 334.0 0.22204977 0.0 0.0
c 326.0 0.0 334.0 0.22405022 0.0 0.0
c 326.0 0.0 334.0 0.22605067 0.0 0.0
c 326.0 0.0 334.0 0.22805112 0.0 0.0
c 326.0 0.0 334.0 0.23005157 0.0 0.0
c 326.0 0.0 334.0 0.23205201 0.0 0.0
c 326.0 0.0 334.0 0.23405246 0.0 0.0
c 326.0 0.0 334.0 0.23605291 0.0 0.0
c 326.0 0.0 334.0 0.23805336 0.0 0.0
c 326.0 0.0 334.0 0.24005381 0.0 0.0
c 326.0 0.0 334.0 0.24205426 0.0 0.0
c 326.0 0.0 334.0 0.24405471 0.0 0.0
c 326.0 0.0 334.0 0.24605515 0.0 0.0
c 326.0 0.0 334.0 0.2480556 0.0 0.0
c 326.0 0.0 334.0 0.25005605 0.0 0.0
c 326.0 0.0 334.0 0.2520565 0.0 0.0
c 326.0 0.0 334.0 0.25405695 0.0 0.0
c 326.0 0.0 334.0 0.2560574 0.0 0.0
c 326.0 0.0 334.0 0.25805784 0.0 0.0
c 326.0 0.0 334.0 0.26005829 0.0 0.0
c 326.0 0.0 334.0 0.26205874 0.0 0.0
c 326.0 0.0 334.0 0.26405919 0.0 0.0
c 326.0 0.0 334.0 0.26605964 0.0 0.0
c 326.0 0.0 334.0 0.26806009 0.0 0.0
c 326.0 0.0 334.0 0.27006053 0.0 0.0
c 326.0 0.0 334.0 0.27206098 0.0 0.0
c 326.0 0.0 334.0 0.27406143 0.0 0.0
c 326.0 0.0 334.0 0.27606188 0.0 0.0
c 326.0 0.0 334.0 0.27806233 0.0 0.0
c 326.0 0.0 334.0 0.28006278 0.0 0.0
c 326.0 0.0 334.0 0.28206323 0.0 0.0
c 326.0 0.0 334.0 0.28406367 0.0 0.0
c 326.0 0.0 334.0 0.28606412 0.0 0.0
c 326.0 0.0 334.0 0.28806457 0.0 0.0
c 326.0 0.0 334.0 0.29006502 0.0 0.0
c 326.0 0.0 334.0 0.29206547 0.0 0.0
c 326.0 0.0 334.0 0.29406592 0.0 0.0
c 326.0 0.0 334.0 0.29606636 0.0 0.0
c 326.0 0.0 334.0 0.29806681 0.0 0.0
c 326.0 0.0 334.0 0.30006726 0.0 0.0
c 326.0 0.0 334.0 0.30206771 0.0 0.0
c 326.0 0.0 334.0 0.30406816 0.0 0.0
c 326.0 0.0 334.0 0.30606861 0.0 0.0
c 326.0 0.0 334.0 0.30806905 0.0 0.0
c 326.0 0.0 334.0 0.3100695 0.0 0.0
c 326.0 0.0 334.0 0.31206995 0.0 0.0
c 326.0 0.0 334.0 0.3140704 0.0 0.0
c 326.0 0.0 334.0 0.31607085 0.0 0.0
c 326.0 0.0 334.0 0.3180713 0.0 0.0
c 326.0 0.0 334.0 0.32007174 0.0 0.0
c 326.0 0.0 334.0 0.32207219 0.0 0.0
c 326.0 0.0 334.0 0.32407264 0.0 0.0
c 326.0 0.0 334.0 0.32607309 0.0 0.0
c 326.0 0.0 334.0 0.32807354 0.0 0.0
c 326.0 0.0 334.0 0.33007399 0.0 0.0
c 326.0 0.0 334.0 0.33207444 0.0 0.0
c 326.0 0.0 334.0 0.33407488 0.0 0.0
c 326.0 0.0 334.0 0.33607533 0.0 0.0
c 326.0 0.0 334.0 0.33807578 0.0 0.0
c 326.0 0.0 334.0 0.34007623 0.0 0.0
c 326.0 0.0 334.0 0.34207668 0.0 0.0
c 326.0 0.0 334.0 0.34407713 0.0 0.0
c 326.0 0.0 334.0 0.34607757 0.0 0.0
c 326.0 0.0 334.0 0.34807802 0.0 0.0
c 326.0 0.0 334.0 0.35007847 0.0 0.0
c 326.0 0.0 334.0 0.35207892 0.0 0.0
c 326.0 0.0 334.0 0.35407937 0.0 0.0
c 326.0 0.0 334.0 0.35607982 0.0 0.0
c 326.0 0.0 334.0 0.35808026 0.0 0.0
c 326.0 0.0 334.0 0.36008071 0.0 0.0
c 326.0 0.0 334.0 0.36208116 0.0 0.0
c 326.0 0.0 334.0 0.36408161 0.0 0.0
c 326.0 0.0 334.0 0.36608206 0.0 0.0
c 326.0 0.0 334.0 0.36808251 0.0 0.0
c 326.0 0.0 334.0 0.37008295 0.0 0.0
c 326.0 0.0 334.0 0.3720834 0.0 0.0
c 326.0 0.0 334.0 0.37408385 0.0 0.0
c 326.0 0.0 334.0 0.3760843 0.0 0.0
c 326.0 0.0 334.0 0.37808475 0.0 0.0
c 326.0 0.0 334.0 0.3800852 0.0 0.0
c 326.0 0.0 334.0 0.38208565 0.0 0.0
c 326.0 0.0 334.0 0.38408609 0.0 0.0
c 326.0 0.0 334.0 0.38608654 0.0 0.0
c 326.0 0.0 334.0 0.38808699 0.0 0.0
c 326.0 0.0 334.0 0.39008744 0.0 0.0
c 326.0 0.0 334.0 0.39208789 0.0 0.0
c 326.0 0.0 334.0 0.39408834 0.0 0.0
c 326.0 0.0 334.0 0.39608878 0.0 0.0
c 326.0 0.0 334.0 0.39808923 0.0 0.0
c 326.0 0.0 334.0 0.40008968 0.0 0.0
c 326.0 0.0 334.0 0.40209013 0.0 0.0
c 326.0 0.0 334.0 0.40409058 0.0 0.0
c 326.0 0.0 334.0 0.40609103 0.0 0.0
c 326.0 0.0 334.0 0.40809147 0.0 0.0
c 326.0 0.0 334.0 0.41009192 0.0 0.0
c 326.0 0.0 334.0 0.41209237 0.0 0.0
c 326.0 0.0 334.0 0.41409282 0.0 0.0
c 326.0 0.0 334.0 0.41609327 0.0 0.0
c 326.0 0.0 334.0 0.41809372 0.0 0.0
c 326.0 0.0 334.0 0.42009417 0.0 0.0
c 326.0 0.0 334.0 0.42209461 0.0 0.0
c 326.0 0.0 334.0 0.42409506 0.0 0.0
c 326.0 0.0 334.0 0.42609551 0.0 0.0
c 326.0 0.0 334.0 0.42809596 0.0 0.0
c 326.0 0.0 334.0 0.43009641 0.0 0.0
c 326.0 0.0 334.0 0.43209686 0.0 0.0
c 326.0 0.0 334.0 0.4340973 0.0 0.0
c 326.0 0.0 334.0 0.43609775 0.0 0.0
c 326.0 0.0 334.0 0.4380982 0.0 0.0
c 326.0 0.0 334.0 0.44009865 0.0 0.0
c 326.0 0.0 334.0 0.4420991 0.0 0.0
c 326.0 0.0 334.0 0.44409955 0.0 0.0
c 326.0 0.0 334.0 0.44609999 0.0 0.0
c 326.0 0.0 334.0 0.44810044 0.0 0.0
c 326.0 0.0 334.0 0.45010089 0.0 0.0
c 326.0 0.0 334.0 0.45210134 0.0 0.0
c 326.0 0.0 334.0 0.45410179 0.0 0.0
c 326.0 0.0 334.0 0.45610224 0.0 0.0
c 326.0 0.0 334.0 0.45810268 0.0 0.0
c 326.0 0.0 334.0 0.46010313 0.0 0.0
c 326.0 0.0 334.0 0.46210358 0.0 0.0
c 326.0 0.0 334.0 0.46410403 0.0 0.0
c 326.0 0.0 334.0 0.46610448 0.0 0.0
c 326.0 0.0 334.0 0.46810493 0.0 0.0
c 326.0 0.0 334.0 0.47010538 0.0 0.0
c 326.0 0.0 334.0 0.47210582 0.0 0.0
c 326.0 0.0 334.0 0.47410627 0.0 0.0
c 326.0 0.0 334.0 0.47610672 0.0 0.0
c 326.0 0.0 334.0 0.47810717 0.0 0.0
c 326.0 0.0 334.0 0.48010762 0.0 0.0
c 326.0 0.0 334.0 0.48210807 0.0 0.0
c 326.0 0.0 334.0 0.48410851 0.0 0.0
c 326.0 0.0 334.0 0.48610896 0.0 0.0
c 326.0 0.0 334.0 0.48810941 0.0 0.0
c 326.0 0.0 334.0 0.49010986 0.0 0.0
c 326.0 0.0 334.0 0.49211031 0.0 0.0
c 326.0 0.0 334.0 0.49411076 0.0 0.0
c 326.0 0.0 334.0 0.4961112 0.0 0.0
c 326.0 0.0 334.0 0.49811165 0.0 0.0
c 326.0 0.0 334.0 0.5001121 0.0 0.0
c 326.0 0.0 334.0 0.50211255 0.0 0.0
c 326.0 0.0 334.0 0.504113 0.0 0.0
c 326.0 0.0 334.0 0.50611345 0.0 0.0
c 326.0 0.0 334.0 0.50811389 0.0 0.0
c 326.0 0.0 334.0 0.51011434 0.0 0.0
c 326.0 0.0 334.0 0.51211479 0.0 0.0
c 326.0 0.0 334.0 0.51411524 0.0 0.0
c 326.0 0.0 334.0 0.51611569 0.0 0.0
c 326.0 0.0 334.0 0.51811614 0.0 0.0
c 326.0 0.0 334.0 0.52011659 0.0 0.0
c 326.0 0.0 334.0 0.52211703 0.0 0.0
c 326.0 0.0 334.0 0.52411748 0.0 0.0
c 326.0 0.0 334.0 0.52611793 0.0 0.0
c 326.0 0.0 334.0 0.52811838 0.0 0.0
c 326.0 0.0 334.0 0.53011883 0.0 0.0
c 326.0 0.0 334.0 0.53211928 0.0 0.0
c 326.0 0.0 334.0 0.53411972 0.0 0.0
c 326.0 0.0 334.0 0.53612017 0.0 0.0
c 326.0 0.0 334.0 0.53812062 0.0 0.0
c 326.0 0.0 334.0 0.54012107 0.0 0.0
c 326.0 0.0 334.0 0.54212152 0.0 0.0
c 326.0 0.0 334.0 0.54412197 0.0 0.0
c 326.0 0.0 334.0 0.54612241 0.0 0.0
c 326.0 0.0 334.0 0.54812286 0.0 0.0
c 326.0 0.0 334.0 0.55012331 0.0 0.0
c 326.0 0.0 334.0 0.55212376 0.0 0.0
c 326.0 0.0 334.0 0.55412421 0.0 0.0
c 326.0 0.0 334.0 0.55612466 0.0 0.0
c 326.0 0.0 334.0 0.5581251 0.0 0.0
c 326.0 0.0 334.0 0.56012555 0.0 0.0
c 326.0 0.0 334.0 0.562126 0.0 0.0
c 326.0 0.0 334.0 0.56412645 0.0 0.0
c 326.0 0.0 334.0 0.5661269 0.0 0.0
c 326.0 0.0 334.0 0.56812735 0.0 0.0
c 326.0 0.0 334.0 0.5701278 0.0 0.0
c 326.0 0.0 334.0 0.57212824 0.0 0.0
c 326.0 0.0 334.0 0.57412869 0.0 0.0
c 326.0 0.0 334.0 0.57612914 0.0 0.0
c 326.0 0.0 334.0 0.57812959 0.0 0.0
c 326.0 0.0 334.0 0.58013004 0.0 0.0
c 326.0 0.0 334.0 0.58213049 0.0 0.0
c 326.0 0.0 334.0 0.58413093 0.0 0.0
c 326.0 0.0 334.0 0.58613138 0.0 0.0
c 326.0 0.0 334.0 0.58813183 0.0 0.0
c 326.0 0.0 334.0 0.59013228 0.0 0.0
c 326.0 0.0 334.0 0.59213273 0.0 0.0
c 326.0 0.0 334.0 0.59413318 0.0 0.0
c 326.0 0.0 334.0 0.59613362 0.0 0.0
c 326.0 0.0 334.0 0.59813407 0.0 0.0
c 326.0 0.0 334.0 0.60013452 0.0 0.0
c 326.0 0.0 334.0 0.60213497 0.0 0.0
c 326.0 0.0 334.0 0.60413542 0.0 0.0
c 326.0 0.0 334.0 0.60613587 0.0 0.0
c 326.0 0.0 334.0 0.60813632 0.0 0.0
c 326.0 0.0 334.0 0.61013676 0.0 0.0
c 326.0 0.0 334.0 0.61213721 0.0 0.0
c 326.0 0.0 334.0 0.61413766 0.0 0.0
c 326.0 0.0 334.0 0.61613811 0.0 0.0
c 326.0 0.0 334.0 0.61813856 0.0 0.0
c 326.0 0.0 334.0 0.62013901 0.0 0.0
c 326.0 0.0 334.0 0.62213945 0.0 0.0
c 326.0 0.0 334.0 0.6241399 0.0 0.0
c 326.0 0.0 334.0 0.62614035 0.0 0.0
c 326.0 0.0 334.0 0.6281408 0.0 0.0
c 326.0 0.0 334.0 0.63014125 0.0 0.0
c 326.0 0.0 334.0 0.6321417 0.0 0.0
c 326.0 0.0 334.0 0.63414214 0.0 0.0
c 326.0 0.0 334.0 0.63614259 0.0 0.0
c 326.0 0.0 334.0 0.63814304 0.0 0.0
c 326.0 0.0 334.0 0.64014349 0.0 0.0
c 326.0 0.0 334.0 0.64214394 0.0 0.0
c 326.0 0.0 334.0 0.64414439 0.0 0.0
c 326.0 0.0 334.0 0.64614483 0.0 0.0
c 326.0 0.0 334.0 0.64814528 0.0 0.0
c 326.0 0.0 334.0 0.65014573 0.0 0.0
c 326.0 0.0 334.0 0.65214618 0.0 0.0
c 326.0 0.0 334.0 0.65414663 0.0 0.0
c 326.0 0.0 334.0 0.65614708 0.0 0.0
c 326.0 0.0 334.0 0.65814753 0.0 0.0
c 326.0 0.0 334.0 0.66014797 0.0 0.0
c 326.0 0.0 334.0 0.66214842 0.0 0.0
c 326.0 0.0 334.0 0.66414887 0.0 0.0
c 326.0 0.0 334.0 0.66614932 0.0 0.0
c 326.0 0.0 334.0 0.66814977 0.0 0.0
c 326.0 0.0 334.0 0.67015022 0.0 0.0
c 326.0 0.0 334.0 0.67215066 0.0 0.0
c 326.0 0.0 334.0 0.67415111 0.0 0.0
c 326.0 0.0 334.0 0.67615156 0.0 0.0
c 326.0 0.0 334.0 0.67815201 0.0 0.0
c 326.0 0.0 334.0 0.68015246 0.0 0.0
c 326.0 0.0 334.0 0.68215291 0.0 0.0
c 326.0 0.0 334.0 0.68415335 0.0 0.0
c 326.0 0.0 334.0 0.6861538 0.0 0.0
c 326.0 0.0 334.0 0.68815425 0.0 0.0
c 326.0 0.0 334.0 0.6901547 0.0 0.0
c 326.0 0.0 334.0 0.69215515 0.0 0.0
c 326.0 0.0 334.0 0.6941556 0.0 0.0
c 326.0 0.0 334.0 0.69615604 0.0 0.0
c 326.0 0.0 334.0 0.69815649 0.0 0.0
c 326.0 0.0 334.0 0.70015694 0.0 0.0
c 326.0 0.0 334.0 0.70215739 0.0 0.0
c 326.0 0.0 334.0 0.70415784 0.0 0.0
c 326.0 0.0 334.0 0.70615829 0.0 0.0
c 326.0 0.0 334.0 0.70815874 0.0 0.0
c 326.0 0.0 334.0 0.71015918 0.0 0.0
c 326.0 0.0 334.0 0.71215963 0.0 0.0
c 326.0 0.0 334.0 0.71416008 0.0 0.0
c 326.0 0.0 334.0 0.71616053 0.0 0.0
c 326.0 0.0 334.0 0.71816098 0.0 0.0
c 326.0 0.0 334.0 0.72016143 0.0 0.0
c 326.0 0.0 334.0 0.72216187 0.0 0.0
c 326.0 0.0 334.0 0.72416232 0.0 0.0
c 326.0 0.0 334.0 0.72616277 0.0 0.0
c 326.0 0.0 334.0 0.72816322 0.0 0.0
c 326.0 0.0 334.0 0.73016367 0.0 0.0
c 326.0 0.0 334.0 0.73216412 0.0 0.0
c 326.0 0.0 334.0 0.73416456 0.0 0.0
c 326.0 0.0 334.0 0.73616501 0.0 0.0
c 326.0 0.0 334.0 0.73816546 0.0 0.0
c 326.0 0.0 334.0 0.74016591 0.0 0.0
c 326.0 0.0 334.0 0.74216636 0.0 0.0
c 326.0 0.0 334.0 0.74416681 0.0 0.0
c 326.0 0.0 334.0 0.74616726 0.0 0.0
c 326.0 0.0 334.0 0.7481677 0.0 0.0
c 326.0 0.0 334.0 0.75016815 0.0 0.0
c 326.0 0.0 334.0 0.7521686 0.0 0.0
c 326.0 0.0 334.0 0.75416905 0.0 0.0
c 326.0 0.0 334.0 0.7561695 0.0 0.0
c 326.0 0.0 334.0 0.75816995 0.0 0.0
c 326.0 0.0 334.0 0.76017039 0.0 0.0
c 326.0 0.0 334.0 0.76217084 0.0 0.0
c 326.0 0.0 334.0 0.76417129 0.0 0.0
c 326.0 0.0 334.0 0.76617174 0.0 0.0
c 326.0 0.0 334.0 0.76817219 0.0 0.0
c 326.0 0.0 334.0 0.77017264 0.0 0.0
c 326.0 0.0 334.0 0.77217308 0.0 0.0
c 326.0 0.0 334.0 0.77417353 0.0 0.0
c 326.0 0.0 334.0 0.77617398 0.0 0.0
c 326.0 0.0 334.0 0.77817443 0.0 0.0
c 326.0 0.0 334.0 0.78017488 0.0 0.0
c 326.0 0.0 334.0 0.78217533 0.0 0.0
c 326.0 0.0 334.0 0.78417577 0.0 0.0
c 326.0 0.0 334.0 0.78617622 0.0 0.0
c 326.0 0.0 334.0 0.78817667 0.0 0.0
c 326.0 0.0 334.0 0.79017712 0.0 0.0
c 326.0 0.0 334.0 0.79217757 0.0 0.0
c 326.0 0.0 334.0 0.79417802 0.0 0.0
c 326.0 0.0 334.0 0.79617847 0.0 0.0
c 326.0 0.0 334.0 0.79817891 0.0 0.0
c 326.0 0.0 334.0 0.80017936 0.0 0.0
c 326.0 0.0 334.0 0.80217981 0.0 0.0
c 326.0 0.0 334.0 0.80418026 0.0 0.0
c 326.0 0.0 334.0 0.80618071 0.0 0.0
c 326.0 0.0 334.0 0.80818116 0.0 0.0
c 326.0 0.0 334.0 0.8101816 0.0 0.0
c 326.0 0.0 334.0 0.81218205 0.0 0.0
c 326.0 0.0 334.0 0.8141825 0.0 0.0
c 326.0 0.0 334.0 0.81618295 0.0 0.0
c 326.0 0.0 334.0 0.8181834 0.0 0.0
c 326.0 0.0 334.0 0.82018385 0.0 0.0
c 326.0 0.0 334.0 0.82218429 0.0 0.0
c 326.0 0.0 334.0 0.82418474 0.0 0.0
c 326.0 0.0 334.0 0.82618519 0.0 0.0
c 326.0 0.0 334.0 0.82818564 0.0 0.0
c 326.0 0.0 334.0 0.83018609 0.0 0.0
c 326.0 0.0 334.0 0.83218654 0.0 0.0
c 326.0 0.0 334.0 0.83418698 0.0 0.0
c 326.0 0.0 334.0 0.83618743 0.0 0.0
c 326.0 0.0 334.0 0.83818788 0.0 0.0
c 326.0 0.0 334.0 0.84018833 0.0 0.0
c 326.0 0.0 334.0 0.84218878 0.0 0.0
c 326.0 0.0 334.0 0.84418923 0.0 0.0
c 326.0 0.0 334.0 0.84618968 0.0 0.0
c 326.0 0.0 334.0 0.84819012 0.0 0.0
c 326.0 0.0 334.0 0.85019057 0.0 0.0
c 326.0 0.0 334.0 0.85219102 0.0 0.0
c 326.0 0.0 334.0 0.85419147 0.0 0.0
c 326.0 0.0 334.0 0.85619192 0.0 0.0
c 326.0 0.0 334.0 0.85819237 0.0 0.0
c 326.0 0.0 334.0 0.86019281 0.0 0.0
c 326.0 0.0 334.0 0.86219326 0.0 0.0
c 326.0 0.0 334.0 0.86419371 0.0 0.0
c 326.0 0.0 334.0 0.86619416 0.0 0.0
c 326.0 0.0 334.0 0.86819461 0.0 0.0
c 326.0 0.0 334.0 0.87019506 0.0 0.0
c 326.0 0.0 334.0 0.8721955 0.0 0.0
c 326.0 0.0 334.0 0.87419595 0.0 0.0
c 326.0 0.0 334.0 0.8761964 0.0 0.0
c 326.0 0.0 334.0 0.87819685 0.0 0.0
c 326.0 0.0 334.0 0.8801973 0.0 0.0
c 326.0 0.0 334.0 0.88219775 0.0 0.0
c 326.0 0.0 334.0 0.88419819 0.0 0.0
c 326.0 0.0 334.0 0.88619864 0.0 0.0
c 326.0 0.0 334.0 0.88819909 0.0 0.0
c 326.0 0.0 334.0 0.89019954 0.0 0.0
c 326.0 0.0 334.0 0.89219999 0.0 0.0
c 326.0 0.0 334.0 0.89420044 0.0 0.0
c 326.0 0.0 334.0 0.89620089 0.0 0.0
c 326.0 0.0 334.0 0.89820133 0.0 0.0
c 326.0 0.0 334.0 0.90020178 0.0 0.0
c 326.0 0.0 334.0 0.90220223 0.0 0.0
c 326.0 0.0 334.0 0.90420268 0.0 0.0
c 326.0 0.0 334.0 0.90620313 0.0 0.0
c 326.0 0.0 334.0 0.90820358 0.0 0.0
c 326.0 0.0 334.0 0.91020402 0.0 0.0
c 326.0 0.0 334.0 0.91220447 0.0 0.0
c 326.0 0.0 334.0 0.91420492 0.0 0.0
c 326.0 0.0 334.0 0.91620537 0.0 0.0
c 326.0 0.0 334.0 0.91820582 0.0 0.0
c 326.0 0.0 334.0 0.92020627 0.0 0.0
c 326.0 0.0 334.0 0.92220671 0.0 0.0
c 326.0 0.0 334.0 0.92420716 0.0 0.0
c 326.0 0.0 334.0 0.92620761 0.0 0.0
c 326.0 0.0 334.0 0.92820806 0.0 0.0
c 326.0 0.0 334.0 0.93020851 0.0 0.0
c 326.0 0.0 334.0 0.93220896 0.0 0.0
c 326.0 0.0 334.0 0.93420941 0.0 0.0
c 326.0 0.0 334.0 0.93620985 0.0 0.0
c 326.0 0.0 334.0 0.9382103 0.0 0.0
c 326.0 0.0 334.0 0.94021075 0.0 0.0
c 326.0 0.0 334.0 0.9422112 0.0 0.0
c 326.0 0.0 334.0 0.94421165 0.0 0.0
c 326.0 0.0 334.0 0.9462121 0.0 0.0
c 326.0 0.0 334.0 0.94821254 0.0 0.0
c 326.0 0.0 334.0 0.95021299 0.0 0.0
c 326.0 0.0 334.0 0.95221344 0.0 0.0
c 326.0 0.0 334.0 0.95421389 0.0 0.0
c 326.0 0.0 334.0 0.95621434 0.0 0.0
c 326.0 0.0 334.0 0.95821479 0.0 0.0
c 326.0 0.0 334.0 0.96021523 0.0 0.0
c 326.0 0.0 334.0 0.96221568 0.0 0.0
c 326.0 0.0 334.0 0.96421613 0.0 0.0
c 326.0 0.0 334.0 0.96621658 0.0 0.0
c 326.0 0.0 334.0 0.96821703 0.0 0.0
c 326.0 0.0 334.0 0.97021748 0.0 0.0
c 326.0 0.0 334.0 0.97221792 0.0 0.0
c 326.0 0.0 334.0 0.97421837 0.0 0.0
c 326.0 0.0 334.0 0.97621882 0.0 0.0
c 326.0 0.0 334.0 0.97821927 0.0 0.0
c 326.0 0.0 334.0 0.98021972 0.0 0.0
c 326.0 0.0 334.0 0.98222017 0.0 0.0
c 326.0 0.0 334.0 0.98422062 0.0 0.0
c 326.0 0.0 334.0 0.98622106 0.0 0.0
c 326.0 0.0 334.0 0.98822151 0.0 0.0
c 326.0 0.0 334.0 0.99022196 0.0 0.0
c 326.0 0.0 334.0 0.99222241 0.0 0.0
c 326.0 0.0 334.0 0.99422286 0.0 0.0
c 326.0 0.0 334.0 0.99622331 0.0 0.0
c 326.0 0.0 334.0 0.99822375 0.0 0.0
c 326.0 0.0 334.0 1.0002242 0.0 0.0
c 326.0 0.0 334.0 1.00222465 0.0 0.0
c 326.0 0.0 334.0 1.0042251 0.0 0.0
c 326.0 0.0 334.0 1.00622555 0.0 0.0
c 326.0 0.0 334.0 1.008226 0.0 0.0
c 326.0 0.0 334.0 1.01022644 0.0 0.0
c 326.0 0.0 334.0 1.01222689 0.0 0.0
c 326.0 0.0 334.0 1.01422734 0.0 0.0
c 326.0 0.0 334.0 1.01622779 0.0 0.0
c 326.0 0.0 334.0 1.01822824 0.0 0.0
c 326.0 0.0 334.0 1.02022869 0.0 0.0
c 326.0 0.0 334.0 1.02222913 0.0 0.0
c 326.0 0.0 334.0 1.02422958 0.0 0.0
c 326.0 0.0 334.0 1.02623003 0.0 0.0
c 326.0 0.0 334.0 1.02823048 0.0 0.0
c 326.0 0.0 334.0 1.03023093 0.0 0.0
c 326.0 0.0 334.0 1.03223138 0.0 0.0
c 326.0 0.0 334.0 1.03423183 0.0 0.0
c 326.0 0.0 334.0 1.03623227 0.0 0.0
c 326.0 0.0 334.0 1.03823272 0.0 0.0
c 326.0 0.0 334.0 1.04023317 0.0 0.0
c 326.0 0.0 334.0 1.04223362 0.0 0.0
c 326.0 0.0 334.0 1.04423407 0.0 0.0
c 326.0 0.0 334.0 1.04623452 0.0 0.0
c 326.0 0.0 334.0 1.04823496 0.0 0.0
c 326.0 0.0 334.0 1.05023541 0.0 0.0
c 326.0 0.0 334.0 1.05223586 0.0 0.0
c 326.0 0.0 334.0 1.05423631 0.0 0.0
c 326.0 0.0 334.0 1.05623676 0.0 0.0
c 326.0 0.0 334.0 1.05823721 0.0 0.0
c 326.0 0.0 334.0 1.06023765 0.0 0.0
c 326.0 0.0 334.0 1.0622381 0.0 0.0
c 326.0 0.0 334.0 1.06423855 0.0 0.0
c 326.0 0.0 334.0 1.066239 0.0 0.0
c 326.0 0.0 334.0 1.06823945 0.0 0.0
c 326.0 0.0 334.0 1.0702399 0.0 0.0
c 326.0 0.0 334.0 1.07224035 0.0 0.0
c 326.0 0.0 334.0 1.07424079 0.0 0.0
c 326.0 0.0 334.0 1.07624124 0.0 0.0
c 326.0 0.0 334.0 1.07824169 0.0 0.0
c 326.0 0.0 334.0 1.08024214 0.0 0.0
c 326.0 0.0 334.0 1.08224259 0.0 0.0
c 326.0 0.0 334.0 1.08424304 0.0 0.0
c 326.0 0.0 334.0 1.08624348 0.0 0.0
c 326.0 0.0 334.0 1.08824393 0.0 0.0
c 326.0 0.0 334.0 1.09024438 0.0 0.0
c 326.0 0.0 334.0 1.09224483 0.0 0.0
c 326.0 0.0 334.0 1.09424528 0.0 0.0
c 326.0 0.0 334.0 1.09624573 0.0 0.0
c 326.0 0.0 334.0 1.09824617 0.0 0.0
c 326.0 0.0 334.0 1.10024662 0.0 0.0
c 326.0 0.0 334.0 1.10224707 0.0 0.0
c 326.0 0.0 334.0 1.10424752 0.0 0.0
c 326.0 0.0 334.0 1.10624797 0.0 0.0
c 326.0 0.0 334.0 1.10824842 0.0 0.0
c 326.0 0.0 334.0 1.11024886 0.0 0.0
c 326.0 0.0 334.0 1.11224931 0.0 0.0
c 326.0 0.0 334.0 1.11424976 0.0 0.0
c 326.0 0.0 334.0 1.11625021 0.0 0.0
c 326.0 0.0 334.0 1.11825066 0.0 0.0
c 326.0 0.0 334.0 1.12025111 0.0 0.0
c 326.0 0.0 334.0 1.12225156 0.0 0.0
c 326.0 0.0 334.0 1.124252 0.0 0.0
c 326.0 0.0 334.0 1.12625245 0.0 0.0
c 326.0 0.0 334.0 1.1282529 0.0 0.0
c 326.0 0.0 334.0 1.13025335 0.0 0.0
c 326.0 0.0 334.0 1.1322538 0.0 0.0
c 326.0 0.0 334.0 1.13425425 0.0 0.0
c 326.0 0.0 334.0 1.13625469 0.0 0.0
c 326.0 0.0 334.0 1.13825514 0.0 0.0
c 326.0 0.0 334.0 1.14025559 0.0 0.0
c 326.0 0.0 334.0 1.14225604 0.0 0.0
c 326.0 0.0 334.0 1.14425649 0.0 0.0
c 326.0 0.0 334.0 1.14625694 0.0 0.0
c 326.0 0.0 334.0 1.14825738 0.0 0.0
c 326.0 0.0 334.0 1.15025783 0.0 0.0
c 326.0 0.0 334.0 1.15225828 0.0 0.0
c 326.0 0.0 334.0 1.15425873 0.0 0.0
c 326.0 0.0 334.0 1.15625918 0.0 0.0
c 326.0 0.0 334.0 1.15825963 0.0 0.0
c 326.0 0.0 334.0 1.16026007 0.0 0.0
c 326.0 0.0 334.0 1.16226052 0.0 0.0
c 326.0 0.0 334.0 1.16426097 0.0 0.0
c 326.0 0.0 334.0 1.16626142 0.0 0.0
c 326.0 0.0 334.0 1.16826187 0.0 0.0
c 326.0 0.0 334.0 1.17026232 0.0 0.0
c 326.0 0.0 334.0 1.17226277 0.0 0.0
c 326.0 0.0 334.0 1.17426321 0.0 0.0
c 326.0 0.0 334.0 1.17626366 0.0 0.0
c 326.0 0.0 334.0 1.17826411 0.0 0.0
c 326.0 0.0 334.0 1.18026456 0.0 0.0
c 326.0 0.0 334.0 1.18226501 0.0 0.0
c 326.0 0.0 334.0 1.18426546 0.0 0.0
c 326.0 0.0 334.0 1.1862659 0.0 0.0
c 326.0 0.0 334.0 1.18826635 0.0 0.0
c 326.0 0.0 334.0 1.1902668 0.0 0.0
c 326.0 0.0 334.0 1.19226725 0.0 0.0
c 326.0 0.0 334.0 1.1942677 0.0 0.0
c 326.0 0.0 334.0 1.19626815 0.0 0.0
c 326.0 0.0 334.0 1.19826859 0.0 0.0
c 326.0 0.0 334.0 1.20026904 0.0 0.0
c 326.0 0.0 334.0 1.20226949 0.0 0.0
c 326.0 0.0 334.0 1.20426994 0.0 0.0
c 326.0 0.0 334.0 1.20627039 0.0 0.0
c 326.0 0.0 334.0 1.20827084 0.0 0.0
c 326.0 0.0 334.0 1.21027128 0.0 0.0
c 326.0 0.0 334.0 1.21227173 0.0 0.0
c 326.0 0.0 334.0 1.21427218 0.0 0.0
c 326.0 0.0 334.0 1.21627263 0.0 0.0
c 326.0 0.0 334.0 1.21827308 0.0 0.0
c 326.0 0.0 334.0 1.22027353 0.0 0.0
c 326.0 0.0 334.0 1.22227398 0.0 0.0
c 326.0 0.0 334.0 1.22427442 0.0 0.0
c 326.0 0.0 334.0 1.22627487 0.0 0.0
c 326.0 0.0 334.0 1.22827532 0.0 0.0
c 326.0 0.0 334.0 1.23027577 0.0 0.0
c 326.0 0.0 334.0 1.23227622 0.0 0.0
c 326.0 0.0 334.0 1.23427667 0.0 0.0
c 326.0 0.0 334.0 1.23627711 0.0 0.0
c 326.0 0.0 334.0 1.23827756 0.0 0.0
c 326.0 0.0 334.0 1.24027801 0.0 0.0
c 326.0 0.0 334.0 1.24227846 0.0 0.0
c 326.0 0.0 334.0 1.24427891 0.0 0.0
c 326.0 0.0 334.0 1.24627936 0.0 0.0
c 326.0 0.0 334.0 1.2482798 0.0 0.0
c 326.0 0.0 334.0 1.25028025 0.0 0.0
c 326.0 0.0 334.0 1.2522807 0.0 0.0
c 326.0 0.0 334.0 1.25428115 0.0 0.0
c 326.0 0.0 334.0 1.2562816 0.0 0.0
c 326.0 0.0 334.0 1.25828205 0.0 0.0
c 326.0 0.0 334.0 1.2602825 0.0 0.0
c 326.0 0.0 334.0 1.26228294 0.0 0.0
c 326.0 0.0 334.0 1.26428339 0.0 0.0
c 326.0 0.0 334.0 1.26628384 0.0 0.0
c 326.0 0.0 334.0 1.26828429 0.0 0.0
c 326.0 0.0 334.0 1.27028474 0.0 0.0
c 326.0 0.0 334.0 1.27228519 0.0 0.0
c 326.0 0.0 334.0 1.27428563 0.0 0.0
c 326.0 0.0 334.0 1.27628608 0.0 0.0
c 326.0 0.0 334.0 1.27828653 0.0 0.0
c 326.0 0.0 334.0 1.28028698 0.0 0.0
c 326.0 0.0 334.0 1.28228743 0.0 0.0
c 326.0 0.0 334.0 1.28428788 0.0 0.0
c 326.0 0.0 334.0 1.28628832 0.0 0.0
c 326.0 0.0 334.0 1.28828877 0.0 0.0
c 326.0 0.0 334.0 1.29028922 0.0 0.0
c 326.0 0.0 334.0 1.29228967 0.0 0.0
c 326.0 0.0 334.0 1.29429012 0.0 0.0
c 326.0 0.0 334.0 1.29629057 0.0 0.0
c 326.0 0.0 334.0 1.29829101 0.0 0.0
c 326.0 0.0 334.0 1.30029146 0.0 0.0
c 326.0 0.0 334.0 1.30229191 0.0 0.0
c 326.0 0.0 334.0 1.30429236 0.0 0.0
c 326.0 0.0 334.0 1.30629281 0.0 0.0
c 326.0 0.0 334.0 1.30829326 0.0 0.0
c 326.0 0.0 334.0 1.31029371 0.0 0.0
c 326.0 0.0 334.0 1.31229415 0.0 0.0
c 326.0 0.0 334.0 1.3142946 0.0 0.0
c 326.0 0.0 334.0 1.31629505 0.0 0.0
c 326.0 0.0 334.0 1.3182955 0.0 0.0
c 326.0 0.0 334.0 1.32029595 0.0 0.0
c 326.0 0.0 334.0 1.3222964 0.0 0.0
c 326.0 0.0 334.0 1.32429684 0.0 0.0
c 326.0 0.0 334.0 1.32629729 0.0 0.0
c 326.0 0.0 334.0 1.32829774 0.0 0.0
c 326.0 0.0 334.0 1.33029819 0.0 0.0
c 326.0 0.0 334.0 1.33229864 0.0 0.0
c 326.0 0.0 334.0 1.33429909 0.0 0.0
c 326.0 0.0 334.0 1.33629953 0.0 0.0
c 326.0 0.0 334.0 1.33829998 0.0 0.0
c 326.0 0.0 334.0 1.34030043 0.0 0.0
c 326.0 0.0 334.0 1.34230088 0.0 0.0
c 326.0 0.0 334.0 1.34430133 0.0 0.0
c 326.0 0.0 334.0 1.34630178 0.0 0.0
c 326.0 0.0 334.0 1.34830222 0.0 0.0
c 326.0 0.0 334.0 1.35030267 0.0 0.0
c 326.0 0.0 334.0 1.35230312 0.0 0.0
c 326.0 0.0 334.0 1.35430357 0.0 0.0
c 326.0 0.0 334.0 1.35630402 0.0 0.0
c 326.0 0.0 334.0 1.35830447 0.0 0.0
c 326.0 0.0 334.0 1.36030492 0.0 0.0
c 326.0 0.0 334.0 1.36230536 0.0 0.0
c 326.0 0.0 334.0 1.36430581 0.0 0.0
c 326.0 0.0 334.0 1.36630626 0.0 0.0
c 326.0 0.0 334.0 1.36830671 0.0 0.0
c 326.0 0.0 334.0 1.37030716 0.0 0.0
c 326.0 0.0 334.0 1.37230761 0.0 0.0
c 326.0 0.0 334.0 1.37430805 0.0 0.0
c 326.0 0.0 334.0 1.3763085 0.0 0.0
c 326.0 0.0 334.0 1.37830895 0.0 0.0
c 326.0 0.0 334.0 1.3803094 0.0 0.0
c 326.0 0.0 334.0 1.38230985 0.0 0.0
c 326.0 0.0 334.0 1.3843103 0.0 0.0
c 326.0 0.0 334.0 1.38631074 0.0 0.0
c 326.0 0.0 334.0 1.38831119 0.0 0.0
c 326.0 0.0 334.0 1.39031164 0.0 0.0
c 326.0 0.0 334.0 1.39231209 0.0 0.0
c 326.0 0.0 334.0 1.39431254 0.0 0.0
c 326.0 0.0 334.0 1.39631299 0.0 0.0
c 326.0 0.0 334.0 1.39831344 0.0 0.0
c 326.0 0.0 334.0 1.40031388 0.0 0.0
c 326.0 0.0 334.0 1.40231433 0.0 0.0
c 326.0 0.0 334.0 1.40431478 0.0 0.0
c 326.0 0.0 334.0 1.40631523 0.0 0.0
c 326.0 0.0 334.0 1.40831568 0.0 0.0
c 326.0 0.0 334.0 1.41031613 0.0 0.0
c 326.0 0.0 334.0 1.41231657 0.0 0.0
c 326.0 0.0 334.0 1.41431702 0.0 0.0
c 326.0 0.0 334.0 1.41631747 0.0 0.0
c 326.0 0.0 334.0 1.41831792 0.0 0.0
c 326.0 0.0 334.0 1.42031837 0.0 0.0
c 326.0 0.0 334.0 1.42231882 0.0 0.0
c 326.0 0.0 334.0 1.42431926 0.0 0.0
c 326.0 0.0 334.0 1.42631971 0.0 0.0
c 326.0 0.0 334.0 1.42832016 0.0 0.0
c 326.0 0.0 334.0 1.43032061 0.0 0.0
c 326.0 0.0 334.0 1.43232106 0.0 0.0
c 326.0 0.0 334.0 1.43432151 0.0 0.0
c 326.0 0.0 334.0 1.43632195 0.0 0.0
c 326.0 0.0 334.0 1.4383224 0.0 0.0
c 326.0 0.0 334.0 1.44032285 0.0 0.0
c 326.0 0.0 334.0 1.4423233 0.0 0.0
c 326.0 0.0 334.0 1.44432375 0.0 0.0
c 326.0 0.0 334.0 1.4463242 0.0 0.0
c 326.0 0.0 334.0 1.44832465 0.0 0.0
c 326.0 0.0 334.0 1.45032509 0.0 0.0
c 326.0 0.0 334.0 1.45232554 0.0 0.0
c 326.0 0.0 334.0 1.45432599 0.0 0.0
c 326.0 0.0 334.0 1.45632644 0.0 0.0
c 326.0 0.0 334.0 1.45832689 0.0 0.0
c 326.0 0.0 334.0 1.46032734 0.0 0.0
c 326.0 0.0 334.0 1.46232778 0.0 0.0
c 326.0 0.0 334.0 1.46432823 0.0 0.0
c 326.0 0.0 334.0 1.46632868 0.0 0.0
c 326.0 0.0 334.0 1.46832913 0.0 0.0
c 326.0 0.0 334.0 1.47032958 0.0 0.0
c 326.0 0.0 334.0 1.47233003 0.0 0.0
c 326.0 0.0 334.0 1.47433047 0.0 0.0
c 326.0 0.0 334.0 1.47633092 0.0 0.0
c 326.0 0.0 334.0 1.47833137 0.0 0.0
c 326.0 0.0 334.0 1.48033182 0.0 0.0
c 326.0 0.0 334.0 1.48233227 0.0 0.0
c 326.0 0.0 334.0 1.48433272 0.0 0.0
c 326.0 0.0 334.0 1.48633316 0.0 0.0
c 326.0 0.0 334.0 1.48833361 0.0 0.0
c 326.0 0.0 334.0 1.49033406 0.0 0.0
c 326.0 0.0 334.0 1.49233451 0.0 0.0
c 326.0 0.0 334.0 1.49433496 0.0 0.0
c 326.0 0.0 334.0 1.49633541 0.0 0.0
c 326.0 0.0 334.0 1.49833586 0.0 0.0
c 326.0 0.0 334.0 1.5003363 0.0 0.0
c 326.0 0.0 334.0 1.50233675 0.0 0.0
c 326.0 0.0 334.0 1.5043372 0.0 0.0
c 326.0 0.0 334.0 1.50633765 0.0 0.0
c 326.0 0.0 334.0 1.5083381 0.0 0.0
c 326.0 0.0 334.0 1.51033855 0.0 0.0
c 326.0 0.0 334.0 1.51233899 0.0 0.0
c 326.0 0.0 334.0 1.51433944 0.0 0.0
c 326.0 0.0 334.0 1.51633989 0.0 0.0
c 326.0 0.0 334.0 1.51834034 0.0 0.0
c 326.0 0.0 334.0 1.52034079 0.0 0.0
c 326.0 0.0 334.0 1.52234124 0.0 0.0
c 326.0 0.0 334.0 1.52434168 0.0 0.0
c 326.0 0.0 334.0 1.52634213 0.0 0.0
c 326.0 0.0 334.0 1.52834258 0.0 0.0
c 326.0 0.0 334.0 1.53034303 0.0 0.0
c 326.0 0.0 334.0 1.53234348 0.0 0.0
c 326.0 0.0 334.0 1.53434393 0.0 0.0
c 326.0 0.0 334.0 1.53634437 0.0 0.0
c 326.0 0.0 334.0 1.53834482 0.0 0.0
c 326.0 0.0 334.0 1.54034527 0.0 0.0
c 326.0 0.0 334.0 1.54234572 0.0 0.0
c 326.0 0.0 334.0 1.54434617 0.0 0.0
c 326.0 0.0 334.0 1.54634662 0.0 0.0
c 326.0 0.0 334.0 1.54834707 0.0 0.0
c 326.0 0.0 334.0 1.55034751 0.0 0.0
c 326.0 0.0 334.0 1.55234796 0.0 0.0
c 326.0 0.0 334.0 1.55434841 0.0 0.0
c 326.0 0.0 334.0 1.55634886 0.0 0.0
c 326.0 0.0 334.0 1.55834931 0.0 0.0
c 326.0 0.0 334.0 1.56034976 0.0 0.0
c 326.0 0.0 334.0 1.5623502 0.0 0.0
c 326.0 0.0 334.0 1.56435065 0.0 0.0
c 326.0 0.0 334.0 1.5663511 0.0 0.0
c 326.0 0.0 334.0 1.56835155 0.0 0.0
c 326.0 0.0 334.0 1.570352 0.0 0.0
c 326.0 0.0 334.0 1.57235245 0.0 0.0
c 326.0 0.0 334.0 1.57435289 0.0 0.0
c 326.0 0.0 334.0 1.57635334 0.0 0.0
c 326.0 0.0 334.0 1.57835379 0.0 0.0
c 326.0 0.0 334.0 1.58035424 0.0 0.0
c 326.0 0.0 334.0 1.58235469 0.0 0.0
c 326.0 0.0 334.0 1.58435514 0.0 0.0
c 326.0 0.0 334.0 1.58635559 0.0 0.0
c 326.0 0.0 334.0 1.58835603 0.0 0.0
c 326.0 0.0 334.0 1.59035648 0.0 0.0
c 326.0 0.0 334.0 1.59235693 0.0 0.0
c 326.0 0.0 334.0 1.59435738 0.0 0.0
c 326.0 0.0 334.0 1.59635783 0.0 0.0
c 326.0 0.0 334.0 1.59835828 0.0 0.0
c 326.0 0.0 334.0 1.60035872 0.0 0.0
c 326.0 0.0 334.0 1.60235917 0.0 0.0
c 326.0 0.0 334.0 1.60435962 0.0 0.0
c 326.0 0.0 334.0 1.60636007 0.0 0.0
c 326.0 0.0 334.0 1.60836052 0.0 0.0
c 326.0 0.0 334.0 1.61036097 0.0 0.0
c 326.0 0.0 334.0 1.61236141 0.0 0.0
c 326.0 0.0 334.0 1.61436186 0.0 0.0
c 326.0 0.0 334.0 1.61636231 0.0 0.0
c 326.0 0.0 334.0 1.61836276 0.0 0.0
c 326.0 0.0 334.0 1.62036321 0.0 0.0
c 326.0 0.0 334.0 1.62236366 0.0 0.0
c 326.0 0.0 334.0 1.6243641 0.0 0.0
c 326.0 0.0 334.0 1.62636455 0.0 0.0
c 326.0 0.0 334.0 1.628365 0.0 0.0
c 326.0 0.0 334.0 1.63036545 0.0 0.0
