c 311.54148 -67.27827 69.39891 -0.00386248 1.40324533 0.0969368
t 134
c 311.5392 -67.27855 65.14107 -0.00382573 1.40325336 0.09692252
t 134
c 311.53691 -67.27884 60.88324 -0.00378897 1.40326139 0.09690824
t 134
c 311.53462 -67.27912 56.62541 -0.00375222 1.40326942 0.09689396
t 134
c 311.53234 -67.27941 52.36757 -0.00371546 1.40327745 0.09687968
t 134
c 311.53005 -67.27969 48.10974 -0.0036787 1.40328548 0.09686541
t 134
c 311.52777 -67.27998 43.8519 -0.00364195 1.40329351 0.09685113
t 134
c 311.52548 -67.28026 39.59407 -0.00360519 1.40330154 0.09683685
t 134
c 311.5232 -67.28054 35.33624 -0.00356844 1.40330957 0.09682257
t 134
c 311.52091 -67.28083 31.0784 -0.00353168 1.4033176 0.09680829
t 134
c 311.51862 -67.28111 26.82057 -0.00349493 1.40332563 0.09679401
t 134
c 311.51634 -67.2814 22.56274 -0.00345817 1.40333366 0.09677973
t 134
c 311.51634 -67.2814 22.56274 -0.00345817 1.40333366 0.09677973
t 134
c 311.51634 -67.2814 22.56274 -0.00345817 1.40333366 0.09677973
t 133
c 311.51634 -67.2814 22.56274 -0.00345817 1.40333366 0.09677973
t 132
c 311.51634 -67.2814 22.56274 -0.00345817 1.40333366 0.09677973
t 131
c 311.51634 -67.2814 22.56274 -0.00345817 1.40333366 0.09677973
t 130
c 311.51634 -67.2814 22.56274 -0.00345817 1.40333366 0.09677973
t 129
c 311.51634 -67.2814 22.56274 -0.00345817 1.40333366 0.09677973
t 128
c 311.51634 -67.2814 22.56274 -0.00345817 1.40333366 0.09677973
t 127
c 311.51634 -67.2814 22.56274 -0.00345817 1.40333366 0.09677973
t 126
c 311.51634 -67.2814 22.56274 -0.00345817 1.40333366 0.09677973
t 125
c 311.51634 -67.2814 22.56274 -0.00345817 1.40333366 0.09677973
t 124
c 311.51634 -67.2814 22.56274 -0.00345817 1.40333366 0.09677973
t 123
c 311.51634 -67.2814 22.56274 -0.00345817 1.40333366 0.09677973
t 122
c 311.51634 -67.2814 22.56274 -0.00345817 1.40333366 0.09677973
t 121
c 311.51634 -67.2814 22.56274 -0.00345817 1.40333366 0.09677973
t 120
c 311.51634 -67.2814 22.56274 -0.00345817 1.40333366 0.09677973
t 119
c 311.51634 -67.2814 22.56274 -0.00345817 1.40333366 0.09677973
t 118
c 311.51634 -67.2814 22.56274 -0.00345817 1.40333366 0.09677973
t 117
c 311.51634 -67.2814 22.56274 -0.00345817 1.40333366 0.09677973
t 116
c 311.51634 -67.2814 22.56274 -0.00345817 1.40333366 0.09677973
t 115
c 311.51634 -67.2814 22.56274 -0.00345817 1.40333366 0.09677973
t 114
c 311.51634 -67.2814 22.56274 -0.00345817 1.40333366 0.09677973
t 113
c 311.51634 -67.2814 22.56274 -0.00345817 1.40333366 0.09677973
t 112
c 311.51634 -67.2814 22.56274 -0.00345817 1.40333366 0.09677973
t 111
c 311.51634 -67.2814 22.56274 -0.00345817 1.40333366 0.09677973
t 109
c 311.51634 -67.2814 22.56274 -0.00345817 1.40333366 0.09677973
t 109
c 311.51634 -67.2814 22.56274 -0.00345817 1.40333366 0.09677973
t 108
c 311.51634 -67.2814 22.56274 -0.00345817 1.40333366 0.09677973
t 107
c 311.51634 -67.2814 22.56274 -0.00345817 1.40333366 0.09677973
t 106
c 311.51634 -67.2814 22.56274 -0.00345817 1.40333366 0.09677973
t 105
c 311.51634 -67.2814 22.56274 -0.00345817 1.40333366 0.09677973
t 104
c 311.51634 -67.2814 22.56274 -0.00345817 1.40333366 0.09677973
t 103
c 311.51634 -67.2814 22.56274 -0.00345817 1.40333366 0.09677973
t 101
c 311.51634 -67.2814 22.56274 -0.00345817 1.40333366 0.09677973
t 101
c 311.51634 -67.2814 22.56274 -0.00345817 1.40333366 0.09677973
t 100
c 311.51634 -67.2814 22.56274 -0.00345817 1.40333366 0.09677973
t 99
c 311.51634 -67.2814 22.56274 -0.00345817 1.40333366 0.09677973
t 98
c 311.51634 -67.2814 22.56274 -0.00345817 1.40333366 0.09677973
t 97
c 311.51634 -67.2814 22.56274 -0.00345817 1.40333366 0.09677973
t 96
c 311.51634 -67.2814 22.56274 -0.00345817 1.40333366 0.09677973
t 95
c 311.51634 -67.2814 22.56274 -0.00345817 1.40333366 0.09677973
t 94
c 311.51634 -67.2814 22.56274 -0.00345817 1.40333366 0.09677973
t 93
c 311.51634 -67.2814 22.56274 -0.00345817 1.40333366 0.09677973
t 92
c 311.51634 -67.2814 22.56274 -0.00345817 1.40333366 0.09677973
t 91
c 311.51634 -67.2814 22.56274 -0.00345817 1.40333366 0.09677973
t 90
c 311.51634 -67.2814 22.56274 -0.00345817 1.40333366 0.09677973
t 89
c 311.51634 -67.2814 22.56274 -0.00345817 1.40333366 0.09677973
t 88
c 311.51634 -67.2814 22.56274 -0.00345817 1.40333366 0.09677973
t 87
c 311.51634 -67.2814 22.56274 -0.00345817 1.40333366 0.09677973
t 86
c 311.51634 -67.2814 22.56274 -0.00345817 1.40333366 0.09677973
t 85
c 311.51634 -67.2814 22.56274 -0.00345817 1.40333366 0.09677973
t 84
c 311.51634 -67.2814 22.56274 -0.00345817 1.40333366 0.09677973
t 83
c 311.51634 -67.2814 22.56274 -0.00345817 1.40333366 0.09677973
t 82
c 311.51634 -67.2814 22.56274 -0.00345817 1.40333366 0.09677973
t 81
c 311.51634 -67.2814 22.56274 -0.00345817 1.40333366 0.09677973
t 80
c 311.51634 -67.2814 22.56274 -0.00345817 1.40333366 0.09677973
t 79
c 311.51634 -67.2814 22.56274 -0.00345817 1.40333366 0.09677973
t 78
c 311.51634 -67.2814 22.56274 -0.00345817 1.40333366 0.09677973
t 77
c 311.51634 -67.2814 22.56274 -0.00345817 1.40333366 0.09677973
t 76
c 311.51634 -67.2814 22.56274 -0.00345817 1.40333366 0.09677973
t 75
c 311.51634 -67.2814 22.56274 -0.00345817 1.40333366 0.09677973
t 74
c 311.51634 -67.2814 22.56274 -0.00345817 1.40333366 0.09677973
t 73
c 311.51634 -67.2814 22.56274 -0.00345817 1.40333366 0.09677973
t 72
c 311.51634 -67.2814 22.56274 -0.00345817 1.40333366 0.09677973
t 71
c 311.51634 -67.2814 22.56274 -0.00345817 1.40333366 0.09677973
t 70
c 311.51634 -67.2814 22.56274 -0.00345817 1.40333366 0.09677973
t 69
c 311.51634 -67.2814 22.56274 -0.00345817 1.40333366 0.09677973
t 68
c 311.51634 -67.2814 22.56274 -0.00345817 1.40333366 0.09677973
t 67
c 311.51634 -67.2814 22.56274 -0.00345817 1.40333366 0.09677973
t 66
c 311.51634 -67.2814 22.56274 -0.00345817 1.40333366 0.09677973
t 66
c 311.521 -67.28039 26.59015 -0.00343129 1.40331281 0.09681509
t 66
c 311.52566 -67.27938 30.61756 -0.0034044 1.40329196 0.09685045
t 66
c 311.53032 -67.27838 34.64498 -0.00337751 1.40327111 0.09688581
t 66
c 311.53498 -67.27737 38.67239 -0.00335063 1.40325026 0.09692117
t 66
c 311.53964 -67.27636 42.69981 -0.00332374 1.40322942 0.09695653
t 66
c 311.5443 -67.27535 46.72722 -0.00329685 1.40320857 0.09699189
t 66
c 311.54896 -67.27434 50.75464 -0.00326997 1.40318772 0.09702725
t 66
c 311.55362 -67.27334 54.78205 -0.00324308 1.40316687 0.09706261
t 66
c 311.55828 -67.27233 58.80947 -0.00321619 1.40314602 0.09709797
t 66
c 311.56295 -67.27132 62.83688 -0.00318931 1.40312517 0.09713333
t 66
c 311.56761 -67.27031 66.8643 -0.00316242 1.40310432 0.09716869
t 66
c 311.57227 -67.26931 70.89171 -0.00313553 1.40308348 0.09720406
t 66
c 311.57693 -67.2683 74.91913 -0.00310865 1.40306263 0.09723942
t 66
c 311.57693 -67.2683 74.91913 -0.00310865 1.40306263 0.09723942
t 66
c 311.57433 -63.18127 74.91866 -0.00309673 1.40307438 0.09725016
t 66
c 311.57174 -59.09425 74.91819 -0.0030848 1.40308613 0.09726091
t 66
c 311.56914 -55.00722 74.91772 -0.00307288 1.40309789 0.09727165
t 66
c 311.56655 -50.9202 74.91726 -0.00306096 1.40310964 0.0972824
t 66
c 311.56395 -46.83318 74.91679 -0.00304904 1.4031214 0.09729314
t 66
c 311.56136 -42.74615 74.91632 -0.00303712 1.40313315 0.09730389
t 66
c 311.55876 -38.65913 74.91585 -0.0030252 1.4031449 0.09731463
t 66
c 311.55617 -34.5721 74.91538 -0.00301328 1.40315666 0.09732538
t 66
c 311.55357 -30.48508 74.91491 -0.00300136 1.40316841 0.09733612
t 66
c 311.55097 -26.39805 74.91445 -0.00298944 1.40318017 0.09734687
t 66
c 311.54838 -22.31103 74.91398 -0.00297752 1.40319192 0.09735761
t 66
c 311.54578 -18.224 74.91351 -0.0029656 1.40320367 0.09736836
t 66
c 311.54319 -14.13698 74.91304 -0.00295368 1.40321543 0.0973791
t 66
c 311.54059 -10.04996 74.91257 -0.00294176 1.40322718 0.09738985
t 66
c 311.538 -5.96293 74.91211 -0.00292984 1.40323894 0.09740059
t 66
c 311.5354 -1.87591 74.91164 -0.00291792 1.40325069 0.09741134
t 66
c 311.53281 2.21112 74.91117 -0.002906 1.40326244 0.09742208
t 66
c 311.53021 6.29814 74.9107 -0.00289408 1.4032742 0.09743283
t 66
c 311.52762 10.38517 74.91023 -0.00288215 1.40328595 0.09744357
t 66
c 311.52502 14.47219 74.90977 -0.00287023 1.40329771 0.09745432
t 66
c 311.52243 18.55922 74.9093 -0.00285831 1.40330946 0.09746506
t 66
c 311.51983 22.64624 74.90883 -0.00284639 1.40332121 0.09747581
t 66
c 311.51724 26.73326 74.90836 -0.00283447 1.40333297 0.09748655
t 66
c 311.51464 30.82029 74.90789 -0.00282255 1.40334472 0.0974973
t 66
c 311.51205 34.90731 74.90743 -0.00281063 1.40335647 0.09750804
t 66
c 311.50945 38.99434 74.90696 -0.00279871 1.40336823 0.09751879
t 66
c 311.50686 43.08136 74.90649 -0.00278679 1.40337998 0.09752953
t 66
c 311.50426 47.16839 74.90602 -0.00277487 1.40339174 0.09754028
t 66
c 311.50167 51.25541 74.90555 -0.00276295 1.40340349 0.09755103
t 66
c 311.49907 55.34243 74.90508 -0.00275103 1.40341524 0.09756177
t 66
c 311.49648 59.42946 74.90462 -0.00273911 1.403427 0.09757252
t 66
c 311.49388 63.51648 74.90415 -0.00272719 1.40343875 0.09758326
t 66
c 311.49129 67.60351 74.90368 -0.00271527 1.40345051 0.09759401
t 66
c 311.48869 71.69053 74.90321 -0.00270335 1.40346226 0.09760475
t 66
c 311.4861 75.77756 74.90274 -0.00269143 1.40347401 0.0976155
t 66
c 311.4835 79.86458 74.90228 -0.00267951 1.40348577 0.09762624
t 66
c 311.4809 83.95161 74.90181 -0.00266758 1.40349752 0.09763699
t 66
c 311.47831 88.03863 74.90134 -0.00265566 1.40350928 0.09764773
t 66
c 311.47571 92.12565 74.90087 -0.00264374 1.40352103 0.09765848
t 66
c 311.47312 96.21268 74.9004 -0.00263182 1.40353278 0.09766922
t 66
c 311.47052 100.2997 74.89994 -0.0026199 1.40354454 0.09767997
t 66
c 311.46793 104.38673 74.89947 -0.00260798 1.40355629 0.09769071
t 66
c 311.46533 108.47375 74.899 -0.00259606 1.40356804 0.09770146
t 66
c 311.46274 112.56078 74.89853 -0.00258414 1.4035798 0.0977122
t 66
c 311.46274 112.56078 74.89853 -0.00258414 1.4035798 0.0977122
t 66
c 311.46762 112.56377 70.77555 -0.00252494 1.40356006 0.0977827
t 66
c 311.4725 112.56677 66.65257 -0.00246574 1.40354032 0.09785319
t 66
c 311.47738 112.56976 62.52959 -0.00240654 1.40352057 0.09792369
t 66
c 311.48226 112.57276 58.40661 -0.00234734 1.40350083 0.09799418
t 66
c 311.48715 112.57575 54.28363 -0.00228814 1.40348109 0.09806468
t 66
c 311.49203 112.57875 50.16065 -0.00222893 1.40346135 0.09813517
t 66
c 311.49691 112.58174 46.03767 -0.00216973 1.40344161 0.09820567
t 66
c 311.50179 112.58474 41.91469 -0.00211053 1.40342187 0.09827616
t 66
c 311.50667 112.58774 37.79171 -0.00205133 1.40340213 0.09834666
t 66
c 311.51155 112.59073 33.66873 -0.00199213 1.40338238 0.09841715
t 66
c 311.51643 112.59373 29.54575 -0.00193293 1.40336264 0.09848765
t 66
c 311.52132 112.59672 25.42277 -0.00187373 1.4033429 0.09855814
t 66
c 311.5262 112.59972 21.29979 -0.00181453 1.40332316 0.09862864
t 66
c 311.5262 112.59972 21.29979 -0.00181453 1.40332316 0.09862864
t 66
c 311.5262 112.59972 21.29979 -0.00181453 1.40332316 0.09862864
t 67
c 311.5262 112.59972 21.29979 -0.00181453 1.40332316 0.09862864
t 68
c 311.5262 112.59972 21.29979 -0.00181453 1.40332316 0.09862864
t 69
c 311.5262 112.59972 21.29979 -0.00181453 1.40332316 0.09862864
t 70
c 311.5262 112.59972 21.29979 -0.00181453 1.40332316 0.09862864
t 71
c 311.5262 112.59972 21.29979 -0.00181453 1.40332316 0.09862864
t 72
c 311.5262 112.59972 21.29979 -0.00181453 1.40332316 0.09862864
t 73
c 311.5262 112.59972 21.29979 -0.00181453 1.40332316 0.09862864
t 74
c 311.5262 112.59972 21.29979 -0.00181453 1.40332316 0.09862864
t 75
c 311.5262 112.59972 21.29979 -0.00181453 1.40332316 0.09862864
t 76
c 311.5262 112.59972 21.29979 -0.00181453 1.40332316 0.09862864
t 77
c 311.5262 112.59972 21.29979 -0.00181453 1.40332316 0.09862864
t 78
c 311.5262 112.59972 21.29979 -0.00181453 1.40332316 0.09862864
t 79
c 311.5262 112.59972 21.29979 -0.00181453 1.40332316 0.09862864
t 80
c 311.5262 112.59972 21.29979 -0.00181453 1.40332316 0.09862864
t 81
c 311.5262 112.59972 21.29979 -0.00181453 1.40332316 0.09862864
t 82
c 311.5262 112.59972 21.29979 -0.00181453 1.40332316 0.09862864
t 83
c 311.5262 112.59972 21.29979 -0.00181453 1.40332316 0.09862864
t 84
c 311.5262 112.59972 21.29979 -0.00181453 1.40332316 0.09862864
t 85
c 311.5262 112.59972 21.29979 -0.00181453 1.40332316 0.09862864
t 86
c 311.5262 112.59972 21.29979 -0.00181453 1.40332316 0.09862864
t 87
c 311.5262 112.59972 21.29979 -0.00181453 1.40332316 0.09862864
t 88
c 311.5262 112.59972 21.29979 -0.00181453 1.40332316 0.09862864
t 89
c 311.5262 112.59972 21.29979 -0.00181453 1.40332316 0.09862864
t 90
c 311.5262 112.59972 21.29979 -0.00181453 1.40332316 0.09862864
t 91
c 311.5262 112.59972 21.29979 -0.00181453 1.40332316 0.09862864
t 92
c 311.5262 112.59972 21.29979 -0.00181453 1.40332316 0.09862864
t 93
c 311.5262 112.59972 21.29979 -0.00181453 1.40332316 0.09862864
t 94
c 311.5262 112.59972 21.29979 -0.00181453 1.40332316 0.09862864
t 95
c 311.5262 112.59972 21.29979 -0.00181453 1.40332316 0.09862864
t 96
c 311.5262 112.59972 21.29979 -0.00181453 1.40332316 0.09862864
t 97
c 311.5262 112.59972 21.29979 -0.00181453 1.40332316 0.09862864
t 98
c 311.5262 112.59972 21.29979 -0.00181453 1.40332316 0.09862864
t 99
c 311.5262 112.59972 21.29979 -0.00181453 1.40332316 0.09862864
t 100
c 311.5262 112.59972 21.29979 -0.00181453 1.40332316 0.09862864
t 101
c 311.5262 112.59972 21.29979 -0.00181453 1.40332316 0.09862864
t 102
c 311.5262 112.59972 21.29979 -0.00181453 1.40332316 0.09862864
t 103
c 311.5262 112.59972 21.29979 -0.00181453 1.40332316 0.09862864
t 104
c 311.5262 112.59972 21.29979 -0.00181453 1.40332316 0.09862864
t 105
c 311.5262 112.59972 21.29979 -0.00181453 1.40332316 0.09862864
t 106
c 311.5262 112.59972 21.29979 -0.00181453 1.40332316 0.09862864
t 107
c 311.5262 112.59972 21.29979 -0.00181453 1.40332316 0.09862864
t 108
c 311.5262 112.59972 21.29979 -0.00181453 1.40332316 0.09862864
t 109
c 311.5262 112.59972 21.29979 -0.00181453 1.40332316 0.09862864
t 110
c 311.5262 112.59972 21.29979 -0.00181453 1.40332316 0.09862864
t 111
c 311.5262 112.59972 21.29979 -0.00181453 1.40332316 0.09862864
t 112
c 311.5262 112.59972 21.29979 -0.00181453 1.40332316 0.09862864
t 113
c 311.5262 112.59972 21.29979 -0.00181453 1.40332316 0.09862864
t 114
c 311.5262 112.59972 21.29979 -0.00181453 1.40332316 0.09862864
t 115
c 311.5262 112.59972 21.29979 -0.00181453 1.40332316 0.09862864
t 116
c 311.5262 112.59972 21.29979 -0.00181453 1.40332316 0.09862864
t 117
c 311.5262 112.59972 21.29979 -0.00181453 1.40332316 0.09862864
t 118
c 311.5262 112.59972 21.29979 -0.00181453 1.40332316 0.09862864
t 119
c 311.5262 112.59972 21.29979 -0.00181453 1.40332316 0.09862864
t 120
c 311.5262 112.59972 21.29979 -0.00181453 1.40332316 0.09862864
t 121
c 311.5262 112.59972 21.29979 -0.00181453 1.40332316 0.09862864
t 122
c 311.5262 112.59972 21.29979 -0.00181453 1.40332316 0.09862864
t 123
c 311.5262 112.59972 21.29979 -0.00181453 1.40332316 0.09862864
t 124
c 311.5262 112.59972 21.29979 -0.00181453 1.40332316 0.09862864
t 125
c 311.5262 112.59972 21.29979 -0.00181453 1.40332316 0.09862864
t 126
c 311.5262 112.59972 21.29979 -0.00181453 1.40332316 0.09862864
t 127
c 311.5262 112.59972 21.29979 -0.00181453 1.40332316 0.09862864
t 127
c 311.5262 112.59972 21.29979 -0.00181453 1.40332316 0.09862864
t 126
c 311.5262 112.59972 21.29979 -0.00181453 1.40332316 0.09862864
t 125
c 311.5262 112.59972 21.29979 -0.00181453 1.40332316 0.09862864
t 124
c 311.5262 112.59972 21.29979 -0.00181453 1.40332316 0.09862864
t 123
c 311.5262 112.59972 21.29979 -0.00181453 1.40332316 0.09862864
t 122
c 311.5262 112.59972 21.29979 -0.00181453 1.40332316 0.09862864
t 120
c 311.5262 112.59972 21.29979 -0.00181453 1.40332316 0.09862864
t 120
c 311.5262 112.59972 21.29979 -0.00181453 1.40332316 0.09862864
t 119
c 311.5262 112.59972 21.29979 -0.00181453 1.40332316 0.09862864
t 118
c 311.5262 112.59972 21.29979 -0.00181453 1.40332316 0.09862864
t 117
c 311.5262 112.59972 21.29979 -0.00181453 1.40332316 0.09862864
t 116
c 311.5262 112.59972 21.29979 -0.00181453 1.40332316 0.09862864
t 115
c 311.5262 112.59972 21.29979 -0.00181453 1.40332316 0.09862864
t 114
c 311.5262 112.59972 21.29979 -0.00181453 1.40332316 0.09862864
t 113
c 311.5262 112.59972 21.29979 -0.00181453 1.40332316 0.09862864
t 112
c 311.5262 112.59972 21.29979 -0.00181453 1.40332316 0.09862864
t 111
c 311.5262 112.59972 21.29979 -0.00181453 1.40332316 0.09862864
t 110
c 311.5262 112.59972 21.29979 -0.00181453 1.40332316 0.09862864
t 109
c 311.5262 112.59972 21.29979 -0.00181453 1.40332316 0.09862864
t 108
c 311.5262 112.59972 21.29979 -0.00181453 1.40332316 0.09862864
t 107
c 311.5262 112.59972 21.29979 -0.00181453 1.40332316 0.09862864
t 106
c 311.5262 112.59972 21.29979 -0.00181453 1.40332316 0.09862864
t 105
c 311.5262 112.59972 21.29979 -0.00181453 1.40332316 0.09862864
t 104
c 311.5262 112.59972 21.29979 -0.00181453 1.40332316 0.09862864
t 103
c 311.5262 112.59972 21.29979 -0.00181453 1.40332316 0.09862864
t 102
c 311.5262 112.59972 21.29979 -0.00181453 1.40332316 0.09862864
t 101
c 311.5262 112.59972 21.29979 -0.00181453 1.40332316 0.09862864
t 100
c 311.5262 112.59972 21.29979 -0.00181453 1.40332316 0.09862864
t 99
c 311.5262 112.59972 21.29979 -0.00181453 1.40332316 0.09862864
t 98
c 311.5262 112.59972 21.29979 -0.00181453 1.40332316 0.09862864
t 97
c 311.5262 112.59972 21.29979 -0.00181453 1.40332316 0.09862864
t 96
c 311.5262 112.59972 21.29979 -0.00181453 1.40332316 0.09862864
t 95
c 311.5262 112.59972 21.29979 -0.00181453 1.40332316 0.09862864
t 94
c 311.5262 112.59972 21.29979 -0.00181453 1.40332316 0.09862864
t 93
c 311.5262 112.59972 21.29979 -0.00181453 1.40332316 0.09862864
t 92
c 311.5262 112.59972 21.29979 -0.00181453 1.40332316 0.09862864
t 91
c 311.5262 112.59972 21.29979 -0.00181453 1.40332316 0.09862864
t 90
c 311.5262 112.59972 21.29979 -0.00181453 1.40332316 0.09862864
t 89
c 311.5262 112.59972 21.29979 -0.00181453 1.40332316 0.09862864
t 88
c 311.5262 112.59972 21.29979 -0.00181453 1.40332316 0.09862864
t 87
c 311.5262 112.59972 21.29979 -0.00181453 1.40332316 0.09862864
t 86
c 311.5262 112.59972 21.29979 -0.00181453 1.40332316 0.09862864
t 85
c 311.5262 112.59972 21.29979 -0.00181453 1.40332316 0.09862864
t 84
c 311.5262 112.59972 21.29979 -0.00181453 1.40332316 0.09862864
t 82
c 311.5262 112.59972 21.29979 -0.00181453 1.40332316 0.09862864
t 82
c 311.5262 112.59972 21.29979 -0.00181453 1.40332316 0.09862864
t 80
c 311.5262 112.59972 21.29979 -0.00181453 1.40332316 0.09862864
t 79
c 311.5262 112.59972 21.29979 -0.00181453 1.40332316 0.09862864
t 78
c 311.5262 112.59972 21.29979 -0.00181453 1.40332316 0.09862864
t 77
c 311.5262 112.59972 21.29979 -0.00181453 1.40332316 0.09862864
t 76
c 311.5262 112.59972 21.29979 -0.00181453 1.40332316 0.09862864
t 75
c 311.5262 112.59972 21.29979 -0.00181453 1.40332316 0.09862864
t 74
c 311.5262 112.59972 21.29979 -0.00181453 1.40332316 0.09862864
t 73
c 311.5262 112.59972 21.29979 -0.00181453 1.40332316 0.09862864
t 72
c 311.5262 112.59972 21.29979 -0.00181453 1.40332316 0.09862864
t 71
c 311.5262 112.59972 21.29979 -0.00181453 1.40332316 0.09862864
t 70
c 311.5262 112.59972 21.29979 -0.00181453 1.40332316 0.09862864
t 69
c 311.5262 112.59972 21.29979 -0.00181453 1.40332316 0.09862864
t 68
c 311.5262 112.59972 21.29979 -0.00181453 1.40332316 0.09862864
t 67
c 311.5262 112.59972 21.29979 -0.00181453 1.40332316 0.09862864
t 66
c 311.5262 112.59972 21.29979 -0.00181453 1.40332316 0.09862864
t 65
c 311.5262 112.59972 21.29979 -0.00181453 1.40332316 0.09862864
t 64
c 311.5262 112.59972 21.29979 -0.00181453 1.40332316 0.09862864
t 63
c 311.5262 112.59972 21.29979 -0.00181453 1.40332316 0.09862864
t 62
c 311.5262 112.59972 21.29979 -0.00181453 1.40332316 0.09862864
t 61
c 311.5262 112.59972 21.29979 -0.00181453 1.40332316 0.09862864
t 60
c 311.5262 112.59972 21.29979 -0.00181453 1.40332316 0.09862864
t 59
c 311.5262 112.59972 21.29979 -0.00181453 1.40332316 0.09862864
t 60
c 311.52328 112.59756 25.30501 -0.00188147 1.40333024 0.09858187
t 60
c 311.52036 112.59541 29.31022 -0.00194841 1.40333731 0.09853511
t 60
c 311.51744 112.59326 33.31544 -0.00201535 1.40334439 0.09848834
t 60
c 311.51453 112.59111 37.32065 -0.00208229 1.40335147 0.09844157
t 60
c 311.51161 112.58896 41.32587 -0.00214924 1.40335854 0.09839481
t 60
c 311.50869 112.5868 45.33108 -0.00221618 1.40336562 0.09834804
t 60
c 311.50577 112.58465 49.3363 -0.00228312 1.4033727 0.09830128
t 60
c 311.50286 112.5825 53.34151 -0.00235006 1.40337977 0.09825451
t 60
c 311.49994 112.58035 57.34673 -0.002417 1.40338685 0.09820774
t 60
c 311.49702 112.5782 61.35194 -0.00248394 1.40339393 0.09816098
t 60
c 311.4941 112.57604 65.35716 -0.00255089 1.403401 0.09811421
t 60
c 311.49118 112.57389 69.36238 -0.00261783 1.40340808 0.09806745
t 60
c 311.48827 112.57174 73.36759 -0.00268477 1.40341516 0.09802068
t 60
c 311.48535 112.56959 77.37281 -0.00275171 1.40342223 0.09797391
t 60
c 311.48243 112.56744 81.37802 -0.00281865 1.40342931 0.09792715
t 60
c 311.47951 112.56528 85.38324 -0.00288559 1.40343639 0.09788038
t 60
c 311.47951 112.56528 85.38324 -0.00288559 1.40343639 0.09788038
t 60
c 311.48263 108.52956 85.38654 -0.00298083 1.4034238 0.09777079
t 60
c 311.48574 104.49384 85.38985 -0.00307607 1.40341121 0.09766119
t 59
c 311.48886 100.45811 85.39316 -0.00317131 1.40339862 0.09755159
t 60
c 311.49197 96.42239 85.39646 -0.00326654 1.40338603 0.097442
t 60
c 311.49509 92.38667 85.39977 -0.00336178 1.40337345 0.0973324
t 60
c 311.4982 88.35094 85.40308 -0.00345702 1.40336086 0.0972228
t 60
c 311.50132 84.31522 85.40638 -0.00355226 1.40334827 0.09711321
t 60
c 311.50443 80.2795 85.40969 -0.0036475 1.40333568 0.09700361
t 60
c 311.50755 76.24377 85.413 -0.00374273 1.40332309 0.09689401
t 59
c 311.51066 72.20805 85.4163 -0.00383797 1.4033105 0.09678442
t 59
c 311.51378 68.17232 85.41961 -0.00393321 1.40329792 0.09667482
t 60
c 311.51689 64.1366 85.42292 -0.00402845 1.40328533 0.09656522
t 60
c 311.52001 60.10088 85.42622 -0.00412368 1.40327274 0.09645563
t 60
c 311.52312 56.06515 85.42953 -0.00421892 1.40326015 0.09634603
t 60
c 311.52624 52.02943 85.43284 -0.00431416 1.40324756 0.09623643
t 60
c 311.52935 47.99371 85.43614 -0.0044094 1.40323497 0.09612683
t 60
c 311.53247 43.95798 85.43945 -0.00450463 1.40322239 0.09601724
t 60
c 311.53558 39.92226 85.44276 -0.00459987 1.4032098 0.09590764
t 60
c 311.5387 35.88654 85.44606 -0.00469511 1.40319721 0.09579804
t 60
c 311.54181 31.85081 85.44937 -0.00479035 1.40318462 0.09568845
t 60
c 311.54492 27.81509 85.45268 -0.00488559 1.40317203 0.09557885
t 60
c 311.54804 23.77937 85.45598 -0.00498082 1.40315944 0.09546925
t 60
c 311.55115 19.74364 85.45929 -0.00507606 1.40314686 0.09535966
t 60
c 311.55427 15.70792 85.4626 -0.0051713 1.40313427 0.09525006
t 60
c 311.55738 11.6722 85.4659 -0.00526654 1.40312168 0.09514046
t 60
c 311.5605 7.63647 85.46921 -0.00536177 1.40310909 0.09503087
t 60
c 311.56361 3.60075 85.47251 -0.00545701 1.4030965 0.09492127
t 60
c 311.56673 -0.43498 85.47582 -0.00555225 1.40308391 0.09481167
t 60
c 311.56984 -4.4707 85.47913 -0.00564749 1.40307133 0.09470208
t 60
c 311.57296 -8.50642 85.48243 -0.00574272 1.40305874 0.09459248
t 60
c 311.57607 -12.54215 85.48574 -0.00583796 1.40304615 0.09448288
t 60
c 311.57919 -16.57787 85.48905 -0.0059332 1.40303356 0.09437329
t 60
c 311.5823 -20.61359 85.49235 -0.00602844 1.40302097 0.09426369
t 60
c 311.58542 -24.64932 85.49566 -0.00612367 1.40300838 0.09415409
t 60
c 311.58853 -28.68504 85.49897 -0.00621891 1.4029958 0.0940445
t 60
c 311.59165 -32.72076 85.50227 -0.00631415 1.40298321 0.0939349
t 60
c 311.59476 -36.75649 85.50558 -0.00640939 1.40297062 0.0938253
t 60
c 311.59788 -40.79221 85.50889 -0.00650463 1.40295803 0.09371571
t 60
c 311.60099 -44.82793 85.51219 -0.00659986 1.40294544 0.09360611
t 60
c 311.60411 -48.86366 85.5155 -0.0066951 1.40293285 0.09349651
t 60
c 311.60722 -52.89938 85.51881 -0.00679034 1.40292027 0.09338692
t 60
c 311.61034 -56.9351 85.52211 -0.00688558 1.40290768 0.09327732
t 60
c 311.61034 -56.9351 85.52211 -0.00688558 1.40290768 0.09327732
t 60
c 311.61034 -56.9351 85.52211 -0.00688558 1.40290768 0.09327732
t 60
c 311.61034 -56.9351 85.52211 -0.00688558 1.40290768 0.09327732
t 62
c 311.61034 -56.9351 85.52211 -0.00688558 1.40290768 0.09327732
t 63
c 311.61034 -56.9351 85.52211 -0.00688558 1.40290768 0.09327732
t 64
c 311.61034 -56.9351 85.52211 -0.00688558 1.40290768 0.09327732
t 65
c 311.61034 -56.9351 85.52211 -0.00688558 1.40290768 0.09327732
t 66
c 311.61034 -56.9351 85.52211 -0.00688558 1.40290768 0.09327732
t 67
c 311.61034 -56.9351 85.52211 -0.00688558 1.40290768 0.09327732
t 68
c 311.61034 -56.9351 85.52211 -0.00688558 1.40290768 0.09327732
t 69
c 311.61034 -56.9351 85.52211 -0.00688558 1.40290768 0.09327732
t 70
c 311.61034 -56.9351 85.52211 -0.00688558 1.40290768 0.09327732
t 71
c 311.61034 -56.9351 85.52211 -0.00688558 1.40290768 0.09327732
t 72
c 311.61034 -56.9351 85.52211 -0.00688558 1.40290768 0.09327732
t 73
c 311.61034 -56.9351 85.52211 -0.00688558 1.40290768 0.09327732
t 74
c 311.61034 -56.9351 85.52211 -0.00688558 1.40290768 0.09327732
t 75
c 311.61034 -56.9351 85.52211 -0.00688558 1.40290768 0.09327732
t 76
c 311.61034 -56.9351 85.52211 -0.00688558 1.40290768 0.09327732
t 77
c 311.61034 -56.9351 85.52211 -0.00688558 1.40290768 0.09327732
t 78
c 311.61034 -56.9351 85.52211 -0.00688558 1.40290768 0.09327732
t 79
c 311.61034 -56.9351 85.52211 -0.00688558 1.40290768 0.09327732
t 80
c 311.61034 -56.9351 85.52211 -0.00688558 1.40290768 0.09327732
t 81
c 311.61034 -56.9351 85.52211 -0.00688558 1.40290768 0.09327732
t 82
c 311.61034 -56.9351 85.52211 -0.00688558 1.40290768 0.09327732
t 83
c 311.61034 -56.9351 85.52211 -0.00688558 1.40290768 0.09327732
t 84
c 311.61034 -56.9351 85.52211 -0.00688558 1.40290768 0.09327732
t 85
c 311.61034 -56.9351 85.52211 -0.00688558 1.40290768 0.09327732
t 86
c 311.61034 -56.9351 85.52211 -0.00688558 1.40290768 0.09327732
t 87
c 311.61034 -56.9351 85.52211 -0.00688558 1.40290768 0.09327732
t 88
c 311.61034 -56.9351 85.52211 -0.00688558 1.40290768 0.09327732
t 89
c 311.61034 -56.9351 85.52211 -0.00688558 1.40290768 0.09327732
t 90
c 311.61034 -56.9351 85.52211 -0.00688558 1.40290768 0.09327732
t 91
c 311.61034 -56.9351 85.52211 -0.00688558 1.40290768 0.09327732
t 92
c 311.61034 -56.9351 85.52211 -0.00688558 1.40290768 0.09327732
t 93
c 311.61034 -56.9351 85.52211 -0.00688558 1.40290768 0.09327732
t 94
c 311.61034 -56.9351 85.52211 -0.00688558 1.40290768 0.09327732
t 95
c 311.61034 -56.9351 85.52211 -0.00688558 1.40290768 0.09327732
t 96
c 311.61034 -56.9351 85.52211 -0.00688558 1.40290768 0.09327732
t 97
c 311.61034 -56.9351 85.52211 -0.00688558 1.40290768 0.09327732
t 98
c 311.61034 -56.9351 85.52211 -0.00688558 1.40290768 0.09327732
t 99
c 311.61034 -56.9351 85.52211 -0.00688558 1.40290768 0.09327732
t 100
c 311.61034 -56.9351 85.52211 -0.00688558 1.40290768 0.09327732
t 101
c 311.61034 -56.9351 85.52211 -0.00688558 1.40290768 0.09327732
t 102
c 311.61034 -56.9351 85.52211 -0.00688558 1.40290768 0.09327732
t 103
c 311.61034 -56.9351 85.52211 -0.00688558 1.40290768 0.09327732
t 104
c 311.61034 -56.9351 85.52211 -0.00688558 1.40290768 0.09327732
t 105
c 311.61034 -56.9351 85.52211 -0.00688558 1.40290768 0.09327732
t 106
c 311.61034 -56.9351 85.52211 -0.00688558 1.40290768 0.09327732
t 107
c 311.61034 -56.9351 85.52211 -0.00688558 1.40290768 0.09327732
t 108
c 311.61034 -56.9351 85.52211 -0.00688558 1.40290768 0.09327732
t 109
c 311.61034 -56.9351 85.52211 -0.00688558 1.40290768 0.09327732
t 110
c 311.61034 -56.9351 85.52211 -0.00688558 1.40290768 0.09327732
t 111
c 311.61034 -56.9351 85.52211 -0.00688558 1.40290768 0.09327732
t 112
c 311.61034 -56.9351 85.52211 -0.00688558 1.40290768 0.09327732
t 113
c 311.61034 -56.9351 85.52211 -0.00688558 1.40290768 0.09327732
t 114
c 311.61034 -56.9351 85.52211 -0.00688558 1.40290768 0.09327732
t 115
c 311.61034 -56.9351 85.52211 -0.00688558 1.40290768 0.09327732
t 116
c 311.61034 -56.9351 85.52211 -0.00688558 1.40290768 0.09327732
t 117
c 311.61034 -56.9351 85.52211 -0.00688558 1.40290768 0.09327732
t 118
c 311.61034 -56.9351 85.52211 -0.00688558 1.40290768 0.09327732
t 119
c 311.61034 -56.9351 85.52211 -0.00688558 1.40290768 0.09327732
t 120
c 311.61034 -56.9351 85.52211 -0.00688558 1.40290768 0.09327732
t 121
c 311.61034 -56.9351 85.52211 -0.00688558 1.40290768 0.09327732
t 122
c 311.61034 -56.9351 85.52211 -0.00688558 1.40290768 0.09327732
t 123
c 311.61034 -56.9351 85.52211 -0.00688558 1.40290768 0.09327732
t 124
c 311.61034 -56.9351 85.52211 -0.00688558 1.40290768 0.09327732
t 125
c 311.61034 -56.9351 85.52211 -0.00688558 1.40290768 0.09327732
t 126
c 311.61034 -56.9351 85.52211 -0.00688558 1.40290768 0.09327732
t 127
c 311.61034 -56.9351 85.52211 -0.00688558 1.40290768 0.09327732
t 128
c 311.61034 -56.9351 85.52211 -0.00688558 1.40290768 0.09327732
t 129
c 311.61034 -56.9351 85.52211 -0.00688558 1.40290768 0.09327732
t 130
c 311.61034 -56.9351 85.52211 -0.00688558 1.40290768 0.09327732
t 131
c 311.61034 -56.9351 85.52211 -0.00688558 1.40290768 0.09327732
t 132
c 311.61034 -56.9351 85.52211 -0.00688558 1.40290768 0.09327732
t 133
c 311.61034 -56.9351 85.52211 -0.00688558 1.40290768 0.09327732
t 134
c 311.61034 -56.9351 85.52211 -0.00688558 1.40290768 0.09327732
t 135
c 311.61034 -56.9351 85.52211 -0.00688558 1.40290768 0.09327732
t 136
c 311.61034 -56.9351 85.52211 -0.00688558 1.40290768 0.09327732
t 137
c 311.61034 -56.9351 85.52211 -0.00688558 1.40290768 0.09327732
t 138
c 311.61034 -56.9351 85.52211 -0.00688558 1.40290768 0.09327732
t 139
c 311.61034 -56.9351 85.52211 -0.00688558 1.40290768 0.09327732
t 140
c 311.61034 -56.9351 85.52211 -0.00688558 1.40290768 0.09327732
t 141
c 311.61034 -56.9351 85.52211 -0.00688558 1.40290768 0.09327732
t 142
c 311.61034 -56.9351 85.52211 -0.00688558 1.40290768 0.09327732
t 143
c 311.61034 -56.9351 85.52211 -0.00688558 1.40290768 0.09327732
t 144
c 311.61034 -56.9351 85.52211 -0.00688558 1.40290768 0.09327732
t 145
c 311.61034 -56.9351 85.52211 -0.00688558 1.40290768 0.09327732
t 146
c 311.61034 -56.9351 85.52211 -0.00688558 1.40290768 0.09327732
t 147
c 311.61034 -56.9351 85.52211 -0.00688558 1.40290768 0.09327732
t 148
c 311.61034 -56.9351 85.52211 -0.00688558 1.40290768 0.09327732
t 149
