c 326.0 0.0 334.0 1.46603475 0.0 0.0
c 326.0 0.0 334.0 1.46264268 0.0 0.0
c 326.0 0.0 334.0 1.4592506 0.0 0.0
c 326.0 0.0 334.0 1.45585853 0.0 0.0
c 326.0 0.0 334.0 1.45246645 0.0 0.0
c 326.0 0.0 334.0 1.44907438 0.0 0.0
c 326.0 0.0 334.0 1.44568231 0.0 0.0
c 326.0 0.0 334.0 1.44229023 0.0 0.0
c 326.0 0.0 334.0 1.43889816 0.0 0.0
c 326.0 0.0 334.0 1.43550608 0.0 0.0
c 326.0 0.0 334.0 1.43211401 0.0 0.0
c 326.0 0.0 334.0 1.42872194 0.0 0.0
c 326.0 0.0 334.0 1.42532986 0.0 0.0
c 326.0 0.0 334.0 1.42193779 0.0 0.0
c 326.0 0.0 334.0 1.41854571 0.0 0.0
c 326.0 0.0 334.0 1.41515364 0.0 0.0
c 326.0 0.0 334.0 1.41176157 0.0 0.0
c 326.0 0.0 334.0 1.40836949 0.0 0.0
c 326.0 0.0 334.0 1.40497742 0.0 0.0
c 326.0 0.0 334.0 1.40158534 0.0 0.0
c 326.0 0.0 334.0 1.39819327 0.0 0.0
c 326.0 0.0 334.0 1.3948012 0.0 0.0
c 326.0 0.0 334.0 1.39140912 0.0 0.0
c 326.0 0.0 334.0 1.38801705 0.0 0.0
c 326.0 0.0 334.0 1.38462497 0.0 0.0
c 326.0 0.0 334.0 1.3812329 0.0 0.0
c 326.0 0.0 334.0 1.37784083 0.0 0.0
c 326.0 0.0 334.0 1.37444875 0.0 0.0
c 326.0 0.0 334.0 1.37105668 0.0 0.0
c 326.0 0.0 334.0 1.3676646 0.0 0.0
c 326.0 0.0 334.0 1.36427253 0.0 0.0
c 326.0 0.0 334.0 1.36088046 0.0 0.0
c 326.0 0.0 334.0 1.35748838 0.0 0.0
c 326.0 0.0 334.0 1.35409631 0.0 0.0
c 326.0 0.0 334.0 1.35070423 0.0 0.0
c 326.0 0.0 334.0 1.34731216 0.0 0.0
c 326.0 0.0 334.0 1.34392009 0.0 0.0
c 326.0 0.0 334.0 1.34052801 0.0 0.0
c 326.0 0.0 334.0 1.33713594 0.0 0.0
c 326.0 0.0 334.0 1.33374386 0.0 0.0
c 326.0 0.0 334.0 1.33035179 0.0 0.0
c 326.0 0.0 334.0 1.32695972 0.0 0.0
c 326.0 0.0 334.0 1.32356764 0.0 0.0
c 326.0 0.0 334.0 1.32017557 0.0 0.0
c 326.0 0.0 334.0 1.31678349 0.0 0.0
c 326.0 0.0 334.0 1.31339142 0.0 0.0
c 326.0 0.0 334.0 1.30999935 0.0 0.0
c 326.0 0.0 334.0 1.30660727 0.0 0.0
c 326.0 0.0 334.0 1.3032152 0.0 0.0
c 326.0 0.0 334.0 1.29982312 0.0 0.0
c 326.0 0.0 334.0 1.29643105 0.0 0.0
c 326.0 0.0 334.0 1.29303898 0.0 0.0
c 326.0 0.0 334.0 1.2896469 0.0 0.0
c 326.0 0.0 334.0 1.28625483 0.0 0.0
c 326.0 0.0 334.0 1.28286275 0.0 0.0
c 326.0 0.0 334.0 1.27947068 0.0 0.0
c 326.0 0.0 334.0 1.27607861 0.0 0.0
c 326.0 0.0 334.0 1.27268653 0.0 0.0
c 326.0 0.0 334.0 1.26929446 0.0 0.0
c 326.0 0.0 334.0 1.26590238 0.0 0.0
c 326.0 0.0 334.0 1.26251031 0.0 0.0
c 326.0 0.0 334.0 1.25911824 0.0 0.0
c 326.0 0.0 334.0 1.25572616 0.0 0.0
c 326.0 0.0 334.0 1.25233409 0.0 0.0
c 326.0 0.0 334.0 1.24894201 0.0 0.0
c 326.0 0.0 334.0 1.24554994 0.0 0.0
c 326.0 0.0 334.0 1.24215787 0.0 0.0
c 326.0 0.0 334.0 1.23876579 0.0 0.0
c 326.0 0.0 334.0 1.23537372 0.0 0.0
c 326.0 0.0 334.0 1.23198164 0.0 0.0
c 326.0 0.0 334.0 1.22858957 0.0 0.0
c 326.0 0.0 334.0 1.2251975 0.0 0.0
c 326.0 0.0 334.0 1.22180542 0.0 0.0
c 326.0 0.0 334.0 1.21841335 0.0 0.0
c 326.0 0.0 334.0 1.21502127 0.0 0.0
c 326.0 0.0 334.0 1.2116292 0.0 0.0
c 326.0 0.0 334.0 1.20823713 0.0 0.0
c 326.0 0.0 334.0 1.20484505 0.0 0.0
c 326.0 0.0 334.0 1.20145298 0.0 0.0
c 326.0 0.0 334.0 1.1980609 0.0 0.0
c 326.0 0.0 334.0 1.19466883 0.0 0.0
c 326.0 0.0 334.0 1.19127676 0.0 0.0
c 326.0 0.0 334.0 1.18788468 0.0 0.0
c 326.0 0.0 334.0 1.18449261 0.0 0.0
c 326.0 0.0 334.0 1.18110053 0.0 0.0
c 326.0 0.0 334.0 1.17770846 0.0 0.0
c 326.0 0.0 334.0 1.17431639 0.0 0.0
c 326.0 0.0 334.0 1.17092431 0.0 0.0
c 326.0 0.0 334.0 1.16753224 0.0 0.0
c 326.0 0.0 334.0 1.16414016 0.0 0.0
c 326.0 0.0 334.0 1.16074809 0.0 0.0
c 326.0 0.0 334.0 1.15735602 0.0 0.0
c 326.0 0.0 334.0 1.15396394 0.0 0.0
c 326.0 0.0 334.0 1.15057187 0.0 0.0
c 326.0 0.0 334.0 1.14717979 0.0 0.0
c 326.0 0.0 334.0 1.14378772 0.0 0.0
c 326.0 0.0 334.0 1.14039565 0.0 0.0
c 326.0 0.0 334.0 1.13700357 0.0 0.0
c 326.0 0.0 334.0 1.1336115 0.0 0.0
c 326.0 0.0 334.0 1.13021942 0.0 0.0
c 326.0 0.0 334.0 1.12682735 0.0 0.0
c 326.0 0.0 334.0 1.12343528 0.0 0.0
c 326.0 0.0 334.0 1.1200432 0.0 0.0
c 326.0 0.0 334.0 1.11665113 0.0 0.0
c 326.0 0.0 334.0 1.11325905 0.0 0.0
c 326.0 0.0 334.0 1.10986698 0.0 0.0
c 326.0 0.0 334.0 1.10647491 0.0 0.0
c 326.0 0.0 334.0 1.10308283 0.0 0.0
c 326.0 0.0 334.0 1.09969076 0.0 0.0
c 326.0 0.0 334.0 1.09629868 0.0 0.0
c 326.0 0.0 334.0 1.09290661 0.0 0.0
c 326.0 0.0 334.0 1.08951454 0.0 0.0
c 326.0 0.0 334.0 1.08612246 0.0 0.0
c 326.0 0.0 334.0 1.08273039 0.0 0.0
c 326.0 0.0 334.0 1.07933831 0.0 0.0
c 326.0 0.0 334.0 1.07594624 0.0 0.0
c 326.0 0.0 334.0 1.07255417 0.0 0.0
c 326.0 0.0 334.0 1.06916209 0.0 0.0
c 326.0 0.0 334.0 1.06577002 0.0 0.0
c 326.0 0.0 334.0 1.06237794 0.0 0.0
c 326.0 0.0 334.0 1.05898587 0.0 0.0
c 326.0 0.0 334.0 1.0555938 0.0 0.0
c 326.0 0.0 334.0 1.05220172 0.0 0.0
c 326.0 0.0 334.0 1.04880965 0.0 0.0
c 326.0 0.0 334.0 1.04541757 0.0 0.0
c 326.0 0.0 334.0 1.0420255 0.0 0.0
c 326.0 0.0 334.0 1.03863343 0.0 0.0
c 326.0 0.0 334.0 1.03524135 0.0 0.0
c 326.0 0.0 334.0 1.03184928 0.0 0.0
c 326.0 0.0 334.0 1.0284572 0.0 0.0
c 326.0 0.0 334.0 1.02506513 0.0 0.0
c 326.0 0.0 334.0 1.02167306 0.0 0.0
c 326.0 0.0 334.0 1.01828098 0.0 0.0
c 326.0 0.0 334.0 1.01488891 0.0 0.0
c 326.0 0.0 334.0 1.01149683 0.0 0.0
c 326.0 0.0 334.0 1.00810476 0.0 0.0
c 326.0 0.0 334.0 1.00471269 0.0 0.0
c 326.0 0.0 334.0 1.00132061 0.0 0.0
c 326.0 0.0 334.0 0.99792854 0.0 0.0
c 326.0 0.0 334.0 0.99453646 0.0 0.0
c 326.0 0.0 334.0 0.99114439 0.0 0.0
c 326.0 0.0 334.0 0.98775232 0.0 0.0
c 326.0 0.0 334.0 0.98436024 0.0 0.0
c 326.0 0.0 334.0 0.98096817 0.0 0.0
c 326.0 0.0 334.0 0.97757609 0.0 0.0
c 326.0 0.0 334.0 0.97418402 0.0 0.0
c 326.0 0.0 334.0 0.97079195 0.0 0.0
c 326.0 0.0 334.0 0.96739987 0.0 0.0
c 326.0 0.0 334.0 0.9640078 0.0 0.0
c 326.0 0.0 334.0 0.96061572 0.0 0.0
c 326.0 0.0 334.0 0.95722365 0.0 0.0
c 326.0 0.0 334.0 0.95383158 0.0 0.0
c 326.0 0.0 334.0 0.9504395 0.0 0.0
c 326.0 0.0 334.0 0.94704743 0.0 0.0
c 326.0 0.0 334.0 0.94365535 0.0 0.0
c 326.0 0.0 334.0 0.94026328 0.0 0.0
c 326.0 0.0 334.0 0.93687121 0.0 0.0
c 326.0 0.0 334.0 0.93347913 0.0 0.0
c 326.0 0.0 334.0 0.93008706 0.0 0.0
c 326.0 0.0 334.0 0.92669498 0.0 0.0
c 326.0 0.0 334.0 0.92330291 0.0 0.0
c 326.0 0.0 334.0 0.91991084 0.0 0.0
c 326.0 0.0 334.0 0.91651876 0.0 0.0
c 326.0 0.0 334.0 0.91312669 0.0 0.0
c 326.0 0.0 334.0 0.90973461 0.0 0.0
c 326.0 0.0 334.0 0.90634254 0.0 0.0
c 326.0 0.0 334.0 0.90295047 0.0 0.0
c 326.0 0.0 334.0 0.89955839 0.0 0.0
c 326.0 0.0 334.0 0.89616632 0.0 0.0
c 326.0 0.0 334.0 0.89277424 0.0 0.0
c 326.0 0.0 334.0 0.88938217 0.0 0.0
c 326.0 0.0 334.0 0.8859901 0.0 0.0
c 326.0 0.0 334.0 0.88259802 0.0 0.0
c 326.0 0.0 334.0 0.87920595 0.0 0.0
c 326.0 0.0 334.0 0.87581387 0.0 0.0
c 326.0 0.0 334.0 0.8724218 0.0 0.0
c 326.0 0.0 334.0 0.86902973 0.0 0.0
c 326.0 0.0 334.0 0.86563765 0.0 0.0
c 326.0 0.0 334.0 0.86224558 0.0 0.0
c 326.0 0.0 334.0 0.8588535 0.0 0.0
c 326.0 0.0 334.0 0.85546143 0.0 0.0
c 326.0 0.0 334.0 0.85206936 0.0 0.0
c 326.0 0.0 334.0 0.84867728 0.0 0.0
c 326.0 0.0 334.0 0.84528521 0.0 0.0
c 326.0 0.0 334.0 0.84189313 0.0 0.0
c 326.0 0.0 334.0 0.83850106 0.0 0.0
c 326.0 0.0 334.0 0.83510899 0.0 0.0
c 326.0 0.0 334.0 0.83171691 0.0 0.0
c 326.0 0.0 334.0 0.82832484 0.0 0.0
c 326.0 0.0 334.0 0.82493276 0.0 0.0
c 326.0 0.0 334.0 0.82154069 0.0 0.0
c 326.0 0.0 334.0 0.81814862 0.0 0.0
c 326.0 0.0 334.0 0.81475654 0.0 0.0
c 326.0 0.0 334.0 0.81136447 0.0 0.0
c 326.0 0.0 334.0 0.80797239 0.0 0.0
c 326.0 0.0 334.0 0.80458032 0.0 0.0
c 326.0 0.0 334.0 0.80118825 0.0 0.0
c 326.0 0.0 334.0 0.79779617 0.0 0.0
c 326.0 0.0 334.0 0.7944041 0.0 0.0
c 326.0 0.0 334.0 0.79101202 0.0 0.0
c 326.0 0.0 334.0 0.78761995 0.0 0.0
c 326.0 0.0 334.0 0.78422788 0.0 0.0
c 326.0 0.0 334.0 0.7808358 0.0 0.0
c 326.0 0.0 334.0 0.77744373 0.0 0.0
c 326.0 0.0 334.0 0.77405165 0.0 0.0
c 326.0 0.0 334.0 0.77065958 0.0 0.0
c 326.0 0.0 334.0 0.76726751 0.0 0.0
c 326.0 0.0 334.0 0.76387543 0.0 0.0
c 326.0 0.0 334.0 0.76048336 0.0 0.0
c 326.0 0.0 334.0 0.75709128 0.0 0.0
c 326.0 0.0 334.0 0.75369921 0.0 0.0
c 326.0 0.0 334.0 0.75030714 0.0 0.0
c 326.0 0.0 334.0 0.74691506 0.0 0.0
c 326.0 0.0 334.0 0.74352299 0.0 0.0
c 326.0 0.0 334.0 0.74013091 0.0 0.0
c 326.0 0.0 334.0 0.73673884 0.0 0.0
c 326.0 0.0 334.0 0.73334677 0.0 0.0
c 326.0 0.0 334.0 0.72995469 0.0 0.0
c 326.0 0.0 334.0 0.72656262 0.0 0.0
c 326.0 0.0 334.0 0.72317054 0.0 0.0
c 326.0 0.0 334.0 0.71977847 0.0 0.0
c 326.0 0.0 334.0 0.7163864 0.0 0.0
c 326.0 0.0 334.0 0.71299432 0.0 0.0
c 326.0 0.0 334.0 0.70960225 0.0 0.0
c 326.0 0.0 334.0 0.70621017 0.0 0.0
c 326.0 0.0 334.0 0.7028181 0.0 0.0
c 326.0 0.0 334.0 0.69942603 0.0 0.0
c 326.0 0.0 334.0 0.69603395 0.0 0.0
c 326.0 0.0 334.0 0.69264188 0.0 0.0
c 326.0 0.0 334.0 0.6892498 0.0 0.0
c 326.0 0.0 334.0 0.68585773 0.0 0.0
c 326.0 0.0 334.0 0.68246566 0.0 0.0
c 326.0 0.0 334.0 0.67907358 0.0 0.0
c 326.0 0.0 334.0 0.67568151 0.0 0.0
c 326.0 0.0 334.0 0.67228943 0.0 0.0
c 326.0 0.0 334.0 0.66889736 0.0 0.0
c 326.0 0.0 334.0 0.66550529 0.0 0.0
c 326.0 0.0 334.0 0.66211321 0.0 0.0
c 326.0 0.0 334.0 0.65872114 0.0 0.0
c 326.0 0.0 334.0 0.65532906 0.0 0.0
c 326.0 0.0 334.0 0.65193699 0.0 0.0
c 326.0 0.0 334.0 0.64854492 0.0 0.0
c 326.0 0.0 334.0 0.64515284 0.0 0.0
c 326.0 0.0 334.0 0.64176077 0.0 0.0
c 326.0 0.0 334.0 0.63836869 0.0 0.0
c 326.0 0.0 334.0 0.63497662 0.0 0.0
c 326.0 0.0 334.0 0.63158455 0.0 0.0
c 326.0 0.0 334.0 0.62819247 0.0 0.0
c 326.0 0.0 334.0 0.6248004 0.0 0.0
c 326.0 0.0 334.0 0.62140832 0.0 0.0
c 326.0 0.0 334.0 0.61801625 0.0 0.0
c 326.0 0.0 334.0 0.61462418 0.0 0.0
c 326.0 0.0 334.0 0.6112321 0.0 0.0
c 326.0 0.0 334.0 0.60784003 0.0 0.0
c 326.0 0.0 334.0 0.60444795 0.0 0.0
c 326.0 0.0 334.0 0.60105588 0.0 0.0
c 326.0 0.0 334.0 0.59766381 0.0 0.0
c 326.0 0.0 334.0 0.59427173 0.0 0.0
c 326.0 0.0 334.0 0.59087966 0.0 0.0
c 326.0 0.0 334.0 0.58748758 0.0 0.0
c 326.0 0.0 334.0 0.58409551 0.0 0.0
c 326.0 0.0 334.0 0.58070344 0.0 0.0
c 326.0 0.0 334.0 0.57731136 0.0 0.0
c 326.0 0.0 334.0 0.57391929 0.0 0.0
c 326.0 0.0 334.0 0.57052721 0.0 0.0
c 326.0 0.0 334.0 0.56713514 0.0 0.0
c 326.0 0.0 334.0 0.56374307 0.0 0.0
c 326.0 0.0 334.0 0.56035099 0.0 0.0
c 326.0 0.0 334.0 0.55695892 0.0 0.0
c 326.0 0.0 334.0 0.55356684 0.0 0.0
c 326.0 0.0 334.0 0.55017477 0.0 0.0
c 326.0 0.0 334.0 0.5467827 0.0 0.0
c 326.0 0.0 334.0 0.54339062 0.0 0.0
c 326.0 0.0 334.0 0.53999855 0.0 0.0
c 326.0 0.0 334.0 0.53660647 0.0 0.0
c 326.0 0.0 334.0 0.5332144 0.0 0.0
