c 253.32102 73.05803 3.01912 -0.1319892 1.512499 0.0
t 136
c 253.32102 73.05803 3.01912 -0.1319892 1.512499 0.0
t 135
c 253.32102 73.05803 3.01912 -0.1319892 1.512499 0.0
t 134
c 253.32102 73.05803 3.01912 -0.1319892 1.512499 0.0
t 133
c 253.32102 73.05803 3.01912 -0.1319892 1.512499 0.0
t 132
c 253.32102 73.05803 3.01912 -0.1319892 1.512499 0.0
t 131
c 253.32102 73.05803 3.01912 -0.1319892 1.512499 0.0
t 130
c 253.32102 73.05803 3.01912 -0.1319892 1.512499 0.0
t 129
c 253.32102 73.05803 3.01912 -0.1319892 1.512499 0.0
t 128
c 253.32102 73.05803 3.01912 -0.1319892 1.512499 0.0
t 127
c 253.32102 73.05803 3.01912 -0.1319892 1.512499 0.0
t 126
c 253.32102 73.05803 3.01912 -0.1319892 1.512499 0.0
t 125
c 253.32102 73.05803 3.01912 -0.1319892 1.512499 0.0
t 124
c 253.32102 73.05803 3.01912 -0.1319892 1.512499 0.0
t 123
c 253.32102 73.05803 3.01912 -0.1319892 1.512499 0.0
t 122
c 253.32102 73.05803 3.01912 -0.1319892 1.512499 0.0
t 121
c 253.32102 73.05803 3.01912 -0.1319892 1.512499 0.0
t 120
c 253.32102 73.05803 3.01912 -0.1319892 1.512499 0.0
t 119
c 253.32102 73.05803 3.01912 -0.1319892 1.512499 0.0
t 118
c 253.32102 73.05803 3.01912 -0.1319892 1.512499 0.0
t 117
c 253.32102 73.05803 3.01912 -0.1319892 1.512499 0.0
t 116
c 253.32102 73.05803 3.01912 -0.1319892 1.512499 0.0
t 115
c 253.32102 73.05803 3.01912 -0.1319892 1.512499 0.0
t 114
c 253.32102 73.05803 3.01912 -0.1319892 1.512499 0.0
t 113
c 253.32102 73.05803 3.01912 -0.1319892 1.512499 0.0
t 112
c 253.32102 73.05803 3.01912 -0.1319892 1.512499 0.0
t 111
c 253.32102 73.05803 3.01912 -0.1319892 1.512499 0.0
t 110
c 253.32102 73.05803 3.01912 -0.1319892 1.512499 0.0
t 109
c 253.32102 73.05803 3.01912 -0.1319892 1.512499 0.0
t 108
c 253.32102 73.05803 3.01912 -0.1319892 1.512499 0.0
t 107
c 253.32102 73.05803 3.01912 -0.1319892 1.512499 0.0
t 106
c 253.32102 73.05803 3.01912 -0.1319892 1.512499 0.0
t 105
c 253.32102 73.05803 3.01912 -0.1319892 1.512499 0.0
t 104
c 253.32102 73.05803 3.01912 -0.1319892 1.512499 0.0
t 103
c 253.32102 73.05803 3.01912 -0.1319892 1.512499 0.0
t 102
c 253.32102 73.05803 3.01912 -0.1319892 1.512499 0.0
t 101
c 253.32102 73.05803 3.01912 -0.1319892 1.512499 0.0
t 100
c 253.32102 73.05803 3.01912 -0.1319892 1.512499 0.0
t 99
c 253.32102 73.05803 3.01912 -0.1319892 1.512499 0.0
t 98
c 253.32102 73.05803 3.01912 -0.1319892 1.512499 0.0
t 97
c 253.32102 73.05803 3.01912 -0.1319892 1.512499 0.0
t 96
c 253.32102 73.05803 3.01912 -0.1319892 1.512499 0.0
t 95
c 253.32102 73.05803 3.01912 -0.1319892 1.512499 0.0
t 94
c 253.32102 73.05803 3.01912 -0.1319892 1.512499 0.0
t 93
c 253.32102 73.05803 3.01912 -0.1319892 1.512499 0.0
t 92
c 253.32102 73.05803 3.01912 -0.1319892 1.512499 0.0
t 91
c 253.32102 73.05803 3.01912 -0.1319892 1.512499 0.0
t 90
c 253.32102 73.05803 3.01912 -0.1319892 1.512499 0.0
t 89
c 253.32102 73.05803 3.01912 -0.1319892 1.512499 0.0
t 88
c 253.32102 73.05803 3.01912 -0.1319892 1.512499 0.0
t 87
c 253.32102 73.05803 3.01912 -0.1319892 1.512499 0.0
t 86
c 253.32102 73.05803 3.01912 -0.1319892 1.512499 0.0
t 85
c 253.32102 73.05803 3.01912 -0.1319892 1.512499 0.0
t 84
c 253.32102 73.05803 3.01912 -0.1319892 1.512499 0.0
t 83
c 253.32102 73.05803 3.01912 -0.1319892 1.512499 0.0
t 83
c 253.32102 73.24263 3.09691 -0.1319892 1.512499 0.0
t 83
c 253.32102 73.42722 3.1747 -0.1319892 1.512499 0.0
t 83
c 253.32102 73.61181 3.25249 -0.1319892 1.512499 0.0
t 83
c 253.32102 73.7964 3.33028 -0.1319892 1.512499 0.0
t 83
c 253.32102 73.98099 3.40807 -0.1319892 1.512499 0.0
t 83
c 253.32102 74.16558 3.48586 -0.1319892 1.512499 0.0
t 82
c 253.32102 74.35017 3.56365 -0.1319892 1.512499 0.0
t 83
c 253.32102 74.53476 3.64144 -0.1319892 1.512499 0.0
t 82
c 253.32102 74.71935 3.71923 -0.1319892 1.512499 0.0
t 83
c 253.32102 74.90394 3.79702 -0.1319892 1.512499 0.0
t 83
c 253.32102 75.08854 3.87481 -0.1319892 1.512499 0.0
t 83
c 253.32102 75.27313 3.9526 -0.1319892 1.512499 0.0
t 83
c 253.32102 75.45772 4.03039 -0.1319892 1.512499 0.0
t 83
c 253.32102 75.64231 4.10818 -0.1319892 1.512499 0.0
t 83
c 253.32102 75.8269 4.18597 -0.1319892 1.512499 0.0
t 82
c 253.32102 76.01149 4.26376 -0.1319892 1.512499 0.0
t 83
c 253.32102 76.19608 4.34155 -0.1319892 1.512499 0.0
t 82
c 253.32102 76.38067 4.41934 -0.1319892 1.512499 0.0
t 83
c 253.32102 76.56526 4.49713 -0.1319892 1.512499 0.0
t 83
c 253.32102 76.74985 4.57492 -0.1319892 1.512499 0.0
t 83
c 253.32102 76.93445 4.6527 -0.1319892 1.512499 0.0
t 83
c 253.32102 77.11904 4.73049 -0.1319892 1.512499 0.0
t 83
c 253.32102 77.30363 4.80828 -0.1319892 1.512499 0.0
t 83
c 253.32102 77.48822 4.88607 -0.1319892 1.512499 0.0
t 82
c 253.32102 77.67281 4.96386 -0.1319892 1.512499 0.0
t 83
c 253.32102 77.8574 5.04165 -0.1319892 1.512499 0.0
t 82
c 253.32102 78.04199 5.11944 -0.1319892 1.512499 0.0
t 83
c 253.32102 78.22658 5.19723 -0.1319892 1.512499 0.0
t 83
c 253.32102 78.41117 5.27502 -0.1319892 1.512499 0.0
t 83
c 253.32102 78.59576 5.35281 -0.1319892 1.512499 0.0
t 83
c 253.32102 78.78035 5.4306 -0.1319892 1.512499 0.0
t 83
c 253.32102 78.96495 5.50839 -0.1319892 1.512499 0.0
t 83
c 253.32102 79.14954 5.58618 -0.1319892 1.512499 0.0
t 83
c 253.32102 79.33413 5.66397 -0.1319892 1.512499 0.0
t 83
c 253.32102 79.51872 5.74176 -0.1319892 1.512499 0.0
t 82
c 253.32102 79.70331 5.81955 -0.1319892 1.512499 0.0
t 83
c 253.32102 79.8879 5.89734 -0.1319892 1.512499 0.0
t 83
c 253.32102 80.07249 5.97513 -0.1319892 1.512499 0.0
t 83
c 253.32102 80.25708 6.05292 -0.1319892 1.512499 0.0
t 83
c 253.32102 80.44167 6.13071 -0.1319892 1.512499 0.0
t 83
c 253.32102 80.62626 6.2085 -0.1319892 1.512499 0.0
t 83
c 253.32102 80.81086 6.28629 -0.1319892 1.512499 0.0
t 83
c 253.32102 80.99545 6.36408 -0.1319892 1.512499 0.0
t 83
c 253.32102 81.18004 6.44187 -0.1319892 1.512499 0.0
t 82
c 253.32102 81.36463 6.51966 -0.1319892 1.512499 0.0
t 83
c 253.32102 81.54922 6.59745 -0.1319892 1.512499 0.0
t 83
c 253.32102 81.73381 6.67524 -0.1319892 1.512499 0.0
t 83
c 253.32102 81.9184 6.75303 -0.1319892 1.512499 0.0
t 83
c 253.32102 82.10299 6.83082 -0.1319892 1.512499 0.0
t 83
c 253.32102 82.28758 6.90861 -0.1319892 1.512499 0.0
t 83
c 253.32102 82.47217 6.9864 -0.1319892 1.512499 0.0
t 83
c 253.32102 82.65676 7.06419 -0.1319892 1.512499 0.0
t 83
c 253.32102 82.84136 7.14198 -0.1319892 1.512499 0.0
t 83
c 253.32102 83.02595 7.21977 -0.1319892 1.512499 0.0
t 82
c 253.32102 83.21054 7.29756 -0.1319892 1.512499 0.0
t 83
c 253.32102 83.39513 7.37535 -0.1319892 1.512499 0.0
t 83
c 253.32102 83.57972 7.45314 -0.1319892 1.512499 0.0
t 83
c 253.32102 83.76431 7.53093 -0.1319892 1.512499 0.0
t 83
c 253.32102 83.9489 7.60872 -0.1319892 1.512499 0.0
t 83
c 253.32102 84.13349 7.68651 -0.1319892 1.512499 0.0
t 83
c 253.32102 84.31808 7.76429 -0.1319892 1.512499 0.0
t 83
c 253.32102 84.50267 7.84208 -0.1319892 1.512499 0.0
t 83
c 253.32102 84.68727 7.91987 -0.1319892 1.512499 0.0
t 83
c 253.32102 84.87186 7.99766 -0.1319892 1.512499 0.0
t 83
c 253.32102 85.05645 8.07545 -0.1319892 1.512499 0.0
t 83
c 253.32102 85.24104 8.15324 -0.1319892 1.512499 0.0
t 82
c 253.32102 85.42563 8.23103 -0.1319892 1.512499 0.0
t 83
c 253.32102 85.61022 8.30882 -0.1319892 1.512499 0.0
t 83
c 253.32102 85.79481 8.38661 -0.1319892 1.512499 0.0
t 83
c 253.32102 85.9794 8.4644 -0.1319892 1.512499 0.0
t 83
c 253.32102 86.16399 8.54219 -0.1319892 1.512499 0.0
t 83
c 253.32102 86.34858 8.61998 -0.1319892 1.512499 0.0
t 83
c 253.32102 86.53317 8.69777 -0.1319892 1.512499 0.0
t 83
c 253.32102 86.71777 8.77556 -0.1319892 1.512499 0.0
t 83
c 253.32102 86.90236 8.85335 -0.1319892 1.512499 0.0
t 83
c 253.32102 87.08695 8.93114 -0.1319892 1.512499 0.0
t 82
c 253.32102 87.27154 9.00893 -0.1319892 1.512499 0.0
t 83
c 253.32102 87.45613 9.08672 -0.1319892 1.512499 0.0
t 83
c 253.32102 87.64072 9.16451 -0.1319892 1.512499 0.0
t 83
c 253.32102 87.82531 9.2423 -0.1319892 1.512499 0.0
t 83
c 253.32102 88.0099 9.32009 -0.1319892 1.512499 0.0
t 83
c 253.32102 88.19449 9.39788 -0.1319892 1.512499 0.0
t 83
c 253.32102 88.37908 9.47567 -0.1319892 1.512499 0.0
t 83
c 253.32102 88.56368 9.55346 -0.1319892 1.512499 0.0
t 83
c 253.32102 88.74827 9.63125 -0.1319892 1.512499 0.0
t 83
c 253.32102 88.93286 9.70904 -0.1319892 1.512499 0.0
t 83
c 253.32102 89.11745 9.78683 -0.1319892 1.512499 0.0
t 83
c 253.32102 89.30204 9.86462 -0.1319892 1.512499 0.0
t 82
c 253.32102 89.48663 9.94241 -0.1319892 1.512499 0.0
t 83
c 253.32102 89.67122 10.0202 -0.1319892 1.512499 0.0
t 83
c 253.32102 89.85581 10.09799 -0.1319892 1.512499 0.0
t 83
c 253.32102 90.0404 10.17578 -0.1319892 1.512499 0.0
t 83
c 253.32102 90.22499 10.25357 -0.1319892 1.512499 0.0
t 83
c 253.32102 90.40958 10.33136 -0.1319892 1.512499 0.0
t 83
c 253.32102 90.59418 10.40915 -0.1319892 1.512499 0.0
t 83
c 253.32102 90.77877 10.48694 -0.1319892 1.512499 0.0
t 83
c 253.32102 90.96336 10.56473 -0.1319892 1.512499 0.0
t 83
c 253.32102 91.14795 10.64252 -0.1319892 1.512499 0.0
t 83
c 253.32102 91.33254 10.72031 -0.1319892 1.512499 0.0
t 83
c 253.32102 91.51713 10.7981 -0.1319892 1.512499 0.0
t 82
c 253.32102 91.70172 10.87589 -0.1319892 1.512499 0.0
t 83
c 253.32102 91.88631 10.95367 -0.1319892 1.512499 0.0
t 83
c 253.32102 92.0709 11.03146 -0.1319892 1.512499 0.0
t 83
c 253.32102 92.25549 11.10925 -0.1319892 1.512499 0.0
t 83
c 253.32102 92.44009 11.18704 -0.1319892 1.512499 0.0
t 83
c 253.32102 92.62468 11.26483 -0.1319892 1.512499 0.0
t 83
c 253.32102 92.80927 11.34262 -0.1319892 1.512499 0.0
t 83
c 253.32102 92.99386 11.42041 -0.1319892 1.512499 0.0
t 83
c 253.32102 93.17845 11.4982 -0.1319892 1.512499 0.0
t 83
c 253.32102 93.36304 11.57599 -0.1319892 1.512499 0.0
t 83
c 253.32102 93.54763 11.65378 -0.1319892 1.512499 0.0
t 83
c 253.32102 93.73222 11.73157 -0.1319892 1.512499 0.0
t 83
c 253.32102 93.91681 11.80936 -0.1319892 1.512499 0.0
t 83
c 253.32102 94.1014 11.88715 -0.1319892 1.512499 0.0
t 83
c 253.32102 94.28599 11.96494 -0.1319892 1.512499 0.0
t 83
c 253.32102 94.47059 12.04273 -0.1319892 1.512499 0.0
t 83
c 253.32102 94.65518 12.12052 -0.1319892 1.512499 0.0
t 83
c 253.32102 94.83977 12.19831 -0.1319892 1.512499 0.0
t 83
c 253.32102 95.02436 12.2761 -0.1319892 1.512499 0.0
t 83
c 253.32102 95.20895 12.35389 -0.1319892 1.512499 0.0
t 83
c 253.32102 95.39354 12.43168 -0.1319892 1.512499 0.0
t 83
c 253.32102 95.57813 12.50947 -0.1319892 1.512499 0.0
t 83
c 253.32102 95.76272 12.58726 -0.1319892 1.512499 0.0
t 83
c 253.32102 95.94731 12.66505 -0.1319892 1.512499 0.0
t 83
c 253.32102 96.1319 12.74284 -0.1319892 1.512499 0.0
t 83
c 253.32102 96.3165 12.82063 -0.1319892 1.512499 0.0
t 83
c 253.32102 96.50109 12.89842 -0.1319892 1.512499 0.0
t 83
c 253.32102 96.68568 12.97621 -0.1319892 1.512499 0.0
t 83
c 253.32102 96.87027 13.054 -0.1319892 1.512499 0.0
t 83
c 253.32102 97.05486 13.13179 -0.1319892 1.512499 0.0
t 83
c 253.32102 97.23945 13.20958 -0.1319892 1.512499 0.0
t 83
c 253.32102 97.42404 13.28737 -0.1319892 1.512499 0.0
t 82
c 253.32102 97.60863 13.36516 -0.1319892 1.512499 0.0
t 83
c 253.32102 97.79322 13.44295 -0.1319892 1.512499 0.0
t 83
c 253.32102 97.97781 13.52074 -0.1319892 1.512499 0.0
t 83
c 253.32102 98.1624 13.59853 -0.1319892 1.512499 0.0
t 83
c 253.32102 98.347 13.67632 -0.1319892 1.512499 0.0
t 83
c 253.32102 98.53159 13.75411 -0.1319892 1.512499 0.0
t 83
c 253.32102 98.71618 13.8319 -0.1319892 1.512499 0.0
t 83
c 253.32102 98.90077 13.90969 -0.1319892 1.512499 0.0
t 83
c 253.32102 99.08536 13.98748 -0.1319892 1.512499 0.0
t 83
c 253.32102 99.26995 14.06527 -0.1319892 1.512499 0.0
t 83
c 253.32102 99.45454 14.14305 -0.1319892 1.512499 0.0
t 83
c 253.32102 99.63913 14.22084 -0.1319892 1.512499 0.0
t 82
c 253.32102 99.82372 14.29863 -0.1319892 1.512499 0.0
t 83
c 253.32102 100.00831 14.37642 -0.1319892 1.512499 0.0
t 83
c 253.32102 100.19291 14.45421 -0.1319892 1.512499 0.0
t 83
c 253.32102 100.3775 14.532 -0.1319892 1.512499 0.0
t 83
c 253.32102 100.56209 14.60979 -0.1319892 1.512499 0.0
t 83
c 253.32102 100.74668 14.68758 -0.1319892 1.512499 0.0
t 83
c 253.32102 100.93127 14.76537 -0.1319892 1.512499 0.0
t 83
c 253.32102 101.11586 14.84316 -0.1319892 1.512499 0.0
t 83
c 253.32102 101.30045 14.92095 -0.1319892 1.512499 0.0
t 83
c 253.32102 101.48504 14.99874 -0.1319892 1.512499 0.0
t 83
c 253.32102 101.66963 15.07653 -0.1319892 1.512499 0.0
t 83
c 253.32102 101.85422 15.15432 -0.1319892 1.512499 0.0
t 83
c 253.32102 102.03881 15.23211 -0.1319892 1.512499 0.0
t 83
c 253.32102 102.22341 15.3099 -0.1319892 1.512499 0.0
t 83
c 253.32102 102.408 15.38769 -0.1319892 1.512499 0.0
t 83
c 253.32102 102.59259 15.46548 -0.1319892 1.512499 0.0
t 83
c 253.32102 102.77718 15.54327 -0.1319892 1.512499 0.0
t 83
c 253.32102 102.96177 15.62106 -0.1319892 1.512499 0.0
t 83
c 253.32102 103.14636 15.69885 -0.1319892 1.512499 0.0
t 83
c 253.32102 103.33095 15.77664 -0.1319892 1.512499 0.0
t 83
c 253.32102 103.51554 15.85443 -0.1319892 1.512499 0.0
t 83
c 253.32102 103.70013 15.93222 -0.1319892 1.512499 0.0
t 83
c 253.32102 103.88472 16.01001 -0.1319892 1.512499 0.0
t 83
c 253.32102 104.06932 16.0878 -0.1319892 1.512499 0.0
t 83
c 253.32102 104.25391 16.16559 -0.1319892 1.512499 0.0
t 83
c 253.32102 104.4385 16.24338 -0.1319892 1.512499 0.0
t 83
c 253.32102 104.62309 16.32117 -0.1319892 1.512499 0.0
t 83
c 253.32102 104.80768 16.39896 -0.1319892 1.512499 0.0
t 83
c 253.32102 104.99227 16.47675 -0.1319892 1.512499 0.0
t 83
c 253.32102 105.17686 16.55454 -0.1319892 1.512499 0.0
t 83
c 253.32102 105.36145 16.63233 -0.1319892 1.512499 0.0
t 83
c 253.32102 105.54604 16.71012 -0.1319892 1.512499 0.0
t 83
c 253.32102 105.73063 16.78791 -0.1319892 1.512499 0.0
t 83
c 253.32102 105.91522 16.8657 -0.1319892 1.512499 0.0
t 83
c 253.32102 106.09982 16.94349 -0.1319892 1.512499 0.0
t 83
c 253.32102 106.28441 17.02128 -0.1319892 1.512499 0.0
t 83
c 253.32102 106.469 17.09907 -0.1319892 1.512499 0.0
t 83
c 253.32102 106.65359 17.17686 -0.1319892 1.512499 0.0
t 83
c 253.32102 106.83818 17.25464 -0.1319892 1.512499 0.0
t 83
c 253.32102 107.02277 17.33243 -0.1319892 1.512499 0.0
t 83
c 253.32102 107.20736 17.41022 -0.1319892 1.512499 0.0
t 83
c 253.32102 107.39195 17.48801 -0.1319892 1.512499 0.0
t 83
c 253.32102 107.57654 17.5658 -0.1319892 1.512499 0.0
t 83
c 253.32102 107.76113 17.64359 -0.1319892 1.512499 0.0
t 83
c 253.32102 107.94573 17.72138 -0.1319892 1.512499 0.0
t 83
c 253.32102 108.13032 17.79917 -0.1319892 1.512499 0.0
t 83
c 253.32102 108.31491 17.87696 -0.1319892 1.512499 0.0
t 83
c 253.32102 108.4995 17.95475 -0.1319892 1.512499 0.0
t 83
c 253.32102 108.68409 18.03254 -0.1319892 1.512499 0.0
t 83
c 253.32102 108.86868 18.11033 -0.1319892 1.512499 0.0
t 83
c 253.32102 109.05327 18.18812 -0.1319892 1.512499 0.0
t 83
c 253.32102 109.23786 18.26591 -0.1319892 1.512499 0.0
t 83
c 253.32102 109.42245 18.3437 -0.1319892 1.512499 0.0
t 83
c 253.32102 109.60704 18.42149 -0.1319892 1.512499 0.0
t 83
c 253.32102 109.79163 18.49928 -0.1319892 1.512499 0.0
t 83
c 253.32102 109.97623 18.57707 -0.1319892 1.512499 0.0
t 83
c 253.32102 110.16082 18.65486 -0.1319892 1.512499 0.0
t 83
c 253.32102 110.34541 18.73265 -0.1319892 1.512499 0.0
t 83
c 253.32102 110.53 18.81044 -0.1319892 1.512499 0.0
t 83
c 253.32102 110.71459 18.88823 -0.1319892 1.512499 0.0
t 83
c 253.32102 110.89918 18.96602 -0.1319892 1.512499 0.0
t 83
c 253.32102 111.08377 19.04381 -0.1319892 1.512499 0.0
t 83
c 253.32102 111.26836 19.1216 -0.1319892 1.512499 0.0
t 83
c 253.32102 111.45295 19.19939 -0.1319892 1.512499 0.0
t 83
c 253.32102 111.63754 19.27718 -0.1319892 1.512499 0.0
t 83
c 253.32102 111.82214 19.35497 -0.1319892 1.512499 0.0
t 83
c 253.32102 112.00673 19.43276 -0.1319892 1.512499 0.0
t 83
c 253.32102 112.19132 19.51055 -0.1319892 1.512499 0.0
t 83
c 253.32102 112.37591 19.58834 -0.1319892 1.512499 0.0
t 83
c 253.32102 112.5605 19.66613 -0.1319892 1.512499 0.0
t 83
c 253.32102 112.74509 19.74392 -0.1319892 1.512499 0.0
t 83
c 253.32102 112.92968 19.82171 -0.1319892 1.512499 0.0
t 83
c 253.32102 113.11427 19.8995 -0.1319892 1.512499 0.0
t 83
c 253.32102 113.29886 19.97729 -0.1319892 1.512499 0.0
t 83
c 253.32102 113.48345 20.05508 -0.1319892 1.512499 0.0
t 83
c 253.32102 113.66804 20.13287 -0.1319892 1.512499 0.0
t 83
c 253.32102 113.85264 20.21066 -0.1319892 1.512499 0.0
t 83
c 253.32102 114.03723 20.28845 -0.1319892 1.512499 0.0
t 83
c 253.32102 114.22182 20.36624 -0.1319892 1.512499 0.0
t 83
c 253.32102 114.40641 20.44402 -0.1319892 1.512499 0.0
t 83
c 253.32102 114.591 20.52181 -0.1319892 1.512499 0.0
t 83
c 253.32102 114.77559 20.5996 -0.1319892 1.512499 0.0
t 83
c 253.32102 114.96018 20.67739 -0.1319892 1.512499 0.0
t 83
c 253.32102 115.14477 20.75518 -0.1319892 1.512499 0.0
t 83
c 253.32102 115.32936 20.83297 -0.1319892 1.512499 0.0
t 83
c 253.32102 115.51395 20.91076 -0.1319892 1.512499 0.0
t 83
c 253.32102 115.69855 20.98855 -0.1319892 1.512499 0.0
t 83
c 253.32102 115.88314 21.06634 -0.1319892 1.512499 0.0
t 83
c 253.32102 116.06773 21.14413 -0.1319892 1.512499 0.0
t 83
c 253.32102 116.25232 21.22192 -0.1319892 1.512499 0.0
t 83
c 253.32102 116.43691 21.29971 -0.1319892 1.512499 0.0
t 83
c 253.32102 116.6215 21.3775 -0.1319892 1.512499 0.0
t 83
c 253.32102 116.80609 21.45529 -0.1319892 1.512499 0.0
t 83
c 253.32102 116.99068 21.53308 -0.1319892 1.512499 0.0
t 83
c 253.32102 117.17527 21.61087 -0.1319892 1.512499 0.0
t 83
c 253.32102 117.35986 21.68866 -0.1319892 1.512499 0.0
t 83
c 253.32102 117.54445 21.76645 -0.1319892 1.512499 0.0
t 83
c 253.32102 117.72905 21.84424 -0.1319892 1.512499 0.0
t 83
c 253.32102 117.91364 21.92203 -0.1319892 1.512499 0.0
t 83
c 253.32102 118.09823 21.99982 -0.1319892 1.512499 0.0
t 83
c 253.32102 118.28282 22.07761 -0.1319892 1.512499 0.0
t 83
c 253.32102 118.46741 22.1554 -0.1319892 1.512499 0.0
t 83
c 253.32102 118.652 22.23319 -0.1319892 1.512499 0.0
t 83
c 253.32102 118.83659 22.31098 -0.1319892 1.512499 0.0
t 83
c 253.32102 119.02118 22.38877 -0.1319892 1.512499 0.0
t 83
c 253.32102 119.20577 22.46656 -0.1319892 1.512499 0.0
t 83
c 253.32102 119.39036 22.54435 -0.1319892 1.512499 0.0
t 83
c 253.32102 119.57496 22.62214 -0.1319892 1.512499 0.0
t 83
c 253.32102 119.75955 22.69993 -0.1319892 1.512499 0.0
t 83
c 253.32102 119.94414 22.77772 -0.1319892 1.512499 0.0
t 83
c 253.32102 120.12873 22.85551 -0.1319892 1.512499 0.0
t 83
c 253.32102 120.31332 22.9333 -0.1319892 1.512499 0.0
t 83
c 253.32102 120.49791 23.01109 -0.1319892 1.512499 0.0
t 83
c 253.32102 120.6825 23.08888 -0.1319892 1.512499 0.0
t 83
c 253.32102 120.86709 23.16667 -0.1319892 1.512499 0.0
t 83
c 253.32102 121.05168 23.24446 -0.1319892 1.512499 0.0
t 83
c 253.32102 121.23627 23.32225 -0.1319892 1.512499 0.0
t 83
c 253.32102 121.42086 23.40004 -0.1319892 1.512499 0.0
t 83
c 253.32102 121.60546 23.47783 -0.1319892 1.512499 0.0
t 83
c 253.32102 121.79005 23.55562 -0.1319892 1.512499 0.0
t 83
c 253.32102 121.97464 23.6334 -0.1319892 1.512499 0.0
t 83
c 253.32102 122.15923 23.71119 -0.1319892 1.512499 0.0
t 83
c 253.32102 122.34382 23.78898 -0.1319892 1.512499 0.0
t 83
c 253.32102 122.52841 23.86677 -0.1319892 1.512499 0.0
t 83
c 253.32102 122.713 23.94456 -0.1319892 1.512499 0.0
t 83
c 253.32102 122.89759 24.02235 -0.1319892 1.512499 0.0
t 83
c 253.32102 123.08218 24.10014 -0.1319892 1.512499 0.0
t 83
c 253.32102 123.26677 24.17793 -0.1319892 1.512499 0.0
t 83
c 253.32102 123.45137 24.25572 -0.1319892 1.512499 0.0
t 83
c 253.32102 123.63596 24.33351 -0.1319892 1.512499 0.0
t 83
c 253.32102 123.82055 24.4113 -0.1319892 1.512499 0.0
t 83
c 253.32102 124.00514 24.48909 -0.1319892 1.512499 0.0
t 83
c 253.32102 124.18973 24.56688 -0.1319892 1.512499 0.0
t 83
c 253.32102 124.37432 24.64467 -0.1319892 1.512499 0.0
t 83
c 253.32102 124.55891 24.72246 -0.1319892 1.512499 0.0
t 83
c 253.32102 124.7435 24.80025 -0.1319892 1.512499 0.0
t 83
c 253.32102 124.92809 24.87804 -0.1319892 1.512499 0.0
t 83
c 253.32102 125.11268 24.95583 -0.1319892 1.512499 0.0
t 83
c 253.32102 125.29727 25.03362 -0.1319892 1.512499 0.0
t 83
c 253.32102 125.48187 25.11141 -0.1319892 1.512499 0.0
t 83
c 253.32102 125.66646 25.1892 -0.1319892 1.512499 0.0
t 83
c 253.32102 125.85105 25.26699 -0.1319892 1.512499 0.0
t 83
c 253.32102 126.03564 25.34478 -0.1319892 1.512499 0.0
t 83
c 253.32102 126.22023 25.42257 -0.1319892 1.512499 0.0
t 83
c 253.32102 126.40482 25.50036 -0.1319892 1.512499 0.0
t 83
c 253.32102 126.58941 25.57815 -0.1319892 1.512499 0.0
t 83
c 253.32102 126.774 25.65594 -0.1319892 1.512499 0.0
t 83
c 253.32102 126.95859 25.73373 -0.1319892 1.512499 0.0
t 83
c 253.32102 127.14318 25.81152 -0.1319892 1.512499 0.0
t 83
c 253.32102 127.32778 25.88931 -0.1319892 1.512499 0.0
t 83
c 253.32102 127.51237 25.9671 -0.1319892 1.512499 0.0
t 83
c 253.32102 127.69696 26.04489 -0.1319892 1.512499 0.0
t 83
c 253.32102 127.88155 26.12268 -0.1319892 1.512499 0.0
t 83
c 253.32102 128.06614 26.20047 -0.1319892 1.512499 0.0
t 83
c 253.32102 128.25073 26.27826 -0.1319892 1.512499 0.0
t 83
c 253.32102 128.43532 26.35605 -0.1319892 1.512499 0.0
t 83
c 253.32102 128.61991 26.43384 -0.1319892 1.512499 0.0
t 83
c 253.32102 128.8045 26.51163 -0.1319892 1.512499 0.0
t 83
c 253.32102 128.98909 26.58942 -0.1319892 1.512499 0.0
t 83
c 253.32102 129.17368 26.66721 -0.1319892 1.512499 0.0
t 83
c 253.32102 129.35828 26.74499 -0.1319892 1.512499 0.0
t 83
c 253.32102 129.54287 26.82278 -0.1319892 1.512499 0.0
t 83
c 253.32102 129.72746 26.90057 -0.1319892 1.512499 0.0
t 83
c 253.32102 129.91205 26.97836 -0.1319892 1.512499 0.0
t 83
c 253.32102 130.09664 27.05615 -0.1319892 1.512499 0.0
t 83
c 253.32102 130.28123 27.13394 -0.1319892 1.512499 0.0
t 83
c 253.32102 130.46582 27.21173 -0.1319892 1.512499 0.0
t 83
c 253.32102 130.65041 27.28952 -0.1319892 1.512499 0.0
t 83
c 253.32102 130.835 27.36731 -0.1319892 1.512499 0.0
t 83
c 253.32102 131.01959 27.4451 -0.1319892 1.512499 0.0
t 83
c 253.32102 131.20419 27.52289 -0.1319892 1.512499 0.0
t 83
c 253.32102 131.38878 27.60068 -0.1319892 1.512499 0.0
t 83
c 253.32102 131.57337 27.67847 -0.1319892 1.512499 0.0
t 83
c 253.32102 131.75796 27.75626 -0.1319892 1.512499 0.0
t 83
c 253.32102 131.94255 27.83405 -0.1319892 1.512499 0.0
t 83
c 253.32102 132.12714 27.91184 -0.1319892 1.512499 0.0
t 83
c 253.32102 132.31173 27.98963 -0.1319892 1.512499 0.0
t 83
c 253.32102 132.49632 28.06742 -0.1319892 1.512499 0.0
t 83
c 253.32102 132.68091 28.14521 -0.1319892 1.512499 0.0
t 83
c 253.32102 132.8655 28.223 -0.1319892 1.512499 0.0
t 83
c 253.32102 133.05009 28.30079 -0.1319892 1.512499 0.0
t 83
c 253.32102 133.23469 28.37858 -0.1319892 1.512499 0.0
t 83
c 253.32102 133.41928 28.45637 -0.1319892 1.512499 0.0
t 83
c 253.32102 133.60387 28.53416 -0.1319892 1.512499 0.0
t 83
c 253.32102 133.78846 28.61195 -0.1319892 1.512499 0.0
t 83
c 253.32102 133.97305 28.68974 -0.1319892 1.512499 0.0
t 83
c 253.32102 134.15764 28.76753 -0.1319892 1.512499 0.0
t 83
c 253.32102 134.34223 28.84532 -0.1319892 1.512499 0.0
t 83
c 253.32102 134.52682 28.92311 -0.1319892 1.512499 0.0
t 83
c 253.32102 134.71141 29.0009 -0.1319892 1.512499 0.0
t 83
c 253.32102 134.896 29.07869 -0.1319892 1.512499 0.0
t 83
c 253.32102 135.0806 29.15648 -0.1319892 1.512499 0.0
t 83
c 253.32102 135.26519 29.23427 -0.1319892 1.512499 0.0
t 83
c 253.32102 135.44978 29.31206 -0.1319892 1.512499 0.0
t 83
c 253.32102 135.63437 29.38985 -0.1319892 1.512499 0.0
t 83
c 253.32102 135.81896 29.46764 -0.1319892 1.512499 0.0
t 83
c 253.32102 136.00355 29.54543 -0.1319892 1.512499 0.0
t 83
c 253.32102 136.18814 29.62322 -0.1319892 1.512499 0.0
t 83
c 253.32102 136.37273 29.70101 -0.1319892 1.512499 0.0
t 83
c 253.32102 136.55732 29.7788 -0.1319892 1.512499 0.0
t 83
c 253.32102 136.74191 29.85659 -0.1319892 1.512499 0.0
t 83
c 253.32102 136.92651 29.93437 -0.1319892 1.512499 0.0
t 83
c 253.32102 137.1111 30.01216 -0.1319892 1.512499 0.0
t 83
c 253.32102 137.29569 30.08995 -0.1319892 1.512499 0.0
t 83
c 253.32102 137.48028 30.16774 -0.1319892 1.512499 0.0
t 83
c 253.32102 137.66487 30.24553 -0.1319892 1.512499 0.0
t 83
c 253.32102 137.84946 30.32332 -0.1319892 1.512499 0.0
t 83
c 253.32102 138.03405 30.40111 -0.1319892 1.512499 0.0
t 83
c 253.32102 138.21864 30.4789 -0.1319892 1.512499 0.0
t 83
c 253.32102 138.40323 30.55669 -0.1319892 1.512499 0.0
t 83
c 253.32102 138.58782 30.63448 -0.1319892 1.512499 0.0
t 83
c 253.32102 138.77241 30.71227 -0.1319892 1.512499 0.0
t 83
c 253.32102 138.95701 30.79006 -0.1319892 1.512499 0.0
t 83
c 253.32102 139.1416 30.86785 -0.1319892 1.512499 0.0
t 83
c 253.32102 139.32619 30.94564 -0.1319892 1.512499 0.0
t 83
c 253.32102 139.51078 31.02343 -0.1319892 1.512499 0.0
t 83
c 253.32102 139.69537 31.10122 -0.1319892 1.512499 0.0
t 83
c 253.32102 139.87996 31.17901 -0.1319892 1.512499 0.0
t 83
c 253.32102 140.06455 31.2568 -0.1319892 1.512499 0.0
t 83
c 253.32102 140.24914 31.33459 -0.1319892 1.512499 0.0
t 83
c 253.32102 140.43373 31.41238 -0.1319892 1.512499 0.0
t 83
c 253.32102 140.61832 31.49017 -0.1319892 1.512499 0.0
t 83
c 253.32102 140.80292 31.56796 -0.1319892 1.512499 0.0
t 83
c 253.32102 140.98751 31.64575 -0.1319892 1.512499 0.0
t 83
c 253.32102 141.1721 31.72354 -0.1319892 1.512499 0.0
t 83
c 253.32102 141.35669 31.80133 -0.1319892 1.512499 0.0
t 83
c 253.32102 141.54128 31.87912 -0.1319892 1.512499 0.0
t 83
c 253.32102 141.72587 31.95691 -0.1319892 1.512499 0.0
t 83
c 253.32102 141.91046 32.0347 -0.1319892 1.512499 0.0
t 83
c 253.32102 142.09505 32.11249 -0.1319892 1.512499 0.0
t 83
c 253.32102 142.27964 32.19028 -0.1319892 1.512499 0.0
t 83
c 253.32102 142.46423 32.26807 -0.1319892 1.512499 0.0
t 83
c 253.32102 142.64882 32.34586 -0.1319892 1.512499 0.0
t 83
c 253.32102 142.83342 32.42365 -0.1319892 1.512499 0.0
t 83
c 253.32102 143.01801 32.50144 -0.1319892 1.512499 0.0
t 83
c 253.32102 143.2026 32.57923 -0.1319892 1.512499 0.0
t 83
c 253.32102 143.38719 32.65702 -0.1319892 1.512499 0.0
t 83
c 253.32102 143.57178 32.73481 -0.1319892 1.512499 0.0
t 83
c 253.32102 143.75637 32.8126 -0.1319892 1.512499 0.0
t 83
c 253.32102 143.94096 32.89039 -0.1319892 1.512499 0.0
t 83
c 253.32102 144.12555 32.96818 -0.1319892 1.512499 0.0
t 83
c 253.32102 144.31014 33.04596 -0.1319892 1.512499 0.0
t 83
c 253.32102 144.49473 33.12375 -0.1319892 1.512499 0.0
t 83
c 253.32102 144.67933 33.20154 -0.1319892 1.512499 0.0
t 83
c 253.32102 144.86392 33.27933 -0.1319892 1.512499 0.0
t 83
c 253.32102 145.04851 33.35712 -0.1319892 1.512499 0.0
t 83
c 253.32102 145.2331 33.43491 -0.1319892 1.512499 0.0
t 83
c 253.32102 145.41769 33.5127 -0.1319892 1.512499 0.0
t 83
c 253.32102 145.60228 33.59049 -0.1319892 1.512499 0.0
t 83
c 253.32102 145.78687 33.66828 -0.1319892 1.512499 0.0
t 83
c 253.32102 145.97146 33.74607 -0.1319892 1.512499 0.0
t 83
c 253.32102 146.15605 33.82386 -0.1319892 1.512499 0.0
t 83
c 253.32102 146.34064 33.90165 -0.1319892 1.512499 0.0
t 83
c 253.32102 146.52523 33.97944 -0.1319892 1.512499 0.0
t 83
c 253.32102 146.70983 34.05723 -0.1319892 1.512499 0.0
t 83
c 253.32102 146.89442 34.13502 -0.1319892 1.512499 0.0
t 83
c 253.32102 147.07901 34.21281 -0.1319892 1.512499 0.0
t 83
c 253.32102 147.2636 34.2906 -0.1319892 1.512499 0.0
t 83
c 253.32102 147.44819 34.36839 -0.1319892 1.512499 0.0
t 83
c 253.32102 147.63278 34.44618 -0.1319892 1.512499 0.0
t 83
c 253.32102 147.81737 34.52397 -0.1319892 1.512499 0.0
t 83
c 253.32102 148.00196 34.60176 -0.1319892 1.512499 0.0
t 83
c 253.32102 148.18655 34.67955 -0.1319892 1.512499 0.0
t 83
c 253.32102 148.37114 34.75734 -0.1319892 1.512499 0.0
t 83
c 253.32102 148.55574 34.83513 -0.1319892 1.512499 0.0
t 83
c 253.32102 148.74033 34.91292 -0.1319892 1.512499 0.0
t 83
c 253.32102 148.92492 34.99071 -0.1319892 1.512499 0.0
t 83
c 253.32102 149.10951 35.0685 -0.1319892 1.512499 0.0
t 83
c 253.32102 149.2941 35.14629 -0.1319892 1.512499 0.0
t 83
c 253.32102 149.47869 35.22408 -0.1319892 1.512499 0.0
t 83
c 253.32102 149.66328 35.30187 -0.1319892 1.512499 0.0
t 83
c 253.32102 149.84787 35.37966 -0.1319892 1.512499 0.0
t 83
c 253.32102 150.03246 35.45745 -0.1319892 1.512499 0.0
t 83
c 253.32102 150.21705 35.53524 -0.1319892 1.512499 0.0
t 83
c 253.32102 150.40164 35.61303 -0.1319892 1.512499 0.0
t 83
c 253.32102 150.58624 35.69082 -0.1319892 1.512499 0.0
t 83
c 253.32102 150.77083 35.76861 -0.1319892 1.512499 0.0
t 83
c 253.32102 150.95542 35.8464 -0.1319892 1.512499 0.0
t 83
c 253.32102 151.14001 35.92419 -0.1319892 1.512499 0.0
t 83
c 253.32102 151.3246 36.00198 -0.1319892 1.512499 0.0
t 83
c 253.32102 151.50919 36.07977 -0.1319892 1.512499 0.0
t 83
c 253.32102 151.69378 36.15756 -0.1319892 1.512499 0.0
t 83
c 253.32102 151.87837 36.23534 -0.1319892 1.512499 0.0
t 83
c 253.32102 152.06296 36.31313 -0.1319892 1.512499 0.0
t 83
c 253.32102 152.24755 36.39092 -0.1319892 1.512499 0.0
t 83
c 253.32102 152.43215 36.46871 -0.1319892 1.512499 0.0
t 83
c 253.32102 152.61674 36.5465 -0.1319892 1.512499 0.0
t 83
c 253.32102 152.80133 36.62429 -0.1319892 1.512499 0.0
t 83
c 253.32102 152.98592 36.70208 -0.1319892 1.512499 0.0
t 83
c 253.32102 153.17051 36.77987 -0.1319892 1.512499 0.0
t 83
c 253.32102 153.3551 36.85766 -0.1319892 1.512499 0.0
t 83
c 253.32102 153.53969 36.93545 -0.1319892 1.512499 0.0
t 83
c 253.32102 153.72428 37.01324 -0.1319892 1.512499 0.0
t 83
c 253.32102 153.90887 37.09103 -0.1319892 1.512499 0.0
t 83
c 253.32102 154.09346 37.16882 -0.1319892 1.512499 0.0
t 83
c 253.32102 154.27805 37.24661 -0.1319892 1.512499 0.0
t 83
c 253.32102 154.46265 37.3244 -0.1319892 1.512499 0.0
t 83
c 253.32102 154.64724 37.40219 -0.1319892 1.512499 0.0
t 83
c 253.32102 154.83183 37.47998 -0.1319892 1.512499 0.0
t 83
c 253.32102 155.01642 37.55777 -0.1319892 1.512499 0.0
t 83
c 253.32102 155.20101 37.63556 -0.1319892 1.512499 0.0
t 83
c 253.32102 155.3856 37.71335 -0.1319892 1.512499 0.0
t 83
c 253.32102 155.57019 37.79114 -0.1319892 1.512499 0.0
t 83
c 253.32102 155.75478 37.86893 -0.1319892 1.512499 0.0
t 83
c 253.32102 155.93937 37.94672 -0.1319892 1.512499 0.0
t 83
c 253.32102 156.12396 38.02451 -0.1319892 1.512499 0.0
t 83
c 253.32102 156.30856 38.1023 -0.1319892 1.512499 0.0
t 83
c 253.32102 156.49315 38.18009 -0.1319892 1.512499 0.0
t 83
c 253.32102 156.67774 38.25788 -0.1319892 1.512499 0.0
t 83
c 253.32102 156.86233 38.33567 -0.1319892 1.512499 0.0
t 83
c 253.32102 157.04692 38.41346 -0.1319892 1.512499 0.0
t 83
c 253.32102 157.23151 38.49125 -0.1319892 1.512499 0.0
t 83
c 253.32102 157.4161 38.56904 -0.1319892 1.512499 0.0
t 83
c 253.32102 157.60069 38.64683 -0.1319892 1.512499 0.0
t 83
c 253.32102 157.78528 38.72462 -0.1319892 1.512499 0.0
t 83
c 253.32102 157.96987 38.80241 -0.1319892 1.512499 0.0
t 83
c 253.32102 158.15446 38.8802 -0.1319892 1.512499 0.0
t 83
c 253.32102 158.33906 38.95799 -0.1319892 1.512499 0.0
t 83
c 253.32102 158.52365 39.03578 -0.1319892 1.512499 0.0
t 83
c 253.32102 158.70824 39.11357 -0.1319892 1.512499 0.0
t 83
c 253.32102 158.89283 39.19136 -0.1319892 1.512499 0.0
t 83
c 253.32102 159.07742 39.26915 -0.1319892 1.512499 0.0
t 83
c 253.32102 159.26201 39.34694 -0.1319892 1.512499 0.0
t 83
c 253.32102 159.4466 39.42472 -0.1319892 1.512499 0.0
t 83
c 253.32102 159.63119 39.50251 -0.1319892 1.512499 0.0
t 83
c 253.32102 159.81578 39.5803 -0.1319892 1.512499 0.0
t 83
c 253.32102 160.00037 39.65809 -0.1319892 1.512499 0.0
t 83
c 253.32102 160.18497 39.73588 -0.1319892 1.512499 0.0
t 83
c 253.32102 160.36956 39.81367 -0.1319892 1.512499 0.0
t 83
c 253.32102 160.55415 39.89146 -0.1319892 1.512499 0.0
t 83
c 253.32102 160.73874 39.96925 -0.1319892 1.512499 0.0
t 83
c 253.32102 160.92333 40.04704 -0.1319892 1.512499 0.0
t 83
c 253.32102 161.10792 40.12483 -0.1319892 1.512499 0.0
t 83
c 253.32102 161.29251 40.20262 -0.1319892 1.512499 0.0
t 83
c 253.32102 161.4771 40.28041 -0.1319892 1.512499 0.0
t 83
c 253.32102 161.66169 40.3582 -0.1319892 1.512499 0.0
t 83
c 253.32102 161.84628 40.43599 -0.1319892 1.512499 0.0
t 83
c 253.32102 162.03087 40.51378 -0.1319892 1.512499 0.0
t 83
c 253.32102 162.21547 40.59157 -0.1319892 1.512499 0.0
t 83
c 253.32102 162.40006 40.66936 -0.1319892 1.512499 0.0
t 83
c 253.32102 162.58465 40.74715 -0.1319892 1.512499 0.0
t 83
c 253.32102 162.76924 40.82494 -0.1319892 1.512499 0.0
t 83
c 253.32102 162.95383 40.90273 -0.1319892 1.512499 0.0
t 83
c 253.32102 163.13842 40.98052 -0.1319892 1.512499 0.0
t 83
c 253.32102 163.32301 41.05831 -0.1319892 1.512499 0.0
t 83
c 253.32102 163.5076 41.1361 -0.1319892 1.512499 0.0
t 83
c 253.32102 163.69219 41.21389 -0.1319892 1.512499 0.0
t 83
c 253.32102 163.87678 41.29168 -0.1319892 1.512499 0.0
t 83
c 253.32102 164.06138 41.36947 -0.1319892 1.512499 0.0
t 83
c 253.32102 164.24597 41.44726 -0.1319892 1.512499 0.0
t 83
c 253.32102 164.43056 41.52505 -0.1319892 1.512499 0.0
t 83
c 253.32102 164.61515 41.60284 -0.1319892 1.512499 0.0
t 83
c 253.32102 164.79974 41.68063 -0.1319892 1.512499 0.0
t 83
c 253.32102 164.98433 41.75842 -0.1319892 1.512499 0.0
t 83
c 253.32102 165.16892 41.83621 -0.1319892 1.512499 0.0
t 83
c 253.32102 165.35351 41.914 -0.1319892 1.512499 0.0
t 83
c 253.32102 165.5381 41.99179 -0.1319892 1.512499 0.0
t 83
c 253.32102 165.72269 42.06958 -0.1319892 1.512499 0.0
t 83
c 253.32102 165.90728 42.14737 -0.1319892 1.512499 0.0
t 83
c 253.32102 166.09188 42.22516 -0.1319892 1.512499 0.0
t 83
c 253.32102 166.27647 42.30295 -0.1319892 1.512499 0.0
t 83
c 253.32102 166.46106 42.38074 -0.1319892 1.512499 0.0
t 83
c 253.32102 166.64565 42.45853 -0.1319892 1.512499 0.0
t 83
c 253.32102 166.83024 42.53631 -0.1319892 1.512499 0.0
t 83
c 253.32102 167.01483 42.6141 -0.1319892 1.512499 0.0
t 83
c 253.32102 167.19942 42.69189 -0.1319892 1.512499 0.0
t 83
c 253.32102 167.38401 42.76968 -0.1319892 1.512499 0.0
t 83
c 253.32102 167.5686 42.84747 -0.1319892 1.512499 0.0
t 83
c 253.32102 167.75319 42.92526 -0.1319892 1.512499 0.0
t 83
c 253.32102 167.93779 43.00305 -0.1319892 1.512499 0.0
t 83
c 253.32102 168.12238 43.08084 -0.1319892 1.512499 0.0
t 83
c 253.32102 168.30697 43.15863 -0.1319892 1.512499 0.0
t 83
c 253.32102 168.49156 43.23642 -0.1319892 1.512499 0.0
t 83
c 253.32102 168.67615 43.31421 -0.1319892 1.512499 0.0
t 83
c 253.32102 168.86074 43.392 -0.1319892 1.512499 0.0
t 83
c 253.32102 169.04533 43.46979 -0.1319892 1.512499 0.0
t 83
c 253.32102 169.22992 43.54758 -0.1319892 1.512499 0.0
t 83
c 253.32102 169.41451 43.62537 -0.1319892 1.512499 0.0
t 83
c 253.32102 169.5991 43.70316 -0.1319892 1.512499 0.0
t 83
c 253.32102 169.78369 43.78095 -0.1319892 1.512499 0.0
t 83
c 253.32102 169.96829 43.85874 -0.1319892 1.512499 0.0
t 83
c 253.32102 170.15288 43.93653 -0.1319892 1.512499 0.0
t 83
c 253.32102 170.33747 44.01432 -0.1319892 1.512499 0.0
t 83
c 253.32102 170.52206 44.09211 -0.1319892 1.512499 0.0
t 83
c 253.32102 170.70665 44.1699 -0.1319892 1.512499 0.0
t 83
c 253.32102 170.89124 44.24769 -0.1319892 1.512499 0.0
t 83
c 253.32102 171.07583 44.32548 -0.1319892 1.512499 0.0
t 83
c 253.32102 171.26042 44.40327 -0.1319892 1.512499 0.0
t 83
c 253.32102 171.44501 44.48106 -0.1319892 1.512499 0.0
t 83
c 253.32102 171.6296 44.55885 -0.1319892 1.512499 0.0
t 83
c 253.32102 171.8142 44.63664 -0.1319892 1.512499 0.0
t 83
c 253.32102 171.99879 44.71443 -0.1319892 1.512499 0.0
t 83
c 253.32102 172.18338 44.79222 -0.1319892 1.512499 0.0
t 83
c 253.32102 172.36797 44.87001 -0.1319892 1.512499 0.0
t 83
c 253.32102 172.55256 44.9478 -0.1319892 1.512499 0.0
t 83
c 253.32102 172.73715 45.02559 -0.1319892 1.512499 0.0
t 83
c 253.32102 172.92174 45.10338 -0.1319892 1.512499 0.0
t 83
c 253.32102 173.10633 45.18117 -0.1319892 1.512499 0.0
t 83
c 253.32102 173.29092 45.25896 -0.1319892 1.512499 0.0
t 83
c 253.32102 173.47551 45.33675 -0.1319892 1.512499 0.0
t 83
c 253.32102 173.6601 45.41454 -0.1319892 1.512499 0.0
t 83
c 253.32102 173.8447 45.49233 -0.1319892 1.512499 0.0
t 83
c 253.32102 174.02929 45.57012 -0.1319892 1.512499 0.0
t 83
c 253.32102 174.21388 45.64791 -0.1319892 1.512499 0.0
t 83
c 253.32102 174.39847 45.72569 -0.1319892 1.512499 0.0
t 83
c 253.32102 174.58306 45.80348 -0.1319892 1.512499 0.0
t 83
c 253.32102 174.76765 45.88127 -0.1319892 1.512499 0.0
t 83
c 253.32102 174.95224 45.95906 -0.1319892 1.512499 0.0
t 83
c 253.32102 175.13683 46.03685 -0.1319892 1.512499 0.0
t 83
c 253.32102 175.32142 46.11464 -0.1319892 1.512499 0.0
t 83
c 253.32102 175.50601 46.19243 -0.1319892 1.512499 0.0
t 83
c 253.32102 175.69061 46.27022 -0.1319892 1.512499 0.0
t 83
c 253.32102 175.8752 46.34801 -0.1319892 1.512499 0.0
t 83
c 253.32102 176.05979 46.4258 -0.1319892 1.512499 0.0
t 83
c 253.32102 176.24438 46.50359 -0.1319892 1.512499 0.0
t 83
c 253.32102 176.42897 46.58138 -0.1319892 1.512499 0.0
t 83
c 253.32102 176.61356 46.65917 -0.1319892 1.512499 0.0
t 83
c 253.32102 176.79815 46.73696 -0.1319892 1.512499 0.0
t 83
c 253.32102 176.98274 46.81475 -0.1319892 1.512499 0.0
t 83
c 253.32102 177.16733 46.89254 -0.1319892 1.512499 0.0
t 83
c 253.32102 177.35192 46.97033 -0.1319892 1.512499 0.0
t 83
c 253.32102 177.53651 47.04812 -0.1319892 1.512499 0.0
t 83
c 253.32102 177.72111 47.12591 -0.1319892 1.512499 0.0
t 83
c 253.32102 177.9057 47.2037 -0.1319892 1.512499 0.0
t 83
c 253.32102 178.09029 47.28149 -0.1319892 1.512499 0.0
t 83
c 253.32102 178.27488 47.35928 -0.1319892 1.512499 0.0
t 83
c 253.32102 178.45947 47.43707 -0.1319892 1.512499 0.0
t 83
c 253.32102 178.64406 47.51486 -0.1319892 1.512499 0.0
t 83
c 253.32102 178.82865 47.59265 -0.1319892 1.512499 0.0
t 83
c 253.32102 179.01324 47.67044 -0.1319892 1.512499 0.0
t 83
c 253.32102 179.19783 47.74823 -0.1319892 1.512499 0.0
t 83
c 253.32102 179.38242 47.82602 -0.1319892 1.512499 0.0
t 83
c 253.32102 179.56702 47.90381 -0.1319892 1.512499 0.0
t 83
c 253.32102 179.75161 47.9816 -0.1319892 1.512499 0.0
t 83
c 253.32102 179.9362 48.05939 -0.1319892 1.512499 0.0
t 83
c 253.32102 180.12079 48.13718 -0.1319892 1.512499 0.0
t 83
c 253.32102 180.30538 48.21497 -0.1319892 1.512499 0.0
t 83
c 253.32102 180.48997 48.29276 -0.1319892 1.512499 0.0
t 83
c 253.32102 180.67456 48.37055 -0.1319892 1.512499 0.0
t 83
c 253.32102 180.85915 48.44834 -0.1319892 1.512499 0.0
t 83
c 253.32102 181.04374 48.52613 -0.1319892 1.512499 0.0
t 83
c 253.32102 181.22833 48.60392 -0.1319892 1.512499 0.0
t 83
c 253.32102 181.41292 48.68171 -0.1319892 1.512499 0.0
t 83
c 253.32102 181.59752 48.7595 -0.1319892 1.512499 0.0
t 83
c 253.32102 181.78211 48.83729 -0.1319892 1.512499 0.0
t 83
c 253.32102 181.9667 48.91507 -0.1319892 1.512499 0.0
t 83
c 253.32102 182.15129 48.99286 -0.1319892 1.512499 0.0
t 83
c 253.32102 182.33588 49.07065 -0.1319892 1.512499 0.0
t 83
c 253.32102 182.52047 49.14844 -0.1319892 1.512499 0.0
t 83
c 253.32102 182.70506 49.22623 -0.1319892 1.512499 0.0
t 83
c 253.32102 182.88965 49.30402 -0.1319892 1.512499 0.0
t 83
c 253.32102 183.07424 49.38181 -0.1319892 1.512499 0.0
t 83
c 253.32102 183.25883 49.4596 -0.1319892 1.512499 0.0
t 83
c 253.32102 183.44343 49.53739 -0.1319892 1.512499 0.0
t 83
c 253.32102 183.62802 49.61518 -0.1319892 1.512499 0.0
t 83
c 253.32102 183.81261 49.69297 -0.1319892 1.512499 0.0
t 83
c 253.32102 183.9972 49.77076 -0.1319892 1.512499 0.0
t 83
c 253.32102 184.18179 49.84855 -0.1319892 1.512499 0.0
t 83
c 253.32102 184.36638 49.92634 -0.1319892 1.512499 0.0
t 83
c 253.32102 184.55097 50.00413 -0.1319892 1.512499 0.0
t 83
c 253.32102 184.73556 50.08192 -0.1319892 1.512499 0.0
t 83
c 253.32102 184.92015 50.15971 -0.1319892 1.512499 0.0
t 83
c 253.32102 185.10474 50.2375 -0.1319892 1.512499 0.0
t 83
c 253.32102 185.28933 50.31529 -0.1319892 1.512499 0.0
t 83
c 253.32102 185.47393 50.39308 -0.1319892 1.512499 0.0
t 83
c 253.32102 185.65852 50.47087 -0.1319892 1.512499 0.0
t 83
c 253.32102 185.84311 50.54866 -0.1319892 1.512499 0.0
t 83
c 253.32102 186.0277 50.62645 -0.1319892 1.512499 0.0
t 83
c 253.32102 186.21229 50.70424 -0.1319892 1.512499 0.0
t 83
c 253.32102 186.39688 50.78203 -0.1319892 1.512499 0.0
t 83
c 253.32102 186.58147 50.85982 -0.1319892 1.512499 0.0
t 83
c 253.32102 186.76606 50.93761 -0.1319892 1.512499 0.0
t 83
c 253.32102 186.95065 51.0154 -0.1319892 1.512499 0.0
t 83
c 253.32102 187.13524 51.09319 -0.1319892 1.512499 0.0
t 83
c 253.32102 187.31984 51.17098 -0.1319892 1.512499 0.0
t 83
c 253.32102 187.50443 51.24877 -0.1319892 1.512499 0.0
t 83
c 253.32102 187.68902 51.32656 -0.1319892 1.512499 0.0
t 83
c 253.32102 187.87361 51.40435 -0.1319892 1.512499 0.0
t 83
c 253.32102 188.0582 51.48214 -0.1319892 1.512499 0.0
t 83
c 253.32102 188.24279 51.55993 -0.1319892 1.512499 0.0
t 83
c 253.32102 188.42738 51.63772 -0.1319892 1.512499 0.0
t 83
c 253.32102 188.61197 51.71551 -0.1319892 1.512499 0.0
t 83
c 253.32102 188.79656 51.7933 -0.1319892 1.512499 0.0
t 83
c 253.32102 188.98115 51.87109 -0.1319892 1.512499 0.0
t 83
c 253.32102 189.16574 51.94888 -0.1319892 1.512499 0.0
t 83
c 253.32102 189.35034 52.02666 -0.1319892 1.512499 0.0
t 83
c 253.32102 189.53493 52.10445 -0.1319892 1.512499 0.0
t 83
c 253.32102 189.71952 52.18224 -0.1319892 1.512499 0.0
t 83
c 253.32102 189.90411 52.26003 -0.1319892 1.512499 0.0
t 83
c 253.32102 190.0887 52.33782 -0.1319892 1.512499 0.0
t 83
c 253.32102 190.27329 52.41561 -0.1319892 1.512499 0.0
t 83
c 253.32102 190.45788 52.4934 -0.1319892 1.512499 0.0
t 83
c 253.32102 190.64247 52.57119 -0.1319892 1.512499 0.0
t 83
c 253.32102 190.82706 52.64898 -0.1319892 1.512499 0.0
t 83
c 253.32102 191.01165 52.72677 -0.1319892 1.512499 0.0
t 83
c 253.32102 191.19625 52.80456 -0.1319892 1.512499 0.0
t 83
c 253.32102 191.38084 52.88235 -0.1319892 1.512499 0.0
t 83
c 253.32102 191.56543 52.96014 -0.1319892 1.512499 0.0
t 83
c 253.32102 191.75002 53.03793 -0.1319892 1.512499 0.0
t 83
c 253.32102 191.93461 53.11572 -0.1319892 1.512499 0.0
t 83
c 253.32102 192.1192 53.19351 -0.1319892 1.512499 0.0
t 83
c 253.32102 192.30379 53.2713 -0.1319892 1.512499 0.0
t 83
c 253.32102 192.48838 53.34909 -0.1319892 1.512499 0.0
t 83
c 253.32102 192.67297 53.42688 -0.1319892 1.512499 0.0
t 83
c 253.32102 192.85756 53.50467 -0.1319892 1.512499 0.0
t 83
c 253.32102 193.04215 53.58246 -0.1319892 1.512499 0.0
t 83
c 253.32102 193.04216 53.58246 -0.1319892 1.512499 0.0
t 83
c 253.32102 193.04216 53.37761 -0.1319892 1.512499 0.0
t 83
c 253.32102 193.04216 53.17276 -0.1319892 1.512499 0.0
t 83
c 253.32102 193.04216 52.96791 -0.1319892 1.512499 0.0
t 83
c 253.32102 193.04216 52.76306 -0.1319892 1.512499 0.0
t 83
c 253.32102 193.04216 52.55821 -0.1319892 1.512499 0.0
t 83
c 253.32102 193.04216 52.35336 -0.1319892 1.512499 0.0
t 82
c 253.32102 193.04216 52.14851 -0.1319892 1.512499 0.0
t 83
c 253.32102 193.04216 51.94366 -0.1319892 1.512499 0.0
t 83
c 253.32102 193.04216 51.73881 -0.1319892 1.512499 0.0
t 83
c 253.32102 193.04216 51.53396 -0.1319892 1.512499 0.0
t 83
c 253.32102 193.04216 51.32911 -0.1319892 1.512499 0.0
t 83
c 253.32102 193.04216 51.12426 -0.1319892 1.512499 0.0
t 83
c 253.32102 193.04216 50.91941 -0.1319892 1.512499 0.0
t 83
c 253.32102 193.04216 50.71456 -0.1319892 1.512499 0.0
t 83
c 253.32102 193.04216 50.50971 -0.1319892 1.512499 0.0
t 83
c 253.32102 193.04216 50.30486 -0.1319892 1.512499 0.0
t 83
c 253.32102 193.04216 50.10001 -0.1319892 1.512499 0.0
t 83
c 253.32102 193.04216 49.89516 -0.1319892 1.512499 0.0
t 83
c 253.32102 193.04216 49.69031 -0.1319892 1.512499 0.0
t 83
c 253.32102 193.04216 49.48546 -0.1319892 1.512499 0.0
t 83
c 253.32102 193.04216 49.28061 -0.1319892 1.512499 0.0
t 83
c 253.32102 193.04216 49.07576 -0.1319892 1.512499 0.0
t 83
c 253.32102 193.04216 48.87091 -0.1319892 1.512499 0.0
t 83
c 253.32102 193.04216 48.66606 -0.1319892 1.512499 0.0
t 83
c 253.32102 193.04216 48.46121 -0.1319892 1.512499 0.0
t 83
c 253.32102 193.04216 48.25636 -0.1319892 1.512499 0.0
t 83
c 253.32102 193.04216 48.05151 -0.1319892 1.512499 0.0
t 83
c 253.32102 193.04216 47.84666 -0.1319892 1.512499 0.0
t 83
c 253.32102 193.04216 47.64182 -0.1319892 1.512499 0.0
t 83
c 253.32102 193.04216 47.43697 -0.1319892 1.512499 0.0
t 83
c 253.32102 193.04216 47.23212 -0.1319892 1.512499 0.0
t 83
c 253.32102 193.04216 47.02727 -0.1319892 1.512499 0.0
t 83
c 253.32102 193.04216 46.82242 -0.1319892 1.512499 0.0
t 83
c 253.32102 193.04216 46.61757 -0.1319892 1.512499 0.0
t 83
c 253.32102 193.04216 46.41272 -0.1319892 1.512499 0.0
t 83
c 253.32102 193.04216 46.20787 -0.1319892 1.512499 0.0
t 83
c 253.32102 193.04216 46.00302 -0.1319892 1.512499 0.0
t 83
c 253.32102 193.04216 45.79817 -0.1319892 1.512499 0.0
t 83
c 253.32102 193.04216 45.59332 -0.1319892 1.512499 0.0
t 83
c 253.32102 193.04216 45.38847 -0.1319892 1.512499 0.0
t 83
c 253.32102 193.04216 45.18362 -0.1319892 1.512499 0.0
t 83
c 253.32102 193.04216 44.97877 -0.1319892 1.512499 0.0
t 83
c 253.32102 193.04216 44.77392 -0.1319892 1.512499 0.0
t 83
c 253.32102 193.04216 44.56907 -0.1319892 1.512499 0.0
t 83
c 253.32102 193.04216 44.36422 -0.1319892 1.512499 0.0
t 83
c 253.32102 193.04216 44.15937 -0.1319892 1.512499 0.0
t 83
c 253.32102 193.04216 43.95452 -0.1319892 1.512499 0.0
t 83
c 253.32102 193.04216 43.74967 -0.1319892 1.512499 0.0
t 83
c 253.32102 193.04216 43.54482 -0.1319892 1.512499 0.0
t 83
c 253.32102 193.04216 43.33997 -0.1319892 1.512499 0.0
t 83
c 253.32102 193.04216 43.13512 -0.1319892 1.512499 0.0
t 83
c 253.32102 193.04216 42.93027 -0.1319892 1.512499 0.0
t 83
c 253.32102 193.04216 42.72542 -0.1319892 1.512499 0.0
t 83
c 253.32102 193.04216 42.52057 -0.1319892 1.512499 0.0
t 83
c 253.32102 193.04216 42.31572 -0.1319892 1.512499 0.0
t 83
c 253.32102 193.04216 42.11087 -0.1319892 1.512499 0.0
t 83
c 253.32102 193.04216 41.90602 -0.1319892 1.512499 0.0
t 83
c 253.32102 193.04216 41.70117 -0.1319892 1.512499 0.0
t 83
c 253.32102 193.04216 41.49632 -0.1319892 1.512499 0.0
t 83
c 253.32102 193.04216 41.29147 -0.1319892 1.512499 0.0
t 83
c 253.32102 193.04216 41.08662 -0.1319892 1.512499 0.0
t 83
c 253.32102 193.04216 40.88177 -0.1319892 1.512499 0.0
t 83
c 253.32102 193.04216 40.67692 -0.1319892 1.512499 0.0
t 83
c 253.32102 193.04216 40.47207 -0.1319892 1.512499 0.0
t 83
c 253.32102 193.04216 40.26722 -0.1319892 1.512499 0.0
t 83
c 253.32102 193.04216 40.06237 -0.1319892 1.512499 0.0
t 83
c 253.32102 193.04216 39.85752 -0.1319892 1.512499 0.0
t 83
c 253.32102 193.04216 39.65267 -0.1319892 1.512499 0.0
t 83
c 253.32102 193.04216 39.44782 -0.1319892 1.512499 0.0
t 83
c 253.32102 193.04216 39.24297 -0.1319892 1.512499 0.0
t 83
c 253.32102 193.04216 39.03812 -0.1319892 1.512499 0.0
t 83
c 253.32102 193.04216 38.83327 -0.1319892 1.512499 0.0
t 83
c 253.32102 193.04216 38.62842 -0.1319892 1.512499 0.0
t 83
c 253.32102 193.04216 38.42357 -0.1319892 1.512499 0.0
t 83
c 253.32102 193.04216 38.21872 -0.1319892 1.512499 0.0
t 83
c 253.32102 193.04216 38.01387 -0.1319892 1.512499 0.0
t 83
c 253.32102 193.04216 37.80902 -0.1319892 1.512499 0.0
t 83
c 253.32102 193.04216 37.60417 -0.1319892 1.512499 0.0
t 83
c 253.32102 193.04216 37.39932 -0.1319892 1.512499 0.0
t 83
c 253.32102 193.04216 37.19447 -0.1319892 1.512499 0.0
t 83
c 253.32102 193.04216 36.98962 -0.1319892 1.512499 0.0
t 83
c 253.32102 193.04216 36.78477 -0.1319892 1.512499 0.0
t 83
c 253.32102 193.04216 36.57992 -0.1319892 1.512499 0.0
t 83
c 253.32102 193.04216 36.37507 -0.1319892 1.512499 0.0
t 83
c 253.32102 193.04216 36.17022 -0.1319892 1.512499 0.0
t 83
c 253.32102 193.04216 35.96538 -0.1319892 1.512499 0.0
t 83
c 253.32102 193.04216 35.76053 -0.1319892 1.512499 0.0
t 83
c 253.32102 193.04216 35.55568 -0.1319892 1.512499 0.0
t 83
c 253.32102 193.04216 35.35083 -0.1319892 1.512499 0.0
t 83
c 253.32102 193.04216 35.14598 -0.1319892 1.512499 0.0
t 83
c 253.32102 193.04216 34.94113 -0.1319892 1.512499 0.0
t 83
c 253.32102 193.04216 34.73628 -0.1319892 1.512499 0.0
t 83
c 253.32102 193.04216 34.53143 -0.1319892 1.512499 0.0
t 83
c 253.32102 193.04216 34.32658 -0.1319892 1.512499 0.0
t 83
c 253.32102 193.04216 34.12173 -0.1319892 1.512499 0.0
t 83
c 253.32102 193.04216 33.91688 -0.1319892 1.512499 0.0
t 83
c 253.32102 193.04216 33.71203 -0.1319892 1.512499 0.0
t 83
c 253.32102 193.04216 33.50718 -0.1319892 1.512499 0.0
t 83
c 253.32102 193.04216 33.30233 -0.1319892 1.512499 0.0
t 83
c 253.32102 193.04216 33.09748 -0.1319892 1.512499 0.0
t 83
c 253.32102 193.04216 32.89263 -0.1319892 1.512499 0.0
t 83
c 253.32102 193.04216 32.68778 -0.1319892 1.512499 0.0
t 83
c 253.32102 193.04216 32.48293 -0.1319892 1.512499 0.0
t 83
c 253.32102 193.04216 32.27808 -0.1319892 1.512499 0.0
t 83
c 253.32102 193.04216 32.07323 -0.1319892 1.512499 0.0
t 83
c 253.32102 193.04216 31.86838 -0.1319892 1.512499 0.0
t 83
c 253.32102 193.04216 31.66353 -0.1319892 1.512499 0.0
t 83
c 253.32102 193.04216 31.45868 -0.1319892 1.512499 0.0
t 83
c 253.32102 193.04216 31.25383 -0.1319892 1.512499 0.0
t 83
c 253.32102 193.04216 31.04898 -0.1319892 1.512499 0.0
t 83
c 253.32102 193.04216 30.84413 -0.1319892 1.512499 0.0
t 83
c 253.32102 193.04216 30.63928 -0.1319892 1.512499 0.0
t 83
c 253.32102 193.04216 30.43443 -0.1319892 1.512499 0.0
t 83
c 253.32102 193.04216 30.22958 -0.1319892 1.512499 0.0
t 83
c 253.32102 193.04216 30.02473 -0.1319892 1.512499 0.0
t 83
c 253.32102 193.04216 29.81988 -0.1319892 1.512499 0.0
t 83
c 253.32102 193.04216 29.61503 -0.1319892 1.512499 0.0
t 83
c 253.32102 193.04216 29.41018 -0.1319892 1.512499 0.0
t 83
c 253.32102 193.04216 29.20533 -0.1319892 1.512499 0.0
t 83
c 253.32102 193.04216 29.00048 -0.1319892 1.512499 0.0
t 83
c 253.32102 193.04216 28.79563 -0.1319892 1.512499 0.0
t 83
c 253.32102 193.04216 28.59078 -0.1319892 1.512499 0.0
t 83
c 253.32102 193.04216 28.38593 -0.1319892 1.512499 0.0
t 83
c 253.32102 193.04216 28.18108 -0.1319892 1.512499 0.0
t 83
c 253.32102 193.04216 27.97623 -0.1319892 1.512499 0.0
t 83
c 253.32102 193.04216 27.77138 -0.1319892 1.512499 0.0
t 83
c 253.32102 193.04216 27.56653 -0.1319892 1.512499 0.0
t 83
c 253.32102 193.04216 27.36168 -0.1319892 1.512499 0.0
t 83
c 253.32102 193.04216 27.15683 -0.1319892 1.512499 0.0
t 83
c 253.32102 193.04216 26.95198 -0.1319892 1.512499 0.0
t 83
c 253.32102 193.04216 26.74713 -0.1319892 1.512499 0.0
t 83
c 253.32102 193.04216 26.54228 -0.1319892 1.512499 0.0
t 83
c 253.32102 193.04216 26.33743 -0.1319892 1.512499 0.0
t 83
c 253.32102 193.04216 26.13258 -0.1319892 1.512499 0.0
t 83
c 253.32102 193.04216 25.92773 -0.1319892 1.512499 0.0
t 83
c 253.32102 193.04216 25.72288 -0.1319892 1.512499 0.0
t 83
c 253.32102 193.04216 25.51803 -0.1319892 1.512499 0.0
t 83
c 253.32102 193.04216 25.31318 -0.1319892 1.512499 0.0
t 83
c 253.32102 193.04216 25.10833 -0.1319892 1.512499 0.0
t 83
c 253.32102 193.04216 24.90348 -0.1319892 1.512499 0.0
t 83
c 253.32102 193.04216 24.69863 -0.1319892 1.512499 0.0
t 83
c 253.32102 193.04216 24.49378 -0.1319892 1.512499 0.0
t 83
c 253.32102 193.04216 24.28894 -0.1319892 1.512499 0.0
t 83
c 253.32102 193.04216 24.08409 -0.1319892 1.512499 0.0
t 83
c 253.32102 193.04216 23.87924 -0.1319892 1.512499 0.0
t 83
c 253.32102 193.04216 23.67439 -0.1319892 1.512499 0.0
t 83
c 253.32102 193.04216 23.46954 -0.1319892 1.512499 0.0
t 83
c 253.32102 193.04216 23.26469 -0.1319892 1.512499 0.0
t 83
c 253.32102 193.04216 23.05984 -0.1319892 1.512499 0.0
t 83
c 253.32102 193.04216 22.85499 -0.1319892 1.512499 0.0
t 83
c 253.32102 193.04216 22.65014 -0.1319892 1.512499 0.0
t 83
c 253.32102 193.04216 22.44529 -0.1319892 1.512499 0.0
t 83
c 253.32102 193.04216 22.24044 -0.1319892 1.512499 0.0
t 83
c 253.32102 193.04216 22.03559 -0.1319892 1.512499 0.0
t 83
c 253.32102 193.04216 21.83074 -0.1319892 1.512499 0.0
t 83
c 253.32102 193.04216 21.62589 -0.1319892 1.512499 0.0
t 83
c 253.32102 193.04216 21.42104 -0.1319892 1.512499 0.0
t 83
c 253.32102 193.04216 21.21619 -0.1319892 1.512499 0.0
t 83
c 253.32102 193.04216 21.01134 -0.1319892 1.512499 0.0
t 83
c 253.32102 193.04216 20.80649 -0.1319892 1.512499 0.0
t 83
c 253.32102 193.04216 20.60164 -0.1319892 1.512499 0.0
t 83
c 253.32102 193.04216 20.39679 -0.1319892 1.512499 0.0
t 83
c 253.32102 193.04216 20.19194 -0.1319892 1.512499 0.0
t 83
c 253.32102 193.04216 19.98709 -0.1319892 1.512499 0.0
t 83
c 253.32102 193.04216 19.78224 -0.1319892 1.512499 0.0
t 83
c 253.32102 193.04216 19.57739 -0.1319892 1.512499 0.0
t 83
c 253.32102 193.04216 19.37254 -0.1319892 1.512499 0.0
t 83
c 253.32102 193.04216 19.16769 -0.1319892 1.512499 0.0
t 83
c 253.32102 193.04216 18.96284 -0.1319892 1.512499 0.0
t 83
c 253.32102 193.04216 18.75799 -0.1319892 1.512499 0.0
t 83
c 253.32102 193.04216 18.55314 -0.1319892 1.512499 0.0
t 83
c 253.32102 193.04216 18.34829 -0.1319892 1.512499 0.0
t 83
c 253.32102 193.04216 18.14344 -0.1319892 1.512499 0.0
t 83
c 253.32102 193.04216 17.93859 -0.1319892 1.512499 0.0
t 83
c 253.32102 193.04216 17.73374 -0.1319892 1.512499 0.0
t 83
c 253.32102 193.04216 17.52889 -0.1319892 1.512499 0.0
t 83
c 253.32102 193.04216 17.32404 -0.1319892 1.512499 0.0
t 83
c 253.32102 193.04216 17.11919 -0.1319892 1.512499 0.0
t 83
c 253.32102 193.04216 16.91434 -0.1319892 1.512499 0.0
t 83
c 253.32102 193.04216 16.70949 -0.1319892 1.512499 0.0
t 83
c 253.32102 193.04216 16.50464 -0.1319892 1.512499 0.0
t 83
c 253.32102 193.04216 16.29979 -0.1319892 1.512499 0.0
t 83
c 253.32102 193.04216 16.09494 -0.1319892 1.512499 0.0
t 83
c 253.32102 193.04216 15.89009 -0.1319892 1.512499 0.0
t 83
c 253.32102 193.04216 15.68524 -0.1319892 1.512499 0.0
t 83
c 253.32102 193.04216 15.48039 -0.1319892 1.512499 0.0
t 83
c 253.32102 193.04216 15.27554 -0.1319892 1.512499 0.0
t 83
c 253.32102 193.04216 15.07069 -0.1319892 1.512499 0.0
t 83
c 253.32102 193.04216 14.86584 -0.1319892 1.512499 0.0
t 83
c 253.32102 193.04216 14.66099 -0.1319892 1.512499 0.0
t 83
c 253.32102 193.04216 14.45614 -0.1319892 1.512499 0.0
t 83
c 253.32102 193.04216 14.25129 -0.1319892 1.512499 0.0
t 83
c 253.32102 193.04216 14.04644 -0.1319892 1.512499 0.0
t 83
c 253.32102 193.04216 13.84159 -0.1319892 1.512499 0.0
t 83
c 253.32102 193.04216 13.63674 -0.1319892 1.512499 0.0
t 83
c 253.32102 193.04216 13.43189 -0.1319892 1.512499 0.0
t 83
c 253.32102 193.04216 13.22704 -0.1319892 1.512499 0.0
t 83
c 253.32102 193.04216 13.02219 -0.1319892 1.512499 0.0
t 83
c 253.32102 193.04216 12.81734 -0.1319892 1.512499 0.0
t 83
c 253.32102 193.04216 12.61249 -0.1319892 1.512499 0.0
t 83
c 253.32102 193.04216 12.61249 -0.1319892 1.512499 0.0
t 83
c 253.32102 193.04216 12.61249 -0.1319892 1.512499 0.0
t 84
c 253.32102 193.04216 12.61249 -0.1319892 1.512499 0.0
t 85
c 253.32102 193.04216 12.61249 -0.1319892 1.512499 0.0
t 85
c 253.32102 193.04216 12.61249 -0.1319892 1.512499 0.0
t 87
c 253.32102 193.04216 12.61249 -0.1319892 1.512499 0.0
t 88
c 253.32102 193.04216 12.61249 -0.1319892 1.512499 0.0
t 89
c 253.32102 193.04216 12.61249 -0.1319892 1.512499 0.0
t 90
c 253.32102 193.04216 12.61249 -0.1319892 1.512499 0.0
t 91
c 253.32102 193.04216 12.61249 -0.1319892 1.512499 0.0
t 92
c 253.32102 193.04216 12.61249 -0.1319892 1.512499 0.0
t 93
c 253.32102 193.04216 12.61249 -0.1319892 1.512499 0.0
t 94
c 253.32102 193.04216 12.61249 -0.1319892 1.512499 0.0
t 95
c 253.32102 193.04216 12.61249 -0.1319892 1.512499 0.0
t 96
c 253.32102 193.04216 12.61249 -0.1319892 1.512499 0.0
t 97
c 253.32102 193.04216 12.61249 -0.1319892 1.512499 0.0
t 98
c 253.32102 193.04216 12.61249 -0.1319892 1.512499 0.0
t 99
c 253.32102 193.04216 12.61249 -0.1319892 1.512499 0.0
t 100
c 253.32102 193.04216 12.61249 -0.1319892 1.512499 0.0
t 101
c 253.32102 193.04216 12.61249 -0.1319892 1.512499 0.0
t 102
c 253.32102 193.04216 12.61249 -0.1319892 1.512499 0.0
t 103
c 253.32102 193.04216 12.61249 -0.1319892 1.512499 0.0
t 104
c 253.32102 193.04216 12.61249 -0.1319892 1.512499 0.0
t 105
c 253.32102 193.04216 12.61249 -0.1319892 1.512499 0.0
t 106
c 253.32102 193.04216 12.61249 -0.1319892 1.512499 0.0
t 107
c 253.32102 193.04216 12.61249 -0.1319892 1.512499 0.0
t 108
c 253.32102 193.04216 12.61249 -0.1319892 1.512499 0.0
t 109
c 253.32102 193.04216 12.61249 -0.1319892 1.512499 0.0
t 110
c 253.32102 193.04216 12.61249 -0.1319892 1.512499 0.0
t 111
c 253.32102 193.04216 12.61249 -0.1319892 1.512499 0.0
t 112
c 253.32102 193.04216 12.61249 -0.1319892 1.512499 0.0
t 113
c 253.32102 193.04216 12.61249 -0.1319892 1.512499 0.0
t 114
c 253.32102 193.04216 12.61249 -0.1319892 1.512499 0.0
t 115
c 253.32102 193.04216 12.61249 -0.1319892 1.512499 0.0
t 116
c 253.32102 193.04216 12.61249 -0.1319892 1.512499 0.0
t 117
c 253.32102 193.04216 12.61249 -0.1319892 1.512499 0.0
t 118
c 253.32102 193.04216 12.61249 -0.1319892 1.512499 0.0
t 119
c 253.32102 193.04216 12.61249 -0.1319892 1.512499 0.0
t 120
c 253.32102 193.04216 12.61249 -0.1319892 1.512499 0.0
t 121
c 253.32102 193.04216 12.61249 -0.1319892 1.512499 0.0
t 122
c 253.32102 193.04216 12.61249 -0.1319892 1.512499 0.0
t 123
c 253.32102 193.04216 12.61249 -0.1319892 1.512499 0.0
t 124
c 253.32102 193.04216 12.61249 -0.1319892 1.512499 0.0
t 125
c 253.32102 193.04216 12.61249 -0.1319892 1.512499 0.0
t 126
c 253.32102 193.04216 12.61249 -0.1319892 1.512499 0.0
t 127
c 253.32102 193.04216 12.61249 -0.1319892 1.512499 0.0
t 128
c 253.32102 193.04216 12.61249 -0.1319892 1.512499 0.0
t 129
c 253.32102 193.04216 12.61249 -0.1319892 1.512499 0.0
t 130
c 253.32102 193.04216 12.61249 -0.1319892 1.512499 0.0
t 131
c 253.32102 193.04216 12.61249 -0.1319892 1.512499 0.0
t 132
c 253.32102 193.04216 12.61249 -0.1319892 1.512499 0.0
t 133
c 253.32102 193.04216 12.61249 -0.1319892 1.512499 0.0
t 134
c 253.32102 193.04216 12.61249 -0.1319892 1.512499 0.0
t 135
c 253.32102 193.04216 12.61249 -0.1319892 1.512499 0.0
t 136
c 253.32102 193.04216 12.61249 -0.1319892 1.512499 0.0
t 137
c 253.32102 193.04216 12.61249 -0.1319892 1.512499 0.0
t 138
c 253.32102 193.04216 12.61249 -0.1319892 1.512499 0.0
t 139
c 253.32102 193.04216 12.61249 -0.1319892 1.512499 0.0
t 140
c 253.32102 193.04216 12.61249 -0.1319892 1.512499 0.0
t 141
c 253.32102 193.04216 12.61249 -0.1319892 1.512499 0.0
t 142
c 253.32102 193.04216 12.61249 -0.1319892 1.512499 0.0
t 143
c 253.32102 193.04216 12.61249 -0.1319892 1.512499 0.0
t 144
c 253.32102 193.04216 12.61249 -0.1319892 1.512499 0.0
t 144
c 253.32102 193.04216 12.81432 -0.1319892 1.512499 0.0
t 144
c 253.32102 193.04216 13.01614 -0.1319892 1.512499 0.0
t 144
c 253.32102 193.04216 13.21797 -0.1319892 1.512499 0.0
t 144
c 253.32102 193.04216 13.41979 -0.1319892 1.512499 0.0
t 144
c 253.32102 193.04216 13.62161 -0.1319892 1.512499 0.0
t 144
c 253.32102 193.04216 13.82344 -0.1319892 1.512499 0.0
t 144
c 253.32102 193.04216 14.02526 -0.1319892 1.512499 0.0
t 144
c 253.32102 193.04216 14.22708 -0.1319892 1.512499 0.0
t 144
c 253.32102 193.04216 14.42891 -0.1319892 1.512499 0.0
t 144
c 253.32102 193.04216 14.63073 -0.1319892 1.512499 0.0
t 144
c 253.32102 193.04216 14.83255 -0.1319892 1.512499 0.0
t 144
c 253.32102 193.04216 15.03438 -0.1319892 1.512499 0.0
t 144
c 253.32102 193.04216 15.2362 -0.1319892 1.512499 0.0
t 144
c 253.32102 193.04216 15.43803 -0.1319892 1.512499 0.0
t 144
c 253.32102 193.04216 15.63985 -0.1319892 1.512499 0.0
t 143
c 253.32102 193.04216 15.84167 -0.1319892 1.512499 0.0
t 144
c 253.32102 193.04216 16.0435 -0.1319892 1.512499 0.0
t 144
c 253.32102 193.04216 16.24532 -0.1319892 1.512499 0.0
t 144
c 253.32102 193.04216 16.44714 -0.1319892 1.512499 0.0
t 144
c 253.32102 193.04216 16.64897 -0.1319892 1.512499 0.0
t 144
c 253.32102 193.04216 16.85079 -0.1319892 1.512499 0.0
t 143
c 253.32102 193.04216 17.05261 -0.1319892 1.512499 0.0
t 144
c 253.32102 193.04216 17.25444 -0.1319892 1.512499 0.0
t 144
c 253.32102 193.04216 17.45626 -0.1319892 1.512499 0.0
t 144
c 253.32102 193.04216 17.65809 -0.1319892 1.512499 0.0
t 144
c 253.32102 193.04216 17.85991 -0.1319892 1.512499 0.0
t 144
c 253.32102 193.04216 18.06173 -0.1319892 1.512499 0.0
t 144
c 253.32102 193.04216 18.26356 -0.1319892 1.512499 0.0
t 144
c 253.32102 193.04216 18.46538 -0.1319892 1.512499 0.0
t 144
c 253.32102 193.04216 18.6672 -0.1319892 1.512499 0.0
t 144
c 253.32102 193.04216 18.86903 -0.1319892 1.512499 0.0
t 144
c 253.32102 193.04216 19.07085 -0.1319892 1.512499 0.0
t 144
c 253.32102 193.04216 19.27267 -0.1319892 1.512499 0.0
t 144
c 253.32102 193.04216 19.4745 -0.1319892 1.512499 0.0
t 144
c 253.32102 193.04216 19.67632 -0.1319892 1.512499 0.0
t 144
c 253.32102 193.04216 19.87815 -0.1319892 1.512499 0.0
t 144
c 253.32102 193.04216 20.07997 -0.1319892 1.512499 0.0
t 143
c 253.32102 193.04216 20.28179 -0.1319892 1.512499 0.0
t 144
c 253.32102 193.04216 20.48362 -0.1319892 1.512499 0.0
t 144
c 253.32102 193.04216 20.68544 -0.1319892 1.512499 0.0
t 144
c 253.32102 193.04216 20.88726 -0.1319892 1.512499 0.0
t 144
c 253.32102 193.04216 21.08909 -0.1319892 1.512499 0.0
t 144
c 253.32102 193.04216 21.29091 -0.1319892 1.512499 0.0
t 144
c 253.32102 193.04216 21.49273 -0.1319892 1.512499 0.0
t 144
c 253.32102 193.04216 21.69456 -0.1319892 1.512499 0.0
t 144
c 253.32102 193.04216 21.89638 -0.1319892 1.512499 0.0
t 144
c 253.32102 193.04216 22.09821 -0.1319892 1.512499 0.0
t 144
c 253.32102 193.04216 22.30003 -0.1319892 1.512499 0.0
t 144
c 253.32102 193.04216 22.50185 -0.1319892 1.512499 0.0
t 144
c 253.32102 193.04216 22.70368 -0.1319892 1.512499 0.0
t 144
c 253.32102 193.04216 22.9055 -0.1319892 1.512499 0.0
t 144
c 253.32102 193.04216 23.10732 -0.1319892 1.512499 0.0
t 144
c 253.32102 193.04216 23.30915 -0.1319892 1.512499 0.0
t 144
c 253.32102 193.04216 23.51097 -0.1319892 1.512499 0.0
t 144
c 253.32102 193.04216 23.71279 -0.1319892 1.512499 0.0
t 144
c 253.32102 193.04216 23.91462 -0.1319892 1.512499 0.0
t 144
c 253.32102 193.04216 24.11644 -0.1319892 1.512499 0.0
t 144
c 253.32102 193.04216 24.31827 -0.1319892 1.512499 0.0
t 144
c 253.32102 193.04216 24.52009 -0.1319892 1.512499 0.0
t 144
c 253.32102 193.04216 24.72191 -0.1319892 1.512499 0.0
t 144
c 253.32102 193.04216 24.92374 -0.1319892 1.512499 0.0
t 144
c 253.32102 193.04216 25.12556 -0.1319892 1.512499 0.0
t 144
c 253.32102 193.04216 25.32738 -0.1319892 1.512499 0.0
t 144
c 253.32102 193.04216 25.52921 -0.1319892 1.512499 0.0
t 144
c 253.32102 193.04216 25.73103 -0.1319892 1.512499 0.0
t 144
c 253.32102 193.04216 25.93285 -0.1319892 1.512499 0.0
t 144
c 253.32102 193.04216 26.13468 -0.1319892 1.512499 0.0
t 144
c 253.32102 193.04216 26.3365 -0.1319892 1.512499 0.0
t 144
c 253.32102 193.04216 26.53833 -0.1319892 1.512499 0.0
t 144
c 253.32102 193.04216 26.74015 -0.1319892 1.512499 0.0
t 144
c 253.32102 193.04216 26.94197 -0.1319892 1.512499 0.0
t 144
c 253.32102 193.04216 27.1438 -0.1319892 1.512499 0.0
t 144
c 253.32102 193.04216 27.34562 -0.1319892 1.512499 0.0
t 144
c 253.32102 193.04216 27.54744 -0.1319892 1.512499 0.0
t 144
c 253.32102 193.04216 27.74927 -0.1319892 1.512499 0.0
t 144
c 253.32102 193.04216 27.95109 -0.1319892 1.512499 0.0
t 144
c 253.32102 193.04216 28.15291 -0.1319892 1.512499 0.0
t 144
c 253.32102 193.04216 28.35474 -0.1319892 1.512499 0.0
t 144
c 253.32102 193.04216 28.55656 -0.1319892 1.512499 0.0
t 144
c 253.32102 193.04216 28.75839 -0.1319892 1.512499 0.0
t 144
c 253.32102 193.04216 28.96021 -0.1319892 1.512499 0.0
t 144
c 253.32102 193.04216 29.16203 -0.1319892 1.512499 0.0
t 144
c 253.32102 193.04216 29.36386 -0.1319892 1.512499 0.0
t 144
c 253.32102 193.04216 29.56568 -0.1319892 1.512499 0.0
t 144
c 253.32102 193.04216 29.7675 -0.1319892 1.512499 0.0
t 144
c 253.32102 193.04216 29.96933 -0.1319892 1.512499 0.0
t 144
c 253.32102 193.04216 30.17115 -0.1319892 1.512499 0.0
t 144
c 253.32102 193.04216 30.37297 -0.1319892 1.512499 0.0
t 144
c 253.32102 193.04216 30.5748 -0.1319892 1.512499 0.0
t 144
c 253.32102 193.04216 30.77662 -0.1319892 1.512499 0.0
t 144
c 253.32102 193.04216 30.97845 -0.1319892 1.512499 0.0
t 144
c 253.32102 193.04216 31.18027 -0.1319892 1.512499 0.0
t 144
c 253.32102 193.04216 31.38209 -0.1319892 1.512499 0.0
t 144
c 253.32102 193.04216 31.58392 -0.1319892 1.512499 0.0
t 144
c 253.32102 193.04216 31.78574 -0.1319892 1.512499 0.0
t 144
c 253.32102 193.04216 31.98756 -0.1319892 1.512499 0.0
t 144
c 253.32102 193.04216 32.18939 -0.1319892 1.512499 0.0
t 144
c 253.32102 193.04216 32.39121 -0.1319892 1.512499 0.0
t 144
c 253.32102 193.04216 32.59303 -0.1319892 1.512499 0.0
t 144
c 253.32102 193.04216 32.79486 -0.1319892 1.512499 0.0
t 144
c 253.32102 193.04216 32.99668 -0.1319892 1.512499 0.0
t 144
c 253.32102 193.04216 33.19851 -0.1319892 1.512499 0.0
t 144
c 253.32102 193.04216 33.40033 -0.1319892 1.512499 0.0
t 144
c 253.32102 193.04216 33.60215 -0.1319892 1.512499 0.0
t 144
c 253.32102 193.04216 33.80398 -0.1319892 1.512499 0.0
t 144
c 253.32102 193.04216 34.0058 -0.1319892 1.512499 0.0
t 144
c 253.32102 193.04216 34.20762 -0.1319892 1.512499 0.0
t 144
c 253.32102 193.04216 34.40945 -0.1319892 1.512499 0.0
t 144
c 253.32102 193.04216 34.61127 -0.1319892 1.512499 0.0
t 144
c 253.32102 193.04216 34.81309 -0.1319892 1.512499 0.0
t 144
c 253.32102 193.04216 35.01492 -0.1319892 1.512499 0.0
t 144
c 253.32102 193.04216 35.21674 -0.1319892 1.512499 0.0
t 144
c 253.32102 193.04216 35.41857 -0.1319892 1.512499 0.0
t 144
c 253.32102 193.04216 35.62039 -0.1319892 1.512499 0.0
t 144
c 253.32102 193.04216 35.82221 -0.1319892 1.512499 0.0
t 144
c 253.32102 193.04216 36.02404 -0.1319892 1.512499 0.0
t 144
c 253.32102 193.04216 36.22586 -0.1319892 1.512499 0.0
t 144
c 253.32102 193.04216 36.42768 -0.1319892 1.512499 0.0
t 144
c 253.32102 193.04216 36.62951 -0.1319892 1.512499 0.0
t 144
c 253.32102 193.04216 36.83133 -0.1319892 1.512499 0.0
t 144
c 253.32102 193.04216 37.03315 -0.1319892 1.512499 0.0
t 144
c 253.32102 193.04216 37.23498 -0.1319892 1.512499 0.0
t 144
c 253.32102 193.04216 37.4368 -0.1319892 1.512499 0.0
t 144
c 253.32102 193.04216 37.63863 -0.1319892 1.512499 0.0
t 144
c 253.32102 193.04216 37.84045 -0.1319892 1.512499 0.0
t 144
c 253.32102 193.04216 38.04227 -0.1319892 1.512499 0.0
t 144
c 253.32102 193.04216 38.2441 -0.1319892 1.512499 0.0
t 144
c 253.32102 193.04216 38.44592 -0.1319892 1.512499 0.0
t 144
c 253.32102 193.04216 38.64774 -0.1319892 1.512499 0.0
t 144
c 253.32102 193.04216 38.84957 -0.1319892 1.512499 0.0
t 144
c 253.32102 193.04216 39.05139 -0.1319892 1.512499 0.0
t 144
c 253.32102 193.04216 39.25321 -0.1319892 1.512499 0.0
t 144
c 253.32102 193.04216 39.45504 -0.1319892 1.512499 0.0
t 144
c 253.32102 193.04216 39.65686 -0.1319892 1.512499 0.0
t 144
c 253.32102 193.04216 39.85869 -0.1319892 1.512499 0.0
t 144
c 253.32102 193.04216 40.06051 -0.1319892 1.512499 0.0
t 144
c 253.32102 193.04216 40.26233 -0.1319892 1.512499 0.0
t 144
c 253.32102 193.04216 40.46416 -0.1319892 1.512499 0.0
t 144
c 253.32102 193.04216 40.66598 -0.1319892 1.512499 0.0
t 144
c 253.32102 193.04216 40.8678 -0.1319892 1.512499 0.0
t 144
c 253.32102 193.04216 41.06963 -0.1319892 1.512499 0.0
t 144
c 253.32102 193.04216 41.27145 -0.1319892 1.512499 0.0
t 144
c 253.32102 193.04216 41.47327 -0.1319892 1.512499 0.0
t 144
c 253.32102 193.04216 41.6751 -0.1319892 1.512499 0.0
t 144
c 253.32102 193.04216 41.87692 -0.1319892 1.512499 0.0
t 144
c 253.32102 193.04216 42.07875 -0.1319892 1.512499 0.0
t 144
c 253.32102 193.04216 42.28057 -0.1319892 1.512499 0.0
t 144
c 253.32102 193.04216 42.48239 -0.1319892 1.512499 0.0
t 144
c 253.32102 193.04216 42.68422 -0.1319892 1.512499 0.0
t 144
c 253.32102 193.04216 42.88604 -0.1319892 1.512499 0.0
t 144
c 253.32102 193.04216 43.08786 -0.1319892 1.512499 0.0
t 144
c 253.32102 193.04216 43.28969 -0.1319892 1.512499 0.0
t 144
c 253.32102 193.04216 43.49151 -0.1319892 1.512499 0.0
t 144
c 253.32102 193.04216 43.69333 -0.1319892 1.512499 0.0
t 144
c 253.32102 193.04216 43.89516 -0.1319892 1.512499 0.0
t 144
c 253.32102 193.04216 44.09698 -0.1319892 1.512499 0.0
t 144
c 253.32102 193.04216 44.2988 -0.1319892 1.512499 0.0
t 144
c 253.32102 193.04216 44.50063 -0.1319892 1.512499 0.0
t 144
c 253.32102 193.04216 44.70245 -0.1319892 1.512499 0.0
t 144
c 253.32102 193.04216 44.90428 -0.1319892 1.512499 0.0
t 144
c 253.32102 193.04216 45.1061 -0.1319892 1.512499 0.0
t 144
c 253.32102 193.04216 45.30792 -0.1319892 1.512499 0.0
t 144
c 253.32102 193.04216 45.50975 -0.1319892 1.512499 0.0
t 144
c 253.32102 193.04216 45.71157 -0.1319892 1.512499 0.0
t 144
c 253.32102 193.04216 45.91339 -0.1319892 1.512499 0.0
t 144
c 253.32102 193.04216 46.11522 -0.1319892 1.512499 0.0
t 144
c 253.32102 193.04216 46.31704 -0.1319892 1.512499 0.0
t 144
c 253.32102 193.04216 46.51886 -0.1319892 1.512499 0.0
t 144
c 253.32102 193.04216 46.72069 -0.1319892 1.512499 0.0
t 144
c 253.32102 193.04216 46.92251 -0.1319892 1.512499 0.0
t 144
c 253.32102 193.04216 47.12434 -0.1319892 1.512499 0.0
t 144
c 253.32102 193.04216 47.32616 -0.1319892 1.512499 0.0
t 144
c 253.32102 193.04216 47.52798 -0.1319892 1.512499 0.0
t 144
c 253.32102 193.04216 47.72981 -0.1319892 1.512499 0.0
t 144
c 253.32102 193.04216 47.93163 -0.1319892 1.512499 0.0
t 144
c 253.32102 193.04216 48.13345 -0.1319892 1.512499 0.0
t 144
c 253.32102 193.04216 48.33528 -0.1319892 1.512499 0.0
t 144
c 253.32102 193.04216 48.5371 -0.1319892 1.512499 0.0
t 144
c 253.32102 193.04216 48.73892 -0.1319892 1.512499 0.0
t 144
c 253.32102 193.04216 48.94075 -0.1319892 1.512499 0.0
t 144
c 253.32102 193.04216 49.14257 -0.1319892 1.512499 0.0
t 144
c 253.32102 193.04216 49.3444 -0.1319892 1.512499 0.0
t 144
c 253.32102 193.04216 49.54622 -0.1319892 1.512499 0.0
t 144
c 253.32102 193.04216 49.74804 -0.1319892 1.512499 0.0
t 144
c 253.32102 193.04216 49.94987 -0.1319892 1.512499 0.0
t 144
c 253.32102 193.04216 50.15169 -0.1319892 1.512499 0.0
t 144
c 253.32102 193.04216 50.35351 -0.1319892 1.512499 0.0
t 144
c 253.32102 193.04216 50.55534 -0.1319892 1.512499 0.0
t 144
c 253.32102 193.04216 50.75716 -0.1319892 1.512499 0.0
t 144
c 253.32102 193.04216 50.95898 -0.1319892 1.512499 0.0
t 144
c 253.32102 193.04216 51.16081 -0.1319892 1.512499 0.0
t 144
c 253.32102 193.04216 51.36263 -0.1319892 1.512499 0.0
t 144
c 253.32102 193.04216 51.56446 -0.1319892 1.512499 0.0
t 144
c 253.32102 193.04216 51.76628 -0.1319892 1.512499 0.0
t 144
c 253.32102 193.04216 51.9681 -0.1319892 1.512499 0.0
t 144
c 253.32102 193.04216 52.16993 -0.1319892 1.512499 0.0
t 144
c 253.32102 193.04216 52.37175 -0.1319892 1.512499 0.0
t 144
c 253.32102 193.04216 52.57357 -0.1319892 1.512499 0.0
t 144
c 253.32102 193.04216 52.7754 -0.1319892 1.512499 0.0
t 144
c 253.32102 193.04216 52.97722 -0.1319892 1.512499 0.0
t 144
c 253.32102 193.04216 53.17904 -0.1319892 1.512499 0.0
t 144
c 253.32102 193.04216 53.38087 -0.1319892 1.512499 0.0
t 144
c 253.32102 193.04216 53.58269 -0.1319892 1.512499 0.0
t 144
c 253.32102 193.04216 53.78452 -0.1319892 1.512499 0.0
t 144
c 253.32102 193.04216 53.98634 -0.1319892 1.512499 0.0
t 144
c 253.32102 193.04216 54.18816 -0.1319892 1.512499 0.0
t 144
c 253.32102 193.04216 54.38999 -0.1319892 1.512499 0.0
t 144
c 253.32102 193.04216 54.59181 -0.1319892 1.512499 0.0
t 144
c 253.32102 193.04216 54.79363 -0.1319892 1.512499 0.0
t 144
c 253.32102 193.04216 54.99546 -0.1319892 1.512499 0.0
t 144
c 253.32102 193.04216 55.19728 -0.1319892 1.512499 0.0
t 144
c 253.32102 193.04216 55.3991 -0.1319892 1.512499 0.0
t 144
c 253.32102 193.04216 55.60093 -0.1319892 1.512499 0.0
t 144
c 253.32102 193.04216 55.80275 -0.1319892 1.512499 0.0
t 144
c 253.32102 193.04216 56.00458 -0.1319892 1.512499 0.0
t 144
c 253.32102 193.04216 56.2064 -0.1319892 1.512499 0.0
t 144
c 253.32102 193.04216 56.40822 -0.1319892 1.512499 0.0
t 144
c 253.32102 193.04216 56.61005 -0.1319892 1.512499 0.0
t 144
c 253.32102 193.04216 56.81187 -0.1319892 1.512499 0.0
t 144
c 253.32102 193.04216 57.01369 -0.1319892 1.512499 0.0
t 144
c 253.32102 193.04216 57.21552 -0.1319892 1.512499 0.0
t 144
c 253.32102 193.04216 57.41734 -0.1319892 1.512499 0.0
t 144
c 253.32102 193.04216 57.61916 -0.1319892 1.512499 0.0
t 144
c 253.32102 193.04216 57.82099 -0.1319892 1.512499 0.0
t 144
c 253.32102 193.04216 58.02281 -0.1319892 1.512499 0.0
t 144
c 253.32102 193.04216 58.22464 -0.1319892 1.512499 0.0
t 144
c 253.32102 193.04216 58.42646 -0.1319892 1.512499 0.0
t 144
c 253.32102 193.04216 58.62828 -0.1319892 1.512499 0.0
t 144
c 253.32102 193.04216 58.83011 -0.1319892 1.512499 0.0
t 144
c 253.32102 193.04216 59.03193 -0.1319892 1.512499 0.0
t 144
c 253.32102 193.04216 59.23375 -0.1319892 1.512499 0.0
t 144
c 253.32102 193.04216 59.43558 -0.1319892 1.512499 0.0
t 144
c 253.32102 193.04216 59.6374 -0.1319892 1.512499 0.0
t 144
c 253.32102 193.04216 59.83922 -0.1319892 1.512499 0.0
t 144
c 253.32102 193.04216 60.04105 -0.1319892 1.512499 0.0
t 144
c 253.32102 193.04216 60.24287 -0.1319892 1.512499 0.0
t 144
c 253.32102 193.04216 60.4447 -0.1319892 1.512499 0.0
t 144
c 253.32102 193.04216 60.64652 -0.1319892 1.512499 0.0
t 144
c 253.32102 193.04216 60.84834 -0.1319892 1.512499 0.0
t 144
c 253.32102 193.04216 61.05017 -0.1319892 1.512499 0.0
t 144
c 253.32102 193.04216 61.25199 -0.1319892 1.512499 0.0
t 144
c 253.32102 193.04216 61.45381 -0.1319892 1.512499 0.0
t 144
c 253.32102 193.04216 61.65564 -0.1319892 1.512499 0.0
t 144
c 253.32102 193.04216 61.85746 -0.1319892 1.512499 0.0
t 144
c 253.32102 193.04216 62.05928 -0.1319892 1.512499 0.0
t 144
c 253.32102 193.04216 62.26111 -0.1319892 1.512499 0.0
t 144
c 253.32102 193.04216 62.46293 -0.1319892 1.512499 0.0
t 144
c 253.32102 193.04216 62.66476 -0.1319892 1.512499 0.0
t 144
c 253.32102 193.04216 62.86658 -0.1319892 1.512499 0.0
t 144
c 253.32102 193.04216 63.0684 -0.1319892 1.512499 0.0
t 144
c 253.32102 193.04216 63.27023 -0.1319892 1.512499 0.0
t 144
c 253.32102 193.04216 63.47205 -0.1319892 1.512499 0.0
t 144
c 253.32102 193.04216 63.67387 -0.1319892 1.512499 0.0
t 144
c 253.32102 193.04216 63.8757 -0.1319892 1.512499 0.0
t 144
c 253.32102 193.04216 64.07752 -0.1319892 1.512499 0.0
t 144
c 253.32102 193.04216 64.27934 -0.1319892 1.512499 0.0
t 144
c 253.32102 193.04216 64.48117 -0.1319892 1.512499 0.0
t 144
c 253.32102 193.04216 64.68299 -0.1319892 1.512499 0.0
t 144
c 253.32102 193.04216 64.88482 -0.1319892 1.512499 0.0
t 144
c 253.32102 193.04216 65.08664 -0.1319892 1.512499 0.0
t 144
c 253.32102 193.04216 65.28846 -0.1319892 1.512499 0.0
t 144
c 253.32102 193.04216 65.49029 -0.1319892 1.512499 0.0
t 144
c 253.32102 193.04216 65.69211 -0.1319892 1.512499 0.0
t 144
c 253.32102 193.04216 65.89393 -0.1319892 1.512499 0.0
t 144
c 253.32102 193.04216 66.09576 -0.1319892 1.512499 0.0
t 144
c 253.32102 193.04216 66.29758 -0.1319892 1.512499 0.0
t 144
c 253.32102 193.04216 66.4994 -0.1319892 1.512499 0.0
t 144
c 253.32102 193.04216 66.70123 -0.1319892 1.512499 0.0
t 144
c 253.32102 193.04216 66.90305 -0.1319892 1.512499 0.0
t 144
c 253.32102 193.04216 67.10488 -0.1319892 1.512499 0.0
t 144
c 253.32102 193.04216 67.3067 -0.1319892 1.512499 0.0
t 144
c 253.32102 193.04216 67.50852 -0.1319892 1.512499 0.0
t 144
c 253.32102 193.04216 67.71035 -0.1319892 1.512499 0.0
t 144
c 253.32102 193.04216 67.91217 -0.1319892 1.512499 0.0
t 144
c 253.32102 193.04216 68.11399 -0.1319892 1.512499 0.0
t 144
c 253.32102 193.04216 68.31582 -0.1319892 1.512499 0.0
t 144
c 253.32102 193.04216 68.51764 -0.1319892 1.512499 0.0
t 144
c 253.32102 193.04216 68.71946 -0.1319892 1.512499 0.0
t 144
c 253.32102 193.04216 68.92129 -0.1319892 1.512499 0.0
t 144
c 253.32102 193.04216 69.12311 -0.1319892 1.512499 0.0
t 144
c 253.32102 193.04216 69.32494 -0.1319892 1.512499 0.0
t 144
c 253.32102 193.04216 69.52676 -0.1319892 1.512499 0.0
t 144
c 253.32102 193.04216 69.72858 -0.1319892 1.512499 0.0
t 144
c 253.32102 193.04216 69.93041 -0.1319892 1.512499 0.0
t 144
c 253.32102 193.04216 70.13223 -0.1319892 1.512499 0.0
t 144
c 253.32102 193.04216 70.33405 -0.1319892 1.512499 0.0
t 144
c 253.32102 193.04216 70.53588 -0.1319892 1.512499 0.0
t 144
c 253.32102 193.04216 70.7377 -0.1319892 1.512499 0.0
t 144
c 253.32102 193.04216 70.93952 -0.1319892 1.512499 0.0
t 144
c 253.32102 193.04216 71.14135 -0.1319892 1.512499 0.0
t 144
c 253.32102 193.04216 71.34317 -0.1319892 1.512499 0.0
t 144
c 253.32102 193.04216 71.545 -0.1319892 1.512499 0.0
t 144
c 253.32102 193.04216 71.74682 -0.1319892 1.512499 0.0
t 144
c 253.32102 193.04216 71.94864 -0.1319892 1.512499 0.0
t 144
c 253.32102 193.04216 72.15047 -0.1319892 1.512499 0.0
t 144
c 253.32102 193.04216 72.35229 -0.1319892 1.512499 0.0
t 144
c 253.32102 193.04216 72.55411 -0.1319892 1.512499 0.0
t 144
c 253.32102 193.04216 72.75594 -0.1319892 1.512499 0.0
t 144
c 253.32102 193.04216 72.95776 -0.1319892 1.512499 0.0
t 144
c 253.32102 193.04216 73.15958 -0.1319892 1.512499 0.0
t 144
c 253.32102 193.04216 73.36141 -0.1319892 1.512499 0.0
t 144
c 253.32102 193.04216 73.56323 -0.1319892 1.512499 0.0
t 144
c 253.32102 193.04216 73.76506 -0.1319892 1.512499 0.0
t 144
c 253.32102 193.04216 73.96688 -0.1319892 1.512499 0.0
t 144
c 253.32102 193.04216 74.1687 -0.1319892 1.512499 0.0
t 144
c 253.32102 193.04216 74.37053 -0.1319892 1.512499 0.0
t 144
c 253.32102 193.04216 74.57235 -0.1319892 1.512499 0.0
t 144
c 253.32102 193.04216 74.77417 -0.1319892 1.512499 0.0
t 144
c 253.32102 193.04216 74.976 -0.1319892 1.512499 0.0
t 144
c 253.32102 193.04216 75.17782 -0.1319892 1.512499 0.0
t 144
c 253.32102 193.04216 75.37964 -0.1319892 1.512499 0.0
t 144
c 253.32102 193.04216 75.58147 -0.1319892 1.512499 0.0
t 144
c 253.32102 193.04216 75.78329 -0.1319892 1.512499 0.0
t 144
c 253.32102 193.04216 75.98511 -0.1319892 1.512499 0.0
t 144
c 253.32102 193.04216 76.18694 -0.1319892 1.512499 0.0
t 144
c 253.32102 193.04216 76.38876 -0.1319892 1.512499 0.0
t 144
c 253.32102 193.04216 76.59059 -0.1319892 1.512499 0.0
t 144
c 253.32102 193.04216 76.79241 -0.1319892 1.512499 0.0
t 144
c 253.32102 193.04216 76.99423 -0.1319892 1.512499 0.0
t 144
c 253.32102 193.04216 77.19606 -0.1319892 1.512499 0.0
t 144
c 253.32102 193.04216 77.39788 -0.1319892 1.512499 0.0
t 144
c 253.32102 193.04216 77.5997 -0.1319892 1.512499 0.0
t 144
c 253.32102 193.04216 77.80153 -0.1319892 1.512499 0.0
t 144
c 253.32102 193.04216 78.00335 -0.1319892 1.512499 0.0
t 144
c 253.32102 193.04216 78.20517 -0.1319892 1.512499 0.0
t 144
c 253.32102 193.04216 78.407 -0.1319892 1.512499 0.0
t 144
c 253.32102 193.04216 78.60882 -0.1319892 1.512499 0.0
t 144
c 253.32102 193.04216 78.81065 -0.1319892 1.512499 0.0
t 144
c 253.32102 193.04216 79.01247 -0.1319892 1.512499 0.0
t 144
c 253.32102 193.04216 79.21429 -0.1319892 1.512499 0.0
t 144
c 253.32102 193.04216 79.41612 -0.1319892 1.512499 0.0
t 144
c 253.32102 193.04216 79.61794 -0.1319892 1.512499 0.0
t 144
c 253.32102 193.04216 79.81976 -0.1319892 1.512499 0.0
t 144
c 253.32102 193.04216 80.02159 -0.1319892 1.512499 0.0
t 144
c 253.32102 193.04216 80.22341 -0.1319892 1.512499 0.0
t 144
c 253.32102 193.04216 80.42523 -0.1319892 1.512499 0.0
t 144
c 253.32102 193.04216 80.62706 -0.1319892 1.512499 0.0
t 144
c 253.32102 193.04216 80.82888 -0.1319892 1.512499 0.0
t 144
c 253.32102 193.04216 81.03071 -0.1319892 1.512499 0.0
t 144
c 253.32102 193.04216 81.23253 -0.1319892 1.512499 0.0
t 144
c 253.32102 193.04216 81.43435 -0.1319892 1.512499 0.0
t 144
c 253.32102 193.04216 81.63618 -0.1319892 1.512499 0.0
t 144
c 253.32102 193.04216 81.838 -0.1319892 1.512499 0.0
t 144
c 253.32102 193.04216 82.03982 -0.1319892 1.512499 0.0
t 144
c 253.32102 193.04216 82.24165 -0.1319892 1.512499 0.0
t 144
c 253.32102 193.04216 82.44347 -0.1319892 1.512499 0.0
t 144
c 253.32102 193.04216 82.64529 -0.1319892 1.512499 0.0
t 144
c 253.32102 193.04216 82.84712 -0.1319892 1.512499 0.0
t 144
c 253.32102 193.04216 83.04894 -0.1319892 1.512499 0.0
t 144
c 253.32102 193.04216 83.25077 -0.1319892 1.512499 0.0
t 144
c 253.32102 193.04216 83.45259 -0.1319892 1.512499 0.0
t 144
c 253.32102 193.04216 83.65441 -0.1319892 1.512499 0.0
t 144
c 253.32102 193.04216 83.85624 -0.1319892 1.512499 0.0
t 144
c 253.32102 193.04216 84.05806 -0.1319892 1.512499 0.0
t 144
c 253.32102 193.04216 84.25988 -0.1319892 1.512499 0.0
t 144
c 253.32102 193.04216 84.46171 -0.1319892 1.512499 0.0
t 144
c 253.32102 193.04216 84.66353 -0.1319892 1.512499 0.0
t 144
c 253.32102 193.04216 84.86535 -0.1319892 1.512499 0.0
t 144
c 253.32102 193.04216 85.06718 -0.1319892 1.512499 0.0
t 144
c 253.32102 193.04216 85.269 -0.1319892 1.512499 0.0
t 144
c 253.32102 193.04216 85.47083 -0.1319892 1.512499 0.0
t 144
c 253.32102 193.04216 85.67265 -0.1319892 1.512499 0.0
t 144
c 253.32102 193.04216 85.87447 -0.1319892 1.512499 0.0
t 144
c 253.32102 193.04216 86.0763 -0.1319892 1.512499 0.0
t 144
c 253.32102 193.04216 86.27812 -0.1319892 1.512499 0.0
t 144
c 253.32102 193.04216 86.47994 -0.1319892 1.512499 0.0
t 144
c 253.32102 193.04216 86.68177 -0.1319892 1.512499 0.0
t 144
c 253.32102 193.04216 86.88359 -0.1319892 1.512499 0.0
t 144
c 253.32102 193.04216 87.08541 -0.1319892 1.512499 0.0
t 144
c 253.32102 193.04216 87.28724 -0.1319892 1.512499 0.0
t 144
c 253.32102 193.04216 87.48906 -0.1319892 1.512499 0.0
t 144
c 253.32102 193.04216 87.69089 -0.1319892 1.512499 0.0
t 144
c 253.32102 193.04216 87.89271 -0.1319892 1.512499 0.0
t 144
c 253.32102 193.04216 88.09453 -0.1319892 1.512499 0.0
t 144
c 253.32102 193.04216 88.29636 -0.1319892 1.512499 0.0
t 144
c 253.32102 193.04216 88.49818 -0.1319892 1.512499 0.0
t 144
c 253.32102 193.04216 88.7 -0.1319892 1.512499 0.0
t 144
c 253.32102 193.04216 88.90183 -0.1319892 1.512499 0.0
t 144
c 253.32102 193.04216 89.10365 -0.1319892 1.512499 0.0
t 144
c 253.32102 193.04216 89.30547 -0.1319892 1.512499 0.0
t 144
c 253.32102 193.04216 89.5073 -0.1319892 1.512499 0.0
t 144
c 253.32102 193.04216 89.70912 -0.1319892 1.512499 0.0
t 144
c 253.32102 193.04216 89.91095 -0.1319892 1.512499 0.0
t 144
c 253.32102 193.04216 90.11277 -0.1319892 1.512499 0.0
t 144
c 253.32102 193.04216 90.31459 -0.1319892 1.512499 0.0
t 144
c 253.32102 193.04216 90.51642 -0.1319892 1.512499 0.0
t 144
c 253.32102 193.04216 90.71824 -0.1319892 1.512499 0.0
t 144
c 253.32102 193.04216 90.92006 -0.1319892 1.512499 0.0
t 144
c 253.32102 193.04216 91.12189 -0.1319892 1.512499 0.0
t 144
c 253.32102 193.04216 91.32371 -0.1319892 1.512499 0.0
t 144
c 253.32102 193.04216 91.52553 -0.1319892 1.512499 0.0
t 144
c 253.32102 193.04216 91.72736 -0.1319892 1.512499 0.0
t 144
c 253.32102 193.04216 91.92918 -0.1319892 1.512499 0.0
t 144
c 253.32102 193.04216 92.13101 -0.1319892 1.512499 0.0
t 144
c 253.32102 193.04216 92.33283 -0.1319892 1.512499 0.0
t 144
c 253.32102 193.04216 92.53465 -0.1319892 1.512499 0.0
t 144
c 253.32102 193.04216 92.73648 -0.1319892 1.512499 0.0
t 144
c 253.32102 193.04216 92.9383 -0.1319892 1.512499 0.0
t 144
c 253.32102 193.04216 93.14012 -0.1319892 1.512499 0.0
t 144
c 253.32102 193.04216 93.34195 -0.1319892 1.512499 0.0
t 144
c 253.32102 193.04216 93.54377 -0.1319892 1.512499 0.0
t 144
c 253.32102 193.04216 93.74559 -0.1319892 1.512499 0.0
t 144
c 253.32102 193.04216 93.94742 -0.1319892 1.512499 0.0
t 144
c 253.32102 193.04216 94.14924 -0.1319892 1.512499 0.0
t 144
c 253.32102 193.04216 94.35107 -0.1319892 1.512499 0.0
t 144
c 253.32102 193.04216 94.55289 -0.1319892 1.512499 0.0
t 144
c 253.32102 193.04216 94.75471 -0.1319892 1.512499 0.0
t 144
c 253.32102 193.04216 94.95654 -0.1319892 1.512499 0.0
t 144
c 253.32102 193.04216 95.15836 -0.1319892 1.512499 0.0
t 144
c 253.32102 193.04216 95.36018 -0.1319892 1.512499 0.0
t 144
c 253.32102 193.04216 95.56201 -0.1319892 1.512499 0.0
t 144
c 253.32102 193.04216 95.76383 -0.1319892 1.512499 0.0
t 144
c 253.32102 193.04216 95.96565 -0.1319892 1.512499 0.0
t 144
c 253.32102 193.04216 96.16748 -0.1319892 1.512499 0.0
t 144
c 253.32102 193.04216 96.3693 -0.1319892 1.512499 0.0
t 144
c 253.32102 193.04216 96.57113 -0.1319892 1.512499 0.0
t 144
c 253.32102 193.04216 96.77295 -0.1319892 1.512499 0.0
t 144
c 253.32102 193.04216 96.97477 -0.1319892 1.512499 0.0
t 144
c 253.32102 193.04216 97.1766 -0.1319892 1.512499 0.0
t 144
c 253.32102 193.04216 97.37842 -0.1319892 1.512499 0.0
t 144
c 253.32102 193.04216 97.58024 -0.1319892 1.512499 0.0
t 144
c 253.32102 193.04216 97.78207 -0.1319892 1.512499 0.0
t 144
c 253.32102 193.04216 97.98389 -0.1319892 1.512499 0.0
t 144
c 253.32102 193.04216 98.18571 -0.1319892 1.512499 0.0
t 144
c 253.32102 193.04216 98.38754 -0.1319892 1.512499 0.0
t 144
c 253.32102 193.04216 98.58936 -0.1319892 1.512499 0.0
t 144
c 253.32102 193.04216 98.79119 -0.1319892 1.512499 0.0
t 144
c 253.32102 193.04216 98.99301 -0.1319892 1.512499 0.0
t 144
c 253.32102 193.04216 99.19483 -0.1319892 1.512499 0.0
t 144
c 253.32102 193.04216 99.39666 -0.1319892 1.512499 0.0
t 144
c 253.32102 193.04216 99.59848 -0.1319892 1.512499 0.0
t 144
c 253.32102 193.04216 99.8003 -0.1319892 1.512499 0.0
t 144
c 253.32102 193.04216 100.00213 -0.1319892 1.512499 0.0
t 144
c 253.32102 193.04216 100.20395 -0.1319892 1.512499 0.0
t 144
c 253.32102 193.04216 100.40577 -0.1319892 1.512499 0.0
t 144
c 253.32102 193.04216 100.6076 -0.1319892 1.512499 0.0
t 144
c 253.32102 193.04216 100.80942 -0.1319892 1.512499 0.0
t 144
c 253.32102 193.04216 101.01125 -0.1319892 1.512499 0.0
t 144
c 253.32102 193.04216 101.21307 -0.1319892 1.512499 0.0
t 144
c 253.32102 193.04216 101.41489 -0.1319892 1.512499 0.0
t 144
c 253.32102 193.04216 101.61672 -0.1319892 1.512499 0.0
t 144
c 253.32102 193.04216 101.81854 -0.1319892 1.512499 0.0
t 144
c 253.32102 193.04216 102.02036 -0.1319892 1.512499 0.0
t 144
c 253.32102 193.04216 102.22219 -0.1319892 1.512499 0.0
t 144
c 253.32102 193.04216 102.42401 -0.1319892 1.512499 0.0
t 144
c 253.32102 193.04216 102.62583 -0.1319892 1.512499 0.0
t 144
c 253.32102 193.04216 102.82766 -0.1319892 1.512499 0.0
t 144
c 253.32102 193.04216 103.02948 -0.1319892 1.512499 0.0
t 144
c 253.32102 193.04216 103.23131 -0.1319892 1.512499 0.0
t 144
c 253.32102 193.04216 103.43313 -0.1319892 1.512499 0.0
t 144
c 253.32102 193.04216 103.63495 -0.1319892 1.512499 0.0
t 144
c 253.32102 193.04216 103.83678 -0.1319892 1.512499 0.0
t 144
c 253.32102 193.04216 104.0386 -0.1319892 1.512499 0.0
t 144
c 253.32102 193.04216 104.24042 -0.1319892 1.512499 0.0
t 144
c 253.32102 193.04216 104.44225 -0.1319892 1.512499 0.0
t 144
c 253.32102 193.04216 104.64407 -0.1319892 1.512499 0.0
t 144
c 253.32102 193.04216 104.84589 -0.1319892 1.512499 0.0
t 144
c 253.32102 193.04216 105.04772 -0.1319892 1.512499 0.0
t 144
c 253.32102 193.04216 105.24954 -0.1319892 1.512499 0.0
t 144
c 253.32102 193.04216 105.45136 -0.1319892 1.512499 0.0
t 144
