c 362.43599 69.46208 334.0 0.13517815 -0.67858445 0.0
c 362.23239 69.46208 334.0 0.13517815 -0.67858445 0.0
c 362.02878 69.46208 334.0 0.13517815 -0.67858445 0.0
c 361.82517 69.46208 334.0 0.13517815 -0.67858445 0.0
c 361.62157 69.46208 334.0 0.13517815 -0.67858445 0.0
c 361.41796 69.46208 334.0 0.13517815 -0.67858445 0.0
c 361.21435 69.46208 334.0 0.13517815 -0.67858445 0.0
c 361.01075 69.46208 334.0 0.13517815 -0.67858445 0.0
c 360.80714 69.46208 334.0 0.13517815 -0.67858445 0.0
c 360.60353 69.46208 334.0 0.13517815 -0.67858445 0.0
c 360.39993 69.46208 334.0 0.13517815 -0.67858445 0.0
c 360.19632 69.46208 334.0 0.13517815 -0.67858445 0.0
c 359.99271 69.46208 334.0 0.13517815 -0.67858445 0.0
c 359.78911 69.46208 334.0 0.13517815 -0.67858445 0.0
c 359.5855 69.46208 334.0 0.13517815 -0.67858445 0.0
c 359.38189 69.46208 334.0 0.13517815 -0.67858445 0.0
c 359.17829 69.46208 334.0 0.13517815 -0.67858445 0.0
c 358.97468 69.46208 334.0 0.13517815 -0.67858445 0.0
c 358.77107 69.46208 334.0 0.13517815 -0.67858445 0.0
c 358.56747 69.46208 334.0 0.13517815 -0.67858445 0.0
c 358.36386 69.46208 334.0 0.13517815 -0.67858445 0.0
c 358.16025 69.46208 334.0 0.13517815 -0.67858445 0.0
c 357.95665 69.46208 334.0 0.13517815 -0.67858445 0.0
c 357.75304 69.46208 334.0 0.13517815 -0.67858445 0.0
c 357.54943 69.46208 334.0 0.13517815 -0.67858445 0.0
c 357.34583 69.46208 334.0 0.13517815 -0.67858445 0.0
c 357.14222 69.46208 334.0 0.13517815 -0.67858445 0.0
c 356.93861 69.46208 334.0 0.13517815 -0.67858445 0.0
c 356.73501 69.46208 334.0 0.13517815 -0.67858445 0.0
c 356.5314 69.46208 334.0 0.13517815 -0.67858445 0.0
c 356.32779 69.46208 334.0 0.13517815 -0.67858445 0.0
c 356.12419 69.46208 334.0 0.13517815 -0.67858445 0.0
c 355.92058 69.46208 334.0 0.13517815 -0.67858445 0.0
c 355.71697 69.46208 334.0 0.13517815 -0.67858445 0.0
c 355.51337 69.46208 334.0 0.13517815 -0.67858445 0.0
c 355.30976 69.46208 334.0 0.13517815 -0.67858445 0.0
c 355.10615 69.46208 334.0 0.13517815 -0.67858445 0.0
c 354.90255 69.46208 334.0 0.13517815 -0.67858445 0.0
c 354.69894 69.46208 334.0 0.13517815 -0.67858445 0.0
c 354.49533 69.46208 334.0 0.13517815 -0.67858445 0.0
c 354.29173 69.46208 334.0 0.13517815 -0.67858445 0.0
c 354.08812 69.46208 334.0 0.13517815 -0.67858445 0.0
c 353.88451 69.46208 334.0 0.13517815 -0.67858445 0.0
c 353.68091 69.46208 334.0 0.13517815 -0.67858445 0.0
c 353.4773 69.46208 334.0 0.13517815 -0.67858445 0.0
c 353.27369 69.46208 334.0 0.13517815 -0.67858445 0.0
c 353.07009 69.46208 334.0 0.13517815 -0.67858445 0.0
c 352.86648 69.46208 334.0 0.13517815 -0.67858445 0.0
c 352.66287 69.46208 334.0 0.13517815 -0.67858445 0.0
c 352.45927 69.46208 334.0 0.13517815 -0.67858445 0.0
c 352.25566 69.46208 334.0 0.13517815 -0.67858445 0.0
c 352.05205 69.46208 334.0 0.13517815 -0.67858445 0.0
c 351.84845 69.46208 334.0 0.13517815 -0.67858445 0.0
c 351.64484 69.46208 334.0 0.13517815 -0.67858445 0.0
c 351.44123 69.46208 334.0 0.13517815 -0.67858445 0.0
c 351.23763 69.46208 334.0 0.13517815 -0.67858445 0.0
c 351.03402 69.46208 334.0 0.13517815 -0.67858445 0.0
c 350.83041 69.46208 334.0 0.13517815 -0.67858445 0.0
c 350.62681 69.46208 334.0 0.13517815 -0.67858445 0.0
c 350.4232 69.46208 334.0 0.13517815 -0.67858445 0.0
c 350.21959 69.46208 334.0 0.13517815 -0.67858445 0.0
c 350.01599 69.46208 334.0 0.13517815 -0.67858445 0.0
c 349.81238 69.46208 334.0 0.13517815 -0.67858445 0.0
c 349.60877 69.46208 334.0 0.13517815 -0.67858445 0.0
c 349.40517 69.46208 334.0 0.13517815 -0.67858445 0.0
c 349.20156 69.46208 334.0 0.13517815 -0.67858445 0.0
c 348.99795 69.46208 334.0 0.13517815 -0.67858445 0.0
c 348.79435 69.46208 334.0 0.13517815 -0.67858445 0.0
c 348.59074 69.46208 334.0 0.13517815 -0.67858445 0.0
c 348.38713 69.46208 334.0 0.13517815 -0.67858445 0.0
c 348.18353 69.46208 334.0 0.13517815 -0.67858445 0.0
c 347.97992 69.46208 334.0 0.13517815 -0.67858445 0.0
c 347.77631 69.46208 334.0 0.13517815 -0.67858445 0.0
c 347.57271 69.46208 334.0 0.13517815 -0.67858445 0.0
c 347.3691 69.46208 334.0 0.13517815 -0.67858445 0.0
c 347.16549 69.46208 334.0 0.13517815 -0.67858445 0.0
c 346.96189 69.46208 334.0 0.13517815 -0.67858445 0.0
c 346.75828 69.46208 334.0 0.13517815 -0.67858445 0.0
c 346.55467 69.46208 334.0 0.13517815 -0.67858445 0.0
c 346.35107 69.46208 334.0 0.13517815 -0.67858445 0.0
c 346.14746 69.46208 334.0 0.13517815 -0.67858445 0.0
c 345.94385 69.46208 334.0 0.13517815 -0.67858445 0.0
c 345.74025 69.46208 334.0 0.13517815 -0.67858445 0.0
c 345.53664 69.46208 334.0 0.13517815 -0.67858445 0.0
c 345.33303 69.46208 334.0 0.13517815 -0.67858445 0.0
c 345.12943 69.46208 334.0 0.13517815 -0.67858445 0.0
c 344.92582 69.46208 334.0 0.13517815 -0.67858445 0.0
c 344.72221 69.46208 334.0 0.13517815 -0.67858445 0.0
c 344.51861 69.46208 334.0 0.13517815 -0.67858445 0.0
c 344.315 69.46208 334.0 0.13517815 -0.67858445 0.0
c 344.11139 69.46208 334.0 0.13517815 -0.67858445 0.0
c 343.90779 69.46208 334.0 0.13517815 -0.67858445 0.0
c 343.70418 69.46208 334.0 0.13517815 -0.67858445 0.0
c 343.50057 69.46208 334.0 0.13517815 -0.67858445 0.0
c 343.29697 69.46208 334.0 0.13517815 -0.67858445 0.0
c 343.09336 69.46208 334.0 0.13517815 -0.67858445 0.0
c 342.88975 69.46208 334.0 0.13517815 -0.67858445 0.0
c 342.68615 69.46208 334.0 0.13517815 -0.67858445 0.0
c 342.48254 69.46208 334.0 0.13517815 -0.67858445 0.0
c 342.27893 69.46208 334.0 0.13517815 -0.67858445 0.0
c 342.07533 69.46208 334.0 0.13517815 -0.67858445 0.0
c 341.87172 69.46208 334.0 0.13517815 -0.67858445 0.0
c 341.66811 69.46208 334.0 0.13517815 -0.67858445 0.0
c 341.4645 69.46208 334.0 0.13517815 -0.67858445 0.0
c 341.2609 69.46208 334.0 0.13517815 -0.67858445 0.0
c 341.05729 69.46208 334.0 0.13517815 -0.67858445 0.0
c 340.85368 69.46208 334.0 0.13517815 -0.67858445 0.0
c 340.65008 69.46208 334.0 0.13517815 -0.67858445 0.0
c 340.44647 69.46208 334.0 0.13517815 -0.67858445 0.0
c 340.24286 69.46208 334.0 0.13517815 -0.67858445 0.0
c 340.03926 69.46208 334.0 0.13517815 -0.67858445 0.0
c 339.83565 69.46208 334.0 0.13517815 -0.67858445 0.0
c 339.63204 69.46208 334.0 0.13517815 -0.67858445 0.0
c 339.42844 69.46208 334.0 0.13517815 -0.67858445 0.0
c 339.22483 69.46208 334.0 0.13517815 -0.67858445 0.0
c 339.02122 69.46208 334.0 0.13517815 -0.67858445 0.0
c 338.81762 69.46208 334.0 0.13517815 -0.67858445 0.0
c 338.61401 69.46208 334.0 0.13517815 -0.67858445 0.0
c 338.4104 69.46208 334.0 0.13517815 -0.67858445 0.0
c 338.2068 69.46208 334.0 0.13517815 -0.67858445 0.0
c 338.00319 69.46208 334.0 0.13517815 -0.67858445 0.0
c 337.79958 69.46208 334.0 0.13517815 -0.67858445 0.0
c 337.59598 69.46208 334.0 0.13517815 -0.67858445 0.0
c 337.39237 69.46208 334.0 0.13517815 -0.67858445 0.0
c 337.18876 69.46208 334.0 0.13517815 -0.67858445 0.0
c 336.98516 69.46208 334.0 0.13517815 -0.67858445 0.0
c 336.78155 69.46208 334.0 0.13517815 -0.67858445 0.0
c 336.57794 69.46208 334.0 0.13517815 -0.67858445 0.0
c 336.37434 69.46208 334.0 0.13517815 -0.67858445 0.0
c 336.17073 69.46208 334.0 0.13517815 -0.67858445 0.0
c 335.96712 69.46208 334.0 0.13517815 -0.67858445 0.0
c 335.76352 69.46208 334.0 0.13517815 -0.67858445 0.0
c 335.55991 69.46208 334.0 0.13517815 -0.67858445 0.0
c 335.3563 69.46208 334.0 0.13517815 -0.67858445 0.0
c 335.1527 69.46208 334.0 0.13517815 -0.67858445 0.0
c 334.94909 69.46208 334.0 0.13517815 -0.67858445 0.0
c 334.74548 69.46208 334.0 0.13517815 -0.67858445 0.0
c 334.54188 69.46208 334.0 0.13517815 -0.67858445 0.0
c 334.33827 69.46208 334.0 0.13517815 -0.67858445 0.0
c 334.13466 69.46208 334.0 0.13517815 -0.67858445 0.0
c 333.93106 69.46208 334.0 0.13517815 -0.67858445 0.0
c 333.72745 69.46208 334.0 0.13517815 -0.67858445 0.0
c 333.52384 69.46208 334.0 0.13517815 -0.67858445 0.0
c 333.32024 69.46208 334.0 0.13517815 -0.67858445 0.0
c 333.11663 69.46208 334.0 0.13517815 -0.67858445 0.0
c 332.91302 69.46208 334.0 0.13517815 -0.67858445 0.0
c 332.70942 69.46208 334.0 0.13517815 -0.67858445 0.0
c 332.50581 69.46208 334.0 0.13517815 -0.67858445 0.0
c 332.3022 69.46208 334.0 0.13517815 -0.67858445 0.0
c 332.0986 69.46208 334.0 0.13517815 -0.67858445 0.0
c 331.89499 69.46208 334.0 0.13517815 -0.67858445 0.0
c 331.69138 69.46208 334.0 0.13517815 -0.67858445 0.0
c 331.48778 69.46208 334.0 0.13517815 -0.67858445 0.0
c 331.28417 69.46208 334.0 0.13517815 -0.67858445 0.0
c 331.08056 69.46208 334.0 0.13517815 -0.67858445 0.0
c 330.87696 69.46208 334.0 0.13517815 -0.67858445 0.0
c 330.67335 69.46208 334.0 0.13517815 -0.67858445 0.0
c 330.46974 69.46208 334.0 0.13517815 -0.67858445 0.0
c 330.26614 69.46208 334.0 0.13517815 -0.67858445 0.0
c 330.06253 69.46208 334.0 0.13517815 -0.67858445 0.0
c 329.85892 69.46208 334.0 0.13517815 -0.67858445 0.0
c 329.65532 69.46208 334.0 0.13517815 -0.67858445 0.0
c 329.45171 69.46208 334.0 0.13517815 -0.67858445 0.0
c 329.2481 69.46208 334.0 0.13517815 -0.67858445 0.0
c 329.0445 69.46208 334.0 0.13517815 -0.67858445 0.0
c 328.84089 69.46208 334.0 0.13517815 -0.67858445 0.0
c 328.63728 69.46208 334.0 0.13517815 -0.67858445 0.0
c 328.43368 69.46208 334.0 0.13517815 -0.67858445 0.0
c 328.23007 69.46208 334.0 0.13517815 -0.67858445 0.0
c 328.02646 69.46208 334.0 0.13517815 -0.67858445 0.0
c 327.82286 69.46208 334.0 0.13517815 -0.67858445 0.0
c 327.61925 69.46208 334.0 0.13517815 -0.67858445 0.0
c 327.41564 69.46208 334.0 0.13517815 -0.67858445 0.0
c 327.21204 69.46208 334.0 0.13517815 -0.67858445 0.0
c 327.00843 69.46208 334.0 0.13517815 -0.67858445 0.0
c 326.80482 69.46208 334.0 0.13517815 -0.67858445 0.0
c 326.60122 69.46208 334.0 0.13517815 -0.67858445 0.0
c 326.39761 69.46208 334.0 0.13517815 -0.67858445 0.0
c 326.194 69.46208 334.0 0.13517815 -0.67858445 0.0
c 325.9904 69.46208 334.0 0.13517815 -0.67858445 0.0
c 325.78679 69.46208 334.0 0.13517815 -0.67858445 0.0
c 325.58318 69.46208 334.0 0.13517815 -0.67858445 0.0
c 325.37958 69.46208 334.0 0.13517815 -0.67858445 0.0
c 325.17597 69.46208 334.0 0.13517815 -0.67858445 0.0
c 324.97236 69.46208 334.0 0.13517815 -0.67858445 0.0
c 324.76876 69.46208 334.0 0.13517815 -0.67858445 0.0
c 324.56515 69.46208 334.0 0.13517815 -0.67858445 0.0
c 324.36154 69.46208 334.0 0.13517815 -0.67858445 0.0
c 324.15794 69.46208 334.0 0.13517815 -0.67858445 0.0
c 323.95433 69.46208 334.0 0.13517815 -0.67858445 0.0
c 323.75072 69.46208 334.0 0.13517815 -0.67858445 0.0
c 323.54712 69.46208 334.0 0.13517815 -0.67858445 0.0
c 323.34351 69.46208 334.0 0.13517815 -0.67858445 0.0
c 323.1399 69.46208 334.0 0.13517815 -0.67858445 0.0
c 322.9363 69.46208 334.0 0.13517815 -0.67858445 0.0
c 322.73269 69.46208 334.0 0.13517815 -0.67858445 0.0
c 322.52908 69.46208 334.0 0.13517815 -0.67858445 0.0
c 322.32548 69.46208 334.0 0.13517815 -0.67858445 0.0
c 322.12187 69.46208 334.0 0.13517815 -0.67858445 0.0
c 321.91826 69.46208 334.0 0.13517815 -0.67858445 0.0
c 321.71466 69.46208 334.0 0.13517815 -0.67858445 0.0
c 321.51105 69.46208 334.0 0.13517815 -0.67858445 0.0
c 321.30744 69.46208 334.0 0.13517815 -0.67858445 0.0
c 321.10384 69.46208 334.0 0.13517815 -0.67858445 0.0
c 320.90023 69.46208 334.0 0.13517815 -0.67858445 0.0
c 320.69662 69.46208 334.0 0.13517815 -0.67858445 0.0
c 320.49302 69.46208 334.0 0.13517815 -0.67858445 0.0
c 320.28941 69.46208 334.0 0.13517815 -0.67858445 0.0
c 320.0858 69.46208 334.0 0.13517815 -0.67858445 0.0
c 319.8822 69.46208 334.0 0.13517815 -0.67858445 0.0
c 319.67859 69.46208 334.0 0.13517815 -0.67858445 0.0
c 319.47498 69.46208 334.0 0.13517815 -0.67858445 0.0
c 319.27138 69.46208 334.0 0.13517815 -0.67858445 0.0
c 319.06777 69.46208 334.0 0.13517815 -0.67858445 0.0
c 318.86416 69.46208 334.0 0.13517815 -0.67858445 0.0
c 318.66056 69.46208 334.0 0.13517815 -0.67858445 0.0
c 318.45695 69.46208 334.0 0.13517815 -0.67858445 0.0
c 318.25334 69.46208 334.0 0.13517815 -0.67858445 0.0
c 318.04974 69.46208 334.0 0.13517815 -0.67858445 0.0
c 317.84613 69.46208 334.0 0.13517815 -0.67858445 0.0
c 317.64252 69.46208 334.0 0.13517815 -0.67858445 0.0
c 317.43892 69.46208 334.0 0.13517815 -0.67858445 0.0
c 317.23531 69.46208 334.0 0.13517815 -0.67858445 0.0
c 317.0317 69.46208 334.0 0.13517815 -0.67858445 0.0
c 316.8281 69.46208 334.0 0.13517815 -0.67858445 0.0
c 316.62449 69.46208 334.0 0.13517815 -0.67858445 0.0
c 316.62449 69.46208 334.0 0.13517815 -0.67858445 0.0
c 316.62449 69.25916 334.00688 0.13517815 -0.67858445 0.0
c 316.62449 69.05624 334.01376 0.13517815 -0.67858445 0.0
c 316.62449 68.85332 334.02064 0.13517815 -0.67858445 0.0
c 316.62449 68.6504 334.02753 0.13517815 -0.67858445 0.0
c 316.62449 68.44748 334.03441 0.13517815 -0.67858445 0.0
c 316.62449 68.24457 334.04129 0.13517815 -0.67858445 0.0
c 316.62449 68.04165 334.04817 0.13517815 -0.67858445 0.0
c 316.62449 67.83873 334.05505 0.13517815 -0.67858445 0.0
c 316.62449 67.63581 334.06193 0.13517815 -0.67858445 0.0
c 316.62449 67.43289 334.06881 0.13517815 -0.67858445 0.0
c 316.62449 67.22997 334.07569 0.13517815 -0.67858445 0.0
c 316.62449 67.02705 334.08258 0.13517815 -0.67858445 0.0
c 316.62449 66.82413 334.08946 0.13517815 -0.67858445 0.0
c 316.62449 66.62121 334.09634 0.13517815 -0.67858445 0.0
c 316.62449 66.41829 334.10322 0.13517815 -0.67858445 0.0
c 316.62449 66.21537 334.1101 0.13517815 -0.67858445 0.0
c 316.62449 66.01245 334.11698 0.13517815 -0.67858445 0.0
c 316.62449 65.80953 334.12386 0.13517815 -0.67858445 0.0
c 316.62449 65.60662 334.13075 0.13517815 -0.67858445 0.0
c 316.62449 65.4037 334.13763 0.13517815 -0.67858445 0.0
c 316.62449 65.20078 334.14451 0.13517815 -0.67858445 0.0
c 316.62449 64.99786 334.15139 0.13517815 -0.67858445 0.0
c 316.62449 64.79494 334.15827 0.13517815 -0.67858445 0.0
c 316.62449 64.59202 334.16515 0.13517815 -0.67858445 0.0
c 316.62449 64.3891 334.17203 0.13517815 -0.67858445 0.0
c 316.62449 64.18618 334.17892 0.13517815 -0.67858445 0.0
c 316.62449 63.98326 334.1858 0.13517815 -0.67858445 0.0
c 316.62449 63.78034 334.19268 0.13517815 -0.67858445 0.0
c 316.62449 63.57742 334.19956 0.13517815 -0.67858445 0.0
c 316.62449 63.3745 334.20644 0.13517815 -0.67858445 0.0
c 316.62449 63.17159 334.21332 0.13517815 -0.67858445 0.0
c 316.62449 62.96867 334.2202 0.13517815 -0.67858445 0.0
c 316.62449 62.76575 334.22708 0.13517815 -0.67858445 0.0
c 316.62449 62.56283 334.23397 0.13517815 -0.67858445 0.0
c 316.62449 62.35991 334.24085 0.13517815 -0.67858445 0.0
c 316.62449 62.15699 334.24773 0.13517815 -0.67858445 0.0
c 316.62449 61.95407 334.25461 0.13517815 -0.67858445 0.0
c 316.62449 61.75115 334.26149 0.13517815 -0.67858445 0.0
c 316.62449 61.54823 334.26837 0.13517815 -0.67858445 0.0
c 316.62449 61.34531 334.27525 0.13517815 -0.67858445 0.0
c 316.62449 61.14239 334.28214 0.13517815 -0.67858445 0.0
c 316.62449 60.93947 334.28902 0.13517815 -0.67858445 0.0
c 316.62449 60.73655 334.2959 0.13517815 -0.67858445 0.0
c 316.62449 60.53364 334.30278 0.13517815 -0.67858445 0.0
c 316.62449 60.33072 334.30966 0.13517815 -0.67858445 0.0
c 316.62449 60.1278 334.31654 0.13517815 -0.67858445 0.0
c 316.62449 59.92488 334.32342 0.13517815 -0.67858445 0.0
c 316.62449 59.72196 334.3303 0.13517815 -0.67858445 0.0
c 316.62449 59.51904 334.33719 0.13517815 -0.67858445 0.0
c 316.62449 59.31612 334.34407 0.13517815 -0.67858445 0.0
c 316.62449 59.1132 334.35095 0.13517815 -0.67858445 0.0
c 316.62449 58.91028 334.35783 0.13517815 -0.67858445 0.0
c 316.62449 58.70736 334.36471 0.13517815 -0.67858445 0.0
c 316.62449 58.50444 334.37159 0.13517815 -0.67858445 0.0
c 316.62449 58.30152 334.37847 0.13517815 -0.67858445 0.0
c 316.62449 58.0986 334.38536 0.13517815 -0.67858445 0.0
c 316.62449 57.89569 334.39224 0.13517815 -0.67858445 0.0
c 316.62449 57.69277 334.39912 0.13517815 -0.67858445 0.0
c 316.62449 57.48985 334.406 0.13517815 -0.67858445 0.0
c 316.62449 57.28693 334.41288 0.13517815 -0.67858445 0.0
c 316.62449 57.08401 334.41976 0.13517815 -0.67858445 0.0
c 316.62449 56.88109 334.42664 0.13517815 -0.67858445 0.0
c 316.62449 56.67817 334.43353 0.13517815 -0.67858445 0.0
c 316.62449 56.47525 334.44041 0.13517815 -0.67858445 0.0
c 316.62449 56.27233 334.44729 0.13517815 -0.67858445 0.0
c 316.62449 56.06941 334.45417 0.13517815 -0.67858445 0.0
c 316.62449 55.86649 334.46105 0.13517815 -0.67858445 0.0
c 316.62449 55.66357 334.46793 0.13517815 -0.67858445 0.0
c 316.62449 55.46065 334.47481 0.13517815 -0.67858445 0.0
c 316.62449 55.25774 334.48169 0.13517815 -0.67858445 0.0
c 316.62449 55.05482 334.48858 0.13517815 -0.67858445 0.0
c 316.62449 54.8519 334.49546 0.13517815 -0.67858445 0.0
c 316.62449 54.64898 334.50234 0.13517815 -0.67858445 0.0
c 316.62449 54.44606 334.50922 0.13517815 -0.67858445 0.0
c 316.62449 54.24314 334.5161 0.13517815 -0.67858445 0.0
c 316.62449 54.04022 334.52298 0.13517815 -0.67858445 0.0
c 316.62449 53.8373 334.52986 0.13517815 -0.67858445 0.0
c 316.62449 53.63438 334.53675 0.13517815 -0.67858445 0.0
c 316.62449 53.43146 334.54363 0.13517815 -0.67858445 0.0
c 316.62449 53.22854 334.55051 0.13517815 -0.67858445 0.0
c 316.62449 53.02562 334.55739 0.13517815 -0.67858445 0.0
c 316.62449 52.8227 334.56427 0.13517815 -0.67858445 0.0
c 316.62449 52.61979 334.57115 0.13517815 -0.67858445 0.0
c 316.62449 52.41687 334.57803 0.13517815 -0.67858445 0.0
c 316.62449 52.21395 334.58491 0.13517815 -0.67858445 0.0
c 316.62449 52.01103 334.5918 0.13517815 -0.67858445 0.0
c 316.62449 51.80811 334.59868 0.13517815 -0.67858445 0.0
c 316.62449 51.60519 334.60556 0.13517815 -0.67858445 0.0
c 316.62449 51.40227 334.61244 0.13517815 -0.67858445 0.0
c 316.62449 51.19935 334.61932 0.13517815 -0.67858445 0.0
c 316.62449 50.99643 334.6262 0.13517815 -0.67858445 0.0
c 316.62449 50.79351 334.63308 0.13517815 -0.67858445 0.0
c 316.62449 50.59059 334.63997 0.13517815 -0.67858445 0.0
c 316.62449 50.38767 334.64685 0.13517815 -0.67858445 0.0
c 316.62449 50.18475 334.65373 0.13517815 -0.67858445 0.0
c 316.62449 49.98184 334.66061 0.13517815 -0.67858445 0.0
c 316.62449 49.77892 334.66749 0.13517815 -0.67858445 0.0
c 316.62449 49.576 334.67437 0.13517815 -0.67858445 0.0
c 316.62449 49.37308 334.68125 0.13517815 -0.67858445 0.0
c 316.62449 49.17016 334.68814 0.13517815 -0.67858445 0.0
c 316.62449 48.96724 334.69502 0.13517815 -0.67858445 0.0
c 316.62449 48.76432 334.7019 0.13517815 -0.67858445 0.0
c 316.62449 48.5614 334.70878 0.13517815 -0.67858445 0.0
c 316.62449 48.35848 334.71566 0.13517815 -0.67858445 0.0
c 316.62449 48.15556 334.72254 0.13517815 -0.67858445 0.0
c 316.62449 47.95264 334.72942 0.13517815 -0.67858445 0.0
c 316.62449 47.74972 334.7363 0.13517815 -0.67858445 0.0
c 316.62449 47.5468 334.74319 0.13517815 -0.67858445 0.0
c 316.62449 47.34389 334.75007 0.13517815 -0.67858445 0.0
c 316.62449 47.14097 334.75695 0.13517815 -0.67858445 0.0
c 316.62449 46.93805 334.76383 0.13517815 -0.67858445 0.0
c 316.62449 46.73513 334.77071 0.13517815 -0.67858445 0.0
c 316.62449 46.53221 334.77759 0.13517815 -0.67858445 0.0
c 316.62449 46.32929 334.78447 0.13517815 -0.67858445 0.0
c 316.62449 46.12637 334.79136 0.13517815 -0.67858445 0.0
c 316.62449 45.92345 334.79824 0.13517815 -0.67858445 0.0
c 316.62449 45.72053 334.80512 0.13517815 -0.67858445 0.0
c 316.62449 45.51761 334.812 0.13517815 -0.67858445 0.0
c 316.62449 45.31469 334.81888 0.13517815 -0.67858445 0.0
c 316.62449 45.11177 334.82576 0.13517815 -0.67858445 0.0
c 316.62449 44.90885 334.83264 0.13517815 -0.67858445 0.0
c 316.62449 44.70594 334.83952 0.13517815 -0.67858445 0.0
c 316.62449 44.50302 334.84641 0.13517815 -0.67858445 0.0
c 316.62449 44.3001 334.85329 0.13517815 -0.67858445 0.0
c 316.62449 44.09718 334.86017 0.13517815 -0.67858445 0.0
c 316.62449 43.89426 334.86705 0.13517815 -0.67858445 0.0
c 316.62449 43.69134 334.87393 0.13517815 -0.67858445 0.0
c 316.62449 43.48842 334.88081 0.13517815 -0.67858445 0.0
c 316.62449 43.2855 334.88769 0.13517815 -0.67858445 0.0
c 316.62449 43.08258 334.89458 0.13517815 -0.67858445 0.0
c 316.62449 42.87966 334.90146 0.13517815 -0.67858445 0.0
c 316.62449 42.67674 334.90834 0.13517815 -0.67858445 0.0
c 316.62449 42.47382 334.91522 0.13517815 -0.67858445 0.0
c 316.62449 42.2709 334.9221 0.13517815 -0.67858445 0.0
c 316.62449 42.06799 334.92898 0.13517815 -0.67858445 0.0
c 316.62449 41.86507 334.93586 0.13517815 -0.67858445 0.0
c 316.62449 41.66215 334.94274 0.13517815 -0.67858445 0.0
c 316.62449 41.45923 334.94963 0.13517815 -0.67858445 0.0
c 316.62449 41.25631 334.95651 0.13517815 -0.67858445 0.0
c 316.62449 41.05339 334.96339 0.13517815 -0.67858445 0.0
c 316.62449 40.85047 334.97027 0.13517815 -0.67858445 0.0
c 316.62449 40.64755 334.97715 0.13517815 -0.67858445 0.0
c 316.62449 40.44463 334.98403 0.13517815 -0.67858445 0.0
c 316.62449 40.24171 334.99091 0.13517815 -0.67858445 0.0
c 316.62449 40.03879 334.9978 0.13517815 -0.67858445 0.0
c 316.62449 39.83587 335.00468 0.13517815 -0.67858445 0.0
c 316.62449 39.63295 335.01156 0.13517815 -0.67858445 0.0
c 316.62449 39.43004 335.01844 0.13517815 -0.67858445 0.0
c 316.62449 39.22712 335.02532 0.13517815 -0.67858445 0.0
c 316.62449 39.0242 335.0322 0.13517815 -0.67858445 0.0
c 316.62449 38.82128 335.03908 0.13517815 -0.67858445 0.0
c 316.62449 38.61836 335.04597 0.13517815 -0.67858445 0.0
c 316.62449 38.41544 335.05285 0.13517815 -0.67858445 0.0
c 316.62449 38.21252 335.05973 0.13517815 -0.67858445 0.0
c 316.62449 38.0096 335.06661 0.13517815 -0.67858445 0.0
c 316.62449 37.80668 335.07349 0.13517815 -0.67858445 0.0
c 316.62449 37.60376 335.08037 0.13517815 -0.67858445 0.0
c 316.62449 37.40084 335.08725 0.13517815 -0.67858445 0.0
c 316.62449 37.19792 335.09413 0.13517815 -0.67858445 0.0
c 316.62449 36.995 335.10102 0.13517815 -0.67858445 0.0
c 316.62449 36.79209 335.1079 0.13517815 -0.67858445 0.0
c 316.62449 36.58917 335.11478 0.13517815 -0.67858445 0.0
c 316.62449 36.38625 335.12166 0.13517815 -0.67858445 0.0
c 316.62449 36.18333 335.12854 0.13517815 -0.67858445 0.0
c 316.62449 35.98041 335.13542 0.13517815 -0.67858445 0.0
c 316.62449 35.77749 335.1423 0.13517815 -0.67858445 0.0
c 316.62449 35.57457 335.14919 0.13517815 -0.67858445 0.0
c 316.62449 35.37165 335.15607 0.13517815 -0.67858445 0.0
c 316.62449 35.16873 335.16295 0.13517815 -0.67858445 0.0
c 316.62449 34.96581 335.16983 0.13517815 -0.67858445 0.0
c 316.62449 34.76289 335.17671 0.13517815 -0.67858445 0.0
c 316.62449 34.55997 335.18359 0.13517815 -0.67858445 0.0
c 316.62449 34.35706 335.19047 0.13517815 -0.67858445 0.0
c 316.62449 34.15414 335.19735 0.13517815 -0.67858445 0.0
c 316.62449 33.95122 335.20424 0.13517815 -0.67858445 0.0
c 316.62449 33.7483 335.21112 0.13517815 -0.67858445 0.0
c 316.62449 33.54538 335.218 0.13517815 -0.67858445 0.0
c 316.62449 33.34246 335.22488 0.13517815 -0.67858445 0.0
c 316.62449 33.13954 335.23176 0.13517815 -0.67858445 0.0
c 316.62449 32.93662 335.23864 0.13517815 -0.67858445 0.0
c 316.62449 32.7337 335.24552 0.13517815 -0.67858445 0.0
c 316.62449 32.53078 335.25241 0.13517815 -0.67858445 0.0
c 316.62449 32.32786 335.25929 0.13517815 -0.67858445 0.0
c 316.62449 32.12494 335.26617 0.13517815 -0.67858445 0.0
c 316.62449 31.92202 335.27305 0.13517815 -0.67858445 0.0
c 316.62449 31.71911 335.27993 0.13517815 -0.67858445 0.0
c 316.62449 31.51619 335.28681 0.13517815 -0.67858445 0.0
c 316.62449 31.31327 335.29369 0.13517815 -0.67858445 0.0
c 316.62449 31.11035 335.30058 0.13517815 -0.67858445 0.0
c 316.62449 30.90743 335.30746 0.13517815 -0.67858445 0.0
c 316.62449 30.70451 335.31434 0.13517815 -0.67858445 0.0
c 316.62449 30.50159 335.32122 0.13517815 -0.67858445 0.0
c 316.62449 30.29867 335.3281 0.13517815 -0.67858445 0.0
c 316.62449 30.09575 335.33498 0.13517815 -0.67858445 0.0
c 316.62449 29.89283 335.34186 0.13517815 -0.67858445 0.0
c 316.62449 29.68991 335.34874 0.13517815 -0.67858445 0.0
c 316.62449 29.48699 335.35563 0.13517815 -0.67858445 0.0
c 316.62449 29.28407 335.36251 0.13517815 -0.67858445 0.0
c 316.62449 29.08116 335.36939 0.13517815 -0.67858445 0.0
c 316.62449 28.87824 335.37627 0.13517815 -0.67858445 0.0
c 316.62449 28.67532 335.38315 0.13517815 -0.67858445 0.0
c 316.62449 28.4724 335.39003 0.13517815 -0.67858445 0.0
c 316.62449 28.26948 335.39691 0.13517815 -0.67858445 0.0
c 316.62449 28.06656 335.4038 0.13517815 -0.67858445 0.0
c 316.62449 27.86364 335.41068 0.13517815 -0.67858445 0.0
c 316.62449 27.66072 335.41756 0.13517815 -0.67858445 0.0
c 316.62449 27.4578 335.42444 0.13517815 -0.67858445 0.0
c 316.62449 27.25488 335.43132 0.13517815 -0.67858445 0.0
c 316.62449 27.05196 335.4382 0.13517815 -0.67858445 0.0
c 316.62449 26.84904 335.44508 0.13517815 -0.67858445 0.0
c 316.62449 26.64612 335.45196 0.13517815 -0.67858445 0.0
c 316.62449 26.44321 335.45885 0.13517815 -0.67858445 0.0
c 316.62449 26.24029 335.46573 0.13517815 -0.67858445 0.0
c 316.62449 26.03737 335.47261 0.13517815 -0.67858445 0.0
c 316.62449 25.83445 335.47949 0.13517815 -0.67858445 0.0
c 316.62449 25.63153 335.48637 0.13517815 -0.67858445 0.0
c 316.62449 25.42861 335.49325 0.13517815 -0.67858445 0.0
c 316.62449 25.22569 335.50013 0.13517815 -0.67858445 0.0
c 316.62449 25.02277 335.50702 0.13517815 -0.67858445 0.0
c 316.62449 24.81985 335.5139 0.13517815 -0.67858445 0.0
c 316.62449 24.61693 335.52078 0.13517815 -0.67858445 0.0
c 316.62449 24.41401 335.52766 0.13517815 -0.67858445 0.0
c 316.62449 24.21109 335.53454 0.13517815 -0.67858445 0.0
c 316.62449 24.00817 335.54142 0.13517815 -0.67858445 0.0
c 316.62449 23.80526 335.5483 0.13517815 -0.67858445 0.0
c 316.62449 23.60234 335.55519 0.13517815 -0.67858445 0.0
c 316.62449 23.39942 335.56207 0.13517815 -0.67858445 0.0
c 316.62449 23.1965 335.56895 0.13517815 -0.67858445 0.0
c 316.62449 22.99358 335.57583 0.13517815 -0.67858445 0.0
c 316.62449 22.79066 335.58271 0.13517815 -0.67858445 0.0
c 316.62449 22.58774 335.58959 0.13517815 -0.67858445 0.0
c 316.62449 22.38482 335.59647 0.13517815 -0.67858445 0.0
c 316.62449 22.1819 335.60335 0.13517815 -0.67858445 0.0
c 316.62449 21.97898 335.61024 0.13517815 -0.67858445 0.0
c 316.62449 21.77606 335.61712 0.13517815 -0.67858445 0.0
c 316.62449 21.57314 335.624 0.13517815 -0.67858445 0.0
c 316.62449 21.37022 335.63088 0.13517815 -0.67858445 0.0
c 316.62449 21.16731 335.63776 0.13517815 -0.67858445 0.0
c 316.62449 20.96439 335.64464 0.13517815 -0.67858445 0.0
c 316.62449 20.76147 335.65152 0.13517815 -0.67858445 0.0
c 316.62449 20.76147 335.65152 0.13517815 -0.67858445 0.0
c 316.82475 20.76147 335.65152 0.13517815 -0.67858445 0.0
c 317.025 20.76147 335.65152 0.13517815 -0.67858445 0.0
c 317.22526 20.76147 335.65152 0.13517815 -0.67858445 0.0
c 317.42552 20.76147 335.65152 0.13517815 -0.67858445 0.0
c 317.62577 20.76147 335.65152 0.13517815 -0.67858445 0.0
c 317.82603 20.76147 335.65152 0.13517815 -0.67858445 0.0
c 318.02628 20.76147 335.65152 0.13517815 -0.67858445 0.0
c 318.22654 20.76147 335.65152 0.13517815 -0.67858445 0.0
c 318.4268 20.76147 335.65152 0.13517815 -0.67858445 0.0
c 318.62705 20.76147 335.65152 0.13517815 -0.67858445 0.0
c 318.82731 20.76147 335.65152 0.13517815 -0.67858445 0.0
c 319.02757 20.76147 335.65152 0.13517815 -0.67858445 0.0
c 319.22782 20.76147 335.65152 0.13517815 -0.67858445 0.0
c 319.42808 20.76147 335.65152 0.13517815 -0.67858445 0.0
c 319.62834 20.76147 335.65152 0.13517815 -0.67858445 0.0
c 319.82859 20.76147 335.65152 0.13517815 -0.67858445 0.0
c 320.02885 20.76147 335.65152 0.13517815 -0.67858445 0.0
c 320.2291 20.76147 335.65152 0.13517815 -0.67858445 0.0
c 320.42936 20.76147 335.65152 0.13517815 -0.67858445 0.0
c 320.62962 20.76147 335.65152 0.13517815 -0.67858445 0.0
c 320.82987 20.76147 335.65152 0.13517815 -0.67858445 0.0
c 321.03013 20.76147 335.65152 0.13517815 -0.67858445 0.0
c 321.23039 20.76147 335.65152 0.13517815 -0.67858445 0.0
c 321.43064 20.76147 335.65152 0.13517815 -0.67858445 0.0
c 321.6309 20.76147 335.65152 0.13517815 -0.67858445 0.0
c 321.83116 20.76147 335.65152 0.13517815 -0.67858445 0.0
c 322.03141 20.76147 335.65152 0.13517815 -0.67858445 0.0
c 322.23167 20.76147 335.65152 0.13517815 -0.67858445 0.0
c 322.43193 20.76147 335.65152 0.13517815 -0.67858445 0.0
c 322.63218 20.76147 335.65152 0.13517815 -0.67858445 0.0
c 322.83244 20.76147 335.65152 0.13517815 -0.67858445 0.0
c 323.03269 20.76147 335.65152 0.13517815 -0.67858445 0.0
c 323.23295 20.76147 335.65152 0.13517815 -0.67858445 0.0
c 323.43321 20.76147 335.65152 0.13517815 -0.67858445 0.0
c 323.63346 20.76147 335.65152 0.13517815 -0.67858445 0.0
c 323.83372 20.76147 335.65152 0.13517815 -0.67858445 0.0
c 324.03398 20.76147 335.65152 0.13517815 -0.67858445 0.0
c 324.23423 20.76147 335.65152 0.13517815 -0.67858445 0.0
c 324.43449 20.76147 335.65152 0.13517815 -0.67858445 0.0
c 324.63475 20.76147 335.65152 0.13517815 -0.67858445 0.0
c 324.835 20.76147 335.65152 0.13517815 -0.67858445 0.0
c 325.03526 20.76147 335.65152 0.13517815 -0.67858445 0.0
c 325.23551 20.76147 335.65152 0.13517815 -0.67858445 0.0
c 325.43577 20.76147 335.65152 0.13517815 -0.67858445 0.0
c 325.63603 20.76147 335.65152 0.13517815 -0.67858445 0.0
c 325.83628 20.76147 335.65152 0.13517815 -0.67858445 0.0
c 326.03654 20.76147 335.65152 0.13517815 -0.67858445 0.0
c 326.2368 20.76147 335.65152 0.13517815 -0.67858445 0.0
c 326.43705 20.76147 335.65152 0.13517815 -0.67858445 0.0
c 326.63731 20.76147 335.65152 0.13517815 -0.67858445 0.0
c 326.83757 20.76147 335.65152 0.13517815 -0.67858445 0.0
c 327.03782 20.76147 335.65152 0.13517815 -0.67858445 0.0
c 327.23808 20.76147 335.65152 0.13517815 -0.67858445 0.0
c 327.43833 20.76147 335.65152 0.13517815 -0.67858445 0.0
c 327.63859 20.76147 335.65152 0.13517815 -0.67858445 0.0
c 327.83885 20.76147 335.65152 0.13517815 -0.67858445 0.0
c 328.0391 20.76147 335.65152 0.13517815 -0.67858445 0.0
c 328.23936 20.76147 335.65152 0.13517815 -0.67858445 0.0
c 328.43962 20.76147 335.65152 0.13517815 -0.67858445 0.0
c 328.63987 20.76147 335.65152 0.13517815 -0.67858445 0.0
c 328.84013 20.76147 335.65152 0.13517815 -0.67858445 0.0
c 329.04039 20.76147 335.65152 0.13517815 -0.67858445 0.0
c 329.24064 20.76147 335.65152 0.13517815 -0.67858445 0.0
c 329.4409 20.76147 335.65152 0.13517815 -0.67858445 0.0
c 329.64115 20.76147 335.65152 0.13517815 -0.67858445 0.0
c 329.84141 20.76147 335.65152 0.13517815 -0.67858445 0.0
c 330.04167 20.76147 335.65152 0.13517815 -0.67858445 0.0
c 330.24192 20.76147 335.65152 0.13517815 -0.67858445 0.0
c 330.44218 20.76147 335.65152 0.13517815 -0.67858445 0.0
c 330.64244 20.76147 335.65152 0.13517815 -0.67858445 0.0
c 330.84269 20.76147 335.65152 0.13517815 -0.67858445 0.0
c 331.04295 20.76147 335.65152 0.13517815 -0.67858445 0.0
c 331.24321 20.76147 335.65152 0.13517815 -0.67858445 0.0
c 331.44346 20.76147 335.65152 0.13517815 -0.67858445 0.0
c 331.64372 20.76147 335.65152 0.13517815 -0.67858445 0.0
c 331.84397 20.76147 335.65152 0.13517815 -0.67858445 0.0
c 332.04423 20.76147 335.65152 0.13517815 -0.67858445 0.0
c 332.24449 20.76147 335.65152 0.13517815 -0.67858445 0.0
c 332.44474 20.76147 335.65152 0.13517815 -0.67858445 0.0
c 332.645 20.76147 335.65152 0.13517815 -0.67858445 0.0
c 332.84526 20.76147 335.65152 0.13517815 -0.67858445 0.0
c 333.04551 20.76147 335.65152 0.13517815 -0.67858445 0.0
c 333.24577 20.76147 335.65152 0.13517815 -0.67858445 0.0
c 333.44603 20.76147 335.65152 0.13517815 -0.67858445 0.0
c 333.64628 20.76147 335.65152 0.13517815 -0.67858445 0.0
c 333.84654 20.76147 335.65152 0.13517815 -0.67858445 0.0
c 334.0468 20.76147 335.65152 0.13517815 -0.67858445 0.0
c 334.24705 20.76147 335.65152 0.13517815 -0.67858445 0.0
c 334.44731 20.76147 335.65152 0.13517815 -0.67858445 0.0
c 334.64756 20.76147 335.65152 0.13517815 -0.67858445 0.0
c 334.84782 20.76147 335.65152 0.13517815 -0.67858445 0.0
c 335.04808 20.76147 335.65152 0.13517815 -0.67858445 0.0
c 335.24833 20.76147 335.65152 0.13517815 -0.67858445 0.0
c 335.44859 20.76147 335.65152 0.13517815 -0.67858445 0.0
c 335.64885 20.76147 335.65152 0.13517815 -0.67858445 0.0
c 335.8491 20.76147 335.65152 0.13517815 -0.67858445 0.0
c 336.04936 20.76147 335.65152 0.13517815 -0.67858445 0.0
c 336.24962 20.76147 335.65152 0.13517815 -0.67858445 0.0
c 336.44987 20.76147 335.65152 0.13517815 -0.67858445 0.0
c 336.65013 20.76147 335.65152 0.13517815 -0.67858445 0.0
c 336.85038 20.76147 335.65152 0.13517815 -0.67858445 0.0
c 337.05064 20.76147 335.65152 0.13517815 -0.67858445 0.0
c 337.2509 20.76147 335.65152 0.13517815 -0.67858445 0.0
c 337.45115 20.76147 335.65152 0.13517815 -0.67858445 0.0
c 337.65141 20.76147 335.65152 0.13517815 -0.67858445 0.0
c 337.85167 20.76147 335.65152 0.13517815 -0.67858445 0.0
c 338.05192 20.76147 335.65152 0.13517815 -0.67858445 0.0
c 338.25218 20.76147 335.65152 0.13517815 -0.67858445 0.0
c 338.45244 20.76147 335.65152 0.13517815 -0.67858445 0.0
c 338.65269 20.76147 335.65152 0.13517815 -0.67858445 0.0
c 338.85295 20.76147 335.65152 0.13517815 -0.67858445 0.0
c 339.0532 20.76147 335.65152 0.13517815 -0.67858445 0.0
c 339.25346 20.76147 335.65152 0.13517815 -0.67858445 0.0
c 339.45372 20.76147 335.65152 0.13517815 -0.67858445 0.0
c 339.65397 20.76147 335.65152 0.13517815 -0.67858445 0.0
c 339.85423 20.76147 335.65152 0.13517815 -0.67858445 0.0
c 340.05449 20.76147 335.65152 0.13517815 -0.67858445 0.0
c 340.25474 20.76147 335.65152 0.13517815 -0.67858445 0.0
c 340.455 20.76147 335.65152 0.13517815 -0.67858445 0.0
c 340.65526 20.76147 335.65152 0.13517815 -0.67858445 0.0
c 340.85551 20.76147 335.65152 0.13517815 -0.67858445 0.0
c 341.05577 20.76147 335.65152 0.13517815 -0.67858445 0.0
c 341.25602 20.76147 335.65152 0.13517815 -0.67858445 0.0
c 341.45628 20.76147 335.65152 0.13517815 -0.67858445 0.0
c 341.65654 20.76147 335.65152 0.13517815 -0.67858445 0.0
c 341.85679 20.76147 335.65152 0.13517815 -0.67858445 0.0
c 342.05705 20.76147 335.65152 0.13517815 -0.67858445 0.0
c 342.25731 20.76147 335.65152 0.13517815 -0.67858445 0.0
c 342.45756 20.76147 335.65152 0.13517815 -0.67858445 0.0
c 342.65782 20.76147 335.65152 0.13517815 -0.67858445 0.0
c 342.85808 20.76147 335.65152 0.13517815 -0.67858445 0.0
c 343.05833 20.76147 335.65152 0.13517815 -0.67858445 0.0
c 343.25859 20.76147 335.65152 0.13517815 -0.67858445 0.0
c 343.45884 20.76147 335.65152 0.13517815 -0.67858445 0.0
c 343.6591 20.76147 335.65152 0.13517815 -0.67858445 0.0
c 343.85936 20.76147 335.65152 0.13517815 -0.67858445 0.0
c 344.05961 20.76147 335.65152 0.13517815 -0.67858445 0.0
c 344.25987 20.76147 335.65152 0.13517815 -0.67858445 0.0
c 344.46013 20.76147 335.65152 0.13517815 -0.67858445 0.0
c 344.66038 20.76147 335.65152 0.13517815 -0.67858445 0.0
c 344.86064 20.76147 335.65152 0.13517815 -0.67858445 0.0
c 345.0609 20.76147 335.65152 0.13517815 -0.67858445 0.0
c 345.26115 20.76147 335.65152 0.13517815 -0.67858445 0.0
c 345.46141 20.76147 335.65152 0.13517815 -0.67858445 0.0
c 345.66167 20.76147 335.65152 0.13517815 -0.67858445 0.0
c 345.86192 20.76147 335.65152 0.13517815 -0.67858445 0.0
c 346.06218 20.76147 335.65152 0.13517815 -0.67858445 0.0
c 346.26243 20.76147 335.65152 0.13517815 -0.67858445 0.0
c 346.46269 20.76147 335.65152 0.13517815 -0.67858445 0.0
c 346.66295 20.76147 335.65152 0.13517815 -0.67858445 0.0
c 346.8632 20.76147 335.65152 0.13517815 -0.67858445 0.0
c 347.06346 20.76147 335.65152 0.13517815 -0.67858445 0.0
c 347.26372 20.76147 335.65152 0.13517815 -0.67858445 0.0
c 347.46397 20.76147 335.65152 0.13517815 -0.67858445 0.0
c 347.66423 20.76147 335.65152 0.13517815 -0.67858445 0.0
c 347.86449 20.76147 335.65152 0.13517815 -0.67858445 0.0
c 348.06474 20.76147 335.65152 0.13517815 -0.67858445 0.0
c 348.265 20.76147 335.65152 0.13517815 -0.67858445 0.0
c 348.46525 20.76147 335.65152 0.13517815 -0.67858445 0.0
c 348.66551 20.76147 335.65152 0.13517815 -0.67858445 0.0
c 348.86577 20.76147 335.65152 0.13517815 -0.67858445 0.0
c 349.06602 20.76147 335.65152 0.13517815 -0.67858445 0.0
c 349.26628 20.76147 335.65152 0.13517815 -0.67858445 0.0
c 349.46654 20.76147 335.65152 0.13517815 -0.67858445 0.0
c 349.66679 20.76147 335.65152 0.13517815 -0.67858445 0.0
c 349.86705 20.76147 335.65152 0.13517815 -0.67858445 0.0
c 350.06731 20.76147 335.65152 0.13517815 -0.67858445 0.0
c 350.26756 20.76147 335.65152 0.13517815 -0.67858445 0.0
c 350.46782 20.76147 335.65152 0.13517815 -0.67858445 0.0
c 350.66807 20.76147 335.65152 0.13517815 -0.67858445 0.0
c 350.86833 20.76147 335.65152 0.13517815 -0.67858445 0.0
c 351.06859 20.76147 335.65152 0.13517815 -0.67858445 0.0
c 351.26884 20.76147 335.65152 0.13517815 -0.67858445 0.0
c 351.4691 20.76147 335.65152 0.13517815 -0.67858445 0.0
c 351.66936 20.76147 335.65152 0.13517815 -0.67858445 0.0
c 351.86961 20.76147 335.65152 0.13517815 -0.67858445 0.0
c 352.06987 20.76147 335.65152 0.13517815 -0.67858445 0.0
c 352.27013 20.76147 335.65152 0.13517815 -0.67858445 0.0
c 352.47038 20.76147 335.65152 0.13517815 -0.67858445 0.0
c 352.67064 20.76147 335.65152 0.13517815 -0.67858445 0.0
c 352.87089 20.76147 335.65152 0.13517815 -0.67858445 0.0
c 353.07115 20.76147 335.65152 0.13517815 -0.67858445 0.0
c 353.27141 20.76147 335.65152 0.13517815 -0.67858445 0.0
c 353.47166 20.76147 335.65152 0.13517815 -0.67858445 0.0
c 353.67192 20.76147 335.65152 0.13517815 -0.67858445 0.0
c 353.87218 20.76147 335.65152 0.13517815 -0.67858445 0.0
c 354.07243 20.76147 335.65152 0.13517815 -0.67858445 0.0
c 354.27269 20.76147 335.65152 0.13517815 -0.67858445 0.0
c 354.47295 20.76147 335.65152 0.13517815 -0.67858445 0.0
c 354.6732 20.76147 335.65152 0.13517815 -0.67858445 0.0
c 354.87346 20.76147 335.65152 0.13517815 -0.67858445 0.0
c 355.07371 20.76147 335.65152 0.13517815 -0.67858445 0.0
c 355.27397 20.76147 335.65152 0.13517815 -0.67858445 0.0
c 355.47423 20.76147 335.65152 0.13517815 -0.67858445 0.0
c 355.67448 20.76147 335.65152 0.13517815 -0.67858445 0.0
c 355.87474 20.76147 335.65152 0.13517815 -0.67858445 0.0
c 356.075 20.76147 335.65152 0.13517815 -0.67858445 0.0
c 356.27525 20.76147 335.65152 0.13517815 -0.67858445 0.0
c 356.47551 20.76147 335.65152 0.13517815 -0.67858445 0.0
c 356.67577 20.76147 335.65152 0.13517815 -0.67858445 0.0
c 356.87602 20.76147 335.65152 0.13517815 -0.67858445 0.0
c 357.07628 20.76147 335.65152 0.13517815 -0.67858445 0.0
c 357.27654 20.76147 335.65152 0.13517815 -0.67858445 0.0
c 357.47679 20.76147 335.65152 0.13517815 -0.67858445 0.0
c 357.67705 20.76147 335.65152 0.13517815 -0.67858445 0.0
c 357.8773 20.76147 335.65152 0.13517815 -0.67858445 0.0
c 358.07756 20.76147 335.65152 0.13517815 -0.67858445 0.0
c 358.27782 20.76147 335.65152 0.13517815 -0.67858445 0.0
c 358.47807 20.76147 335.65152 0.13517815 -0.67858445 0.0
c 358.67833 20.76147 335.65152 0.13517815 -0.67858445 0.0
c 358.87859 20.76147 335.65152 0.13517815 -0.67858445 0.0
c 359.07884 20.76147 335.65152 0.13517815 -0.67858445 0.0
c 359.2791 20.76147 335.65152 0.13517815 -0.67858445 0.0
c 359.47936 20.76147 335.65152 0.13517815 -0.67858445 0.0
c 359.67961 20.76147 335.65152 0.13517815 -0.67858445 0.0
c 359.87987 20.76147 335.65152 0.13517815 -0.67858445 0.0
c 360.08012 20.76147 335.65152 0.13517815 -0.67858445 0.0
c 360.28038 20.76147 335.65152 0.13517815 -0.67858445 0.0
c 360.48064 20.76147 335.65152 0.13517815 -0.67858445 0.0
c 360.68089 20.76147 335.65152 0.13517815 -0.67858445 0.0
c 360.88115 20.76147 335.65152 0.13517815 -0.67858445 0.0
c 361.08141 20.76147 335.65152 0.13517815 -0.67858445 0.0
c 361.28166 20.76147 335.65152 0.13517815 -0.67858445 0.0
c 361.48192 20.76147 335.65152 0.13517815 -0.67858445 0.0
c 361.68218 20.76147 335.65152 0.13517815 -0.67858445 0.0
c 361.88243 20.76147 335.65152 0.13517815 -0.67858445 0.0
c 362.08269 20.76147 335.65152 0.13517815 -0.67858445 0.0
c 362.28294 20.76147 335.65152 0.13517815 -0.67858445 0.0
c 362.4832 20.76147 335.65152 0.13517815 -0.67858445 0.0
c 362.68346 20.76147 335.65152 0.13517815 -0.67858445 0.0
c 362.88371 20.76147 335.65152 0.13517815 -0.67858445 0.0
c 363.08397 20.76147 335.65152 0.13517815 -0.67858445 0.0
c 363.28423 20.76147 335.65152 0.13517815 -0.67858445 0.0
c 363.48448 20.76147 335.65152 0.13517815 -0.67858445 0.0
c 363.68474 20.76147 335.65152 0.13517815 -0.67858445 0.0
c 363.885 20.76147 335.65152 0.13517815 -0.67858445 0.0
c 364.08525 20.76147 335.65152 0.13517815 -0.67858445 0.0
c 364.28551 20.76147 335.65152 0.13517815 -0.67858445 0.0
c 364.48576 20.76147 335.65152 0.13517815 -0.67858445 0.0
c 364.68602 20.76147 335.65152 0.13517815 -0.67858445 0.0
c 364.88628 20.76147 335.65152 0.13517815 -0.67858445 0.0
c 365.08653 20.76147 335.65152 0.13517815 -0.67858445 0.0
c 365.28679 20.76147 335.65152 0.13517815 -0.67858445 0.0
c 365.48705 20.76147 335.65152 0.13517815 -0.67858445 0.0
c 365.6873 20.76147 335.65152 0.13517815 -0.67858445 0.0
c 365.6873 20.76147 335.65152 0.13517815 -0.67858445 0.0
c 365.69816 20.96376 335.65152 0.13517815 -0.67858445 0.0
c 365.70903 21.16606 335.65152 0.13517815 -0.67858445 0.0
c 365.71989 21.36836 335.65152 0.13517815 -0.67858445 0.0
c 365.73075 21.57066 335.65152 0.13517815 -0.67858445 0.0
c 365.74161 21.77295 335.65152 0.13517815 -0.67858445 0.0
c 365.75247 21.97525 335.65152 0.13517815 -0.67858445 0.0
c 365.76333 22.17755 335.65152 0.13517815 -0.67858445 0.0
c 365.77419 22.37985 335.65152 0.13517815 -0.67858445 0.0
c 365.78505 22.58214 335.65152 0.13517815 -0.67858445 0.0
c 365.79591 22.78444 335.65152 0.13517815 -0.67858445 0.0
c 365.80677 22.98674 335.65152 0.13517815 -0.67858445 0.0
c 365.81764 23.18904 335.65152 0.13517815 -0.67858445 0.0
c 365.8285 23.39133 335.65152 0.13517815 -0.67858445 0.0
c 365.83936 23.59363 335.65152 0.13517815 -0.67858445 0.0
c 365.85022 23.79593 335.65152 0.13517815 -0.67858445 0.0
c 365.86108 23.99823 335.65152 0.13517815 -0.67858445 0.0
c 365.87194 24.20052 335.65152 0.13517815 -0.67858445 0.0
c 365.8828 24.40282 335.65152 0.13517815 -0.67858445 0.0
c 365.89366 24.60512 335.65152 0.13517815 -0.67858445 0.0
c 365.90452 24.80741 335.65152 0.13517815 -0.67858445 0.0
c 365.91538 25.00971 335.65152 0.13517815 -0.67858445 0.0
c 365.92625 25.21201 335.65152 0.13517815 -0.67858445 0.0
c 365.93711 25.41431 335.65152 0.13517815 -0.67858445 0.0
c 365.94797 25.6166 335.65152 0.13517815 -0.67858445 0.0
c 365.95883 25.8189 335.65152 0.13517815 -0.67858445 0.0
c 365.96969 26.0212 335.65152 0.13517815 -0.67858445 0.0
c 365.98055 26.2235 335.65152 0.13517815 -0.67858445 0.0
c 365.99141 26.42579 335.65152 0.13517815 -0.67858445 0.0
c 366.00227 26.62809 335.65152 0.13517815 -0.67858445 0.0
c 366.01313 26.83039 335.65152 0.13517815 -0.67858445 0.0
c 366.02399 27.03269 335.65152 0.13517815 -0.67858445 0.0
c 366.03486 27.23498 335.65152 0.13517815 -0.67858445 0.0
c 366.04572 27.43728 335.65152 0.13517815 -0.67858445 0.0
c 366.05658 27.63958 335.65152 0.13517815 -0.67858445 0.0
c 366.06744 27.84188 335.65152 0.13517815 -0.67858445 0.0
c 366.0783 28.04417 335.65152 0.13517815 -0.67858445 0.0
c 366.08916 28.24647 335.65152 0.13517815 -0.67858445 0.0
c 366.10002 28.44877 335.65152 0.13517815 -0.67858445 0.0
c 366.11088 28.65106 335.65152 0.13517815 -0.67858445 0.0
c 366.12174 28.85336 335.65152 0.13517815 -0.67858445 0.0
c 366.1326 29.05566 335.65152 0.13517815 -0.67858445 0.0
c 366.14347 29.25796 335.65152 0.13517815 -0.67858445 0.0
c 366.15433 29.46025 335.65152 0.13517815 -0.67858445 0.0
c 366.16519 29.66255 335.65152 0.13517815 -0.67858445 0.0
c 366.17605 29.86485 335.65152 0.13517815 -0.67858445 0.0
c 366.18691 30.06715 335.65152 0.13517815 -0.67858445 0.0
c 366.19777 30.26944 335.65152 0.13517815 -0.67858445 0.0
c 366.20863 30.47174 335.65152 0.13517815 -0.67858445 0.0
c 366.21949 30.67404 335.65152 0.13517815 -0.67858445 0.0
c 366.23035 30.87634 335.65152 0.13517815 -0.67858445 0.0
c 366.24122 31.07863 335.65152 0.13517815 -0.67858445 0.0
c 366.25208 31.28093 335.65152 0.13517815 -0.67858445 0.0
c 366.26294 31.48323 335.65152 0.13517815 -0.67858445 0.0
c 366.2738 31.68553 335.65152 0.13517815 -0.67858445 0.0
c 366.28466 31.88782 335.65152 0.13517815 -0.67858445 0.0
c 366.29552 32.09012 335.65152 0.13517815 -0.67858445 0.0
c 366.30638 32.29242 335.65152 0.13517815 -0.67858445 0.0
c 366.31724 32.49471 335.65152 0.13517815 -0.67858445 0.0
c 366.3281 32.69701 335.65152 0.13517815 -0.67858445 0.0
c 366.33896 32.89931 335.65152 0.13517815 -0.67858445 0.0
c 366.34983 33.10161 335.65152 0.13517815 -0.67858445 0.0
c 366.36069 33.3039 335.65152 0.13517815 -0.67858445 0.0
c 366.37155 33.5062 335.65152 0.13517815 -0.67858445 0.0
c 366.38241 33.7085 335.65152 0.13517815 -0.67858445 0.0
c 366.39327 33.9108 335.65152 0.13517815 -0.67858445 0.0
c 366.40413 34.11309 335.65152 0.13517815 -0.67858445 0.0
c 366.41499 34.31539 335.65152 0.13517815 -0.67858445 0.0
c 366.42585 34.51769 335.65152 0.13517815 -0.67858445 0.0
c 366.43671 34.71999 335.65152 0.13517815 -0.67858445 0.0
c 366.44757 34.92228 335.65152 0.13517815 -0.67858445 0.0
c 366.45844 35.12458 335.65152 0.13517815 -0.67858445 0.0
c 366.4693 35.32688 335.65152 0.13517815 -0.67858445 0.0
c 366.48016 35.52918 335.65152 0.13517815 -0.67858445 0.0
c 366.49102 35.73147 335.65152 0.13517815 -0.67858445 0.0
c 366.50188 35.93377 335.65152 0.13517815 -0.67858445 0.0
c 366.51274 36.13607 335.65152 0.13517815 -0.67858445 0.0
c 366.5236 36.33837 335.65152 0.13517815 -0.67858445 0.0
c 366.53446 36.54066 335.65152 0.13517815 -0.67858445 0.0
c 366.54532 36.74296 335.65152 0.13517815 -0.67858445 0.0
c 366.55618 36.94526 335.65152 0.13517815 -0.67858445 0.0
c 366.56705 37.14755 335.65152 0.13517815 -0.67858445 0.0
c 366.57791 37.34985 335.65152 0.13517815 -0.67858445 0.0
c 366.58877 37.55215 335.65152 0.13517815 -0.67858445 0.0
c 366.59963 37.75445 335.65152 0.13517815 -0.67858445 0.0
c 366.61049 37.95674 335.65152 0.13517815 -0.67858445 0.0
c 366.62135 38.15904 335.65152 0.13517815 -0.67858445 0.0
c 366.63221 38.36134 335.65152 0.13517815 -0.67858445 0.0
c 366.64307 38.56364 335.65152 0.13517815 -0.67858445 0.0
c 366.65393 38.76593 335.65152 0.13517815 -0.67858445 0.0
c 366.6648 38.96823 335.65152 0.13517815 -0.67858445 0.0
c 366.67566 39.17053 335.65152 0.13517815 -0.67858445 0.0
c 366.68652 39.37283 335.65152 0.13517815 -0.67858445 0.0
c 366.69738 39.57512 335.65152 0.13517815 -0.67858445 0.0
c 366.70824 39.77742 335.65152 0.13517815 -0.67858445 0.0
c 366.7191 39.97972 335.65152 0.13517815 -0.67858445 0.0
c 366.72996 40.18202 335.65152 0.13517815 -0.67858445 0.0
c 366.74082 40.38431 335.65152 0.13517815 -0.67858445 0.0
c 366.75168 40.58661 335.65152 0.13517815 -0.67858445 0.0
c 366.76254 40.78891 335.65152 0.13517815 -0.67858445 0.0
c 366.77341 40.9912 335.65152 0.13517815 -0.67858445 0.0
c 366.78427 41.1935 335.65152 0.13517815 -0.67858445 0.0
c 366.79513 41.3958 335.65152 0.13517815 -0.67858445 0.0
c 366.80599 41.5981 335.65152 0.13517815 -0.67858445 0.0
c 366.81685 41.80039 335.65152 0.13517815 -0.67858445 0.0
c 366.82771 42.00269 335.65152 0.13517815 -0.67858445 0.0
c 366.83857 42.20499 335.65152 0.13517815 -0.67858445 0.0
c 366.84943 42.40729 335.65152 0.13517815 -0.67858445 0.0
c 366.86029 42.60958 335.65152 0.13517815 -0.67858445 0.0
c 366.87115 42.81188 335.65152 0.13517815 -0.67858445 0.0
c 366.88202 43.01418 335.65152 0.13517815 -0.67858445 0.0
c 366.89288 43.21648 335.65152 0.13517815 -0.67858445 0.0
c 366.90374 43.41877 335.65152 0.13517815 -0.67858445 0.0
c 366.9146 43.62107 335.65152 0.13517815 -0.67858445 0.0
c 366.92546 43.82337 335.65152 0.13517815 -0.67858445 0.0
c 366.93632 44.02567 335.65152 0.13517815 -0.67858445 0.0
c 366.94718 44.22796 335.65152 0.13517815 -0.67858445 0.0
c 366.95804 44.43026 335.65152 0.13517815 -0.67858445 0.0
c 366.9689 44.63256 335.65152 0.13517815 -0.67858445 0.0
c 366.97976 44.83485 335.65152 0.13517815 -0.67858445 0.0
c 366.99063 45.03715 335.65152 0.13517815 -0.67858445 0.0
c 367.00149 45.23945 335.65152 0.13517815 -0.67858445 0.0
c 367.01235 45.44175 335.65152 0.13517815 -0.67858445 0.0
c 367.02321 45.64404 335.65152 0.13517815 -0.67858445 0.0
c 367.03407 45.84634 335.65152 0.13517815 -0.67858445 0.0
c 367.04493 46.04864 335.65152 0.13517815 -0.67858445 0.0
c 367.05579 46.25094 335.65152 0.13517815 -0.67858445 0.0
c 367.06665 46.45323 335.65152 0.13517815 -0.67858445 0.0
c 367.07751 46.65553 335.65152 0.13517815 -0.67858445 0.0
c 367.08837 46.85783 335.65152 0.13517815 -0.67858445 0.0
c 367.09924 47.06013 335.65152 0.13517815 -0.67858445 0.0
c 367.1101 47.26242 335.65152 0.13517815 -0.67858445 0.0
c 367.12096 47.46472 335.65152 0.13517815 -0.67858445 0.0
c 367.13182 47.66702 335.65152 0.13517815 -0.67858445 0.0
c 367.14268 47.86932 335.65152 0.13517815 -0.67858445 0.0
c 367.15354 48.07161 335.65152 0.13517815 -0.67858445 0.0
c 367.1644 48.27391 335.65152 0.13517815 -0.67858445 0.0
c 367.17526 48.47621 335.65152 0.13517815 -0.67858445 0.0
c 367.18612 48.67851 335.65152 0.13517815 -0.67858445 0.0
c 367.19699 48.8808 335.65152 0.13517815 -0.67858445 0.0
c 367.20785 49.0831 335.65152 0.13517815 -0.67858445 0.0
c 367.21871 49.2854 335.65152 0.13517815 -0.67858445 0.0
c 367.22957 49.48769 335.65152 0.13517815 -0.67858445 0.0
c 367.24043 49.68999 335.65152 0.13517815 -0.67858445 0.0
c 367.25129 49.89229 335.65152 0.13517815 -0.67858445 0.0
c 367.26215 50.09459 335.65152 0.13517815 -0.67858445 0.0
c 367.27301 50.29688 335.65152 0.13517815 -0.67858445 0.0
c 367.28387 50.49918 335.65152 0.13517815 -0.67858445 0.0
c 367.29473 50.70148 335.65152 0.13517815 -0.67858445 0.0
c 367.3056 50.90378 335.65152 0.13517815 -0.67858445 0.0
c 367.31646 51.10607 335.65152 0.13517815 -0.67858445 0.0
c 367.32732 51.30837 335.65152 0.13517815 -0.67858445 0.0
c 367.33818 51.51067 335.65152 0.13517815 -0.67858445 0.0
c 367.34904 51.71297 335.65152 0.13517815 -0.67858445 0.0
c 367.3599 51.91526 335.65152 0.13517815 -0.67858445 0.0
c 367.37076 52.11756 335.65152 0.13517815 -0.67858445 0.0
c 367.38162 52.31986 335.65152 0.13517815 -0.67858445 0.0
c 367.39248 52.52216 335.65152 0.13517815 -0.67858445 0.0
c 367.40334 52.72445 335.65152 0.13517815 -0.67858445 0.0
c 367.41421 52.92675 335.65152 0.13517815 -0.67858445 0.0
c 367.42507 53.12905 335.65152 0.13517815 -0.67858445 0.0
c 367.43593 53.33134 335.65152 0.13517815 -0.67858445 0.0
c 367.44679 53.53364 335.65152 0.13517815 -0.67858445 0.0
c 367.45765 53.73594 335.65152 0.13517815 -0.67858445 0.0
c 367.46851 53.93824 335.65152 0.13517815 -0.67858445 0.0
c 367.47937 54.14053 335.65152 0.13517815 -0.67858445 0.0
c 367.49023 54.34283 335.65152 0.13517815 -0.67858445 0.0
c 367.50109 54.54513 335.65152 0.13517815 -0.67858445 0.0
c 367.51195 54.74743 335.65152 0.13517815 -0.67858445 0.0
c 367.52282 54.94972 335.65152 0.13517815 -0.67858445 0.0
c 367.53368 55.15202 335.65152 0.13517815 -0.67858445 0.0
c 367.54454 55.35432 335.65152 0.13517815 -0.67858445 0.0
c 367.5554 55.55662 335.65152 0.13517815 -0.67858445 0.0
c 367.56626 55.75891 335.65152 0.13517815 -0.67858445 0.0
c 367.57712 55.96121 335.65152 0.13517815 -0.67858445 0.0
c 367.58798 56.16351 335.65152 0.13517815 -0.67858445 0.0
c 367.59884 56.36581 335.65152 0.13517815 -0.67858445 0.0
c 367.6097 56.5681 335.65152 0.13517815 -0.67858445 0.0
c 367.62056 56.7704 335.65152 0.13517815 -0.67858445 0.0
c 367.63143 56.9727 335.65152 0.13517815 -0.67858445 0.0
c 367.64229 57.17499 335.65152 0.13517815 -0.67858445 0.0
c 367.65315 57.37729 335.65152 0.13517815 -0.67858445 0.0
c 367.66401 57.57959 335.65152 0.13517815 -0.67858445 0.0
c 367.67487 57.78189 335.65152 0.13517815 -0.67858445 0.0
c 367.68573 57.98418 335.65152 0.13517815 -0.67858445 0.0
c 367.69659 58.18648 335.65152 0.13517815 -0.67858445 0.0
c 367.70745 58.38878 335.65152 0.13517815 -0.67858445 0.0
c 367.71831 58.59108 335.65152 0.13517815 -0.67858445 0.0
c 367.72918 58.79337 335.65152 0.13517815 -0.67858445 0.0
c 367.74004 58.99567 335.65152 0.13517815 -0.67858445 0.0
c 367.7509 59.19797 335.65152 0.13517815 -0.67858445 0.0
c 367.76176 59.40027 335.65152 0.13517815 -0.67858445 0.0
c 367.77262 59.60256 335.65152 0.13517815 -0.67858445 0.0
c 367.78348 59.80486 335.65152 0.13517815 -0.67858445 0.0
c 367.79434 60.00716 335.65152 0.13517815 -0.67858445 0.0
c 367.8052 60.20946 335.65152 0.13517815 -0.67858445 0.0
c 367.81606 60.41175 335.65152 0.13517815 -0.67858445 0.0
c 367.82692 60.61405 335.65152 0.13517815 -0.67858445 0.0
c 367.83779 60.81635 335.65152 0.13517815 -0.67858445 0.0
c 367.84865 61.01865 335.65152 0.13517815 -0.67858445 0.0
c 367.85951 61.22094 335.65152 0.13517815 -0.67858445 0.0
c 367.87037 61.42324 335.65152 0.13517815 -0.67858445 0.0
c 367.88123 61.62554 335.65152 0.13517815 -0.67858445 0.0
c 367.89209 61.82783 335.65152 0.13517815 -0.67858445 0.0
c 367.90295 62.03013 335.65152 0.13517815 -0.67858445 0.0
c 367.91381 62.23243 335.65152 0.13517815 -0.67858445 0.0
c 367.92467 62.43473 335.65152 0.13517815 -0.67858445 0.0
c 367.93553 62.63702 335.65152 0.13517815 -0.67858445 0.0
c 367.9464 62.83932 335.65152 0.13517815 -0.67858445 0.0
c 367.95726 63.04162 335.65152 0.13517815 -0.67858445 0.0
c 367.96812 63.24392 335.65152 0.13517815 -0.67858445 0.0
c 367.97898 63.44621 335.65152 0.13517815 -0.67858445 0.0
c 367.98984 63.64851 335.65152 0.13517815 -0.67858445 0.0
c 368.0007 63.85081 335.65152 0.13517815 -0.67858445 0.0
c 368.01156 64.05311 335.65152 0.13517815 -0.67858445 0.0
c 368.02242 64.2554 335.65152 0.13517815 -0.67858445 0.0
c 368.03328 64.4577 335.65152 0.13517815 -0.67858445 0.0
c 368.04414 64.66 335.65152 0.13517815 -0.67858445 0.0
c 368.05501 64.8623 335.65152 0.13517815 -0.67858445 0.0
c 368.06587 65.06459 335.65152 0.13517815 -0.67858445 0.0
c 368.07673 65.26689 335.65152 0.13517815 -0.67858445 0.0
c 368.08759 65.46919 335.65152 0.13517815 -0.67858445 0.0
c 368.09845 65.67148 335.65152 0.13517815 -0.67858445 0.0
c 368.10931 65.87378 335.65152 0.13517815 -0.67858445 0.0
c 368.12017 66.07608 335.65152 0.13517815 -0.67858445 0.0
c 368.13103 66.27838 335.65152 0.13517815 -0.67858445 0.0
c 368.14189 66.48067 335.65152 0.13517815 -0.67858445 0.0
c 368.15276 66.68297 335.65152 0.13517815 -0.67858445 0.0
c 368.16362 66.88527 335.65152 0.13517815 -0.67858445 0.0
c 368.17448 67.08757 335.65152 0.13517815 -0.67858445 0.0
c 368.18534 67.28986 335.65152 0.13517815 -0.67858445 0.0
c 368.1962 67.49216 335.65152 0.13517815 -0.67858445 0.0
c 368.20706 67.69446 335.65152 0.13517815 -0.67858445 0.0
c 368.21792 67.89676 335.65152 0.13517815 -0.67858445 0.0
c 368.22878 68.09905 335.65152 0.13517815 -0.67858445 0.0
c 368.23964 68.30135 335.65152 0.13517815 -0.67858445 0.0
c 368.2505 68.50365 335.65152 0.13517815 -0.67858445 0.0
c 368.26137 68.70595 335.65152 0.13517815 -0.67858445 0.0
c 368.27223 68.90824 335.65152 0.13517815 -0.67858445 0.0
c 368.28309 69.11054 335.65152 0.13517815 -0.67858445 0.0
c 368.29395 69.31284 335.65152 0.13517815 -0.67858445 0.0
c 368.30481 69.51514 335.65152 0.13517815 -0.67858445 0.0
c 368.31567 69.71743 335.65152 0.13517815 -0.67858445 0.0
c 368.32653 69.91973 335.65152 0.13517815 -0.67858445 0.0
c 368.33739 70.12203 335.65152 0.13517815 -0.67858445 0.0
c 368.34825 70.32432 335.65152 0.13517815 -0.67858445 0.0
c 368.35911 70.52662 335.65152 0.13517815 -0.67858445 0.0
c 368.36998 70.72892 335.65152 0.13517815 -0.67858445 0.0
c 368.38084 70.93122 335.65152 0.13517815 -0.67858445 0.0
c 368.3917 71.13351 335.65152 0.13517815 -0.67858445 0.0
c 368.40256 71.33581 335.65152 0.13517815 -0.67858445 0.0
c 368.41342 71.53811 335.65152 0.13517815 -0.67858445 0.0
c 368.42428 71.74041 335.65152 0.13517815 -0.67858445 0.0
c 368.43514 71.9427 335.65152 0.13517815 -0.67858445 0.0
c 368.446 72.145 335.65152 0.13517815 -0.67858445 0.0
c 368.45686 72.3473 335.65152 0.13517815 -0.67858445 0.0
c 368.46772 72.5496 335.65152 0.13517815 -0.67858445 0.0
c 368.47859 72.75189 335.65152 0.13517815 -0.67858445 0.0
c 368.48945 72.95419 335.65152 0.13517815 -0.67858445 0.0
c 368.50031 73.15649 335.65152 0.13517815 -0.67858445 0.0
c 368.51117 73.35879 335.65152 0.13517815 -0.67858445 0.0
c 368.52203 73.56108 335.65152 0.13517815 -0.67858445 0.0
c 368.53289 73.76338 335.65152 0.13517815 -0.67858445 0.0
c 368.54375 73.96568 335.65152 0.13517815 -0.67858445 0.0
c 368.55461 74.16797 335.65152 0.13517815 -0.67858445 0.0
c 368.56547 74.37027 335.65152 0.13517815 -0.67858445 0.0
c 368.57633 74.57257 335.65152 0.13517815 -0.67858445 0.0
c 368.5872 74.77487 335.65152 0.13517815 -0.67858445 0.0
c 368.59806 74.97716 335.65152 0.13517815 -0.67858445 0.0
c 368.60892 75.17946 335.65152 0.13517815 -0.67858445 0.0
c 368.61978 75.38176 335.65152 0.13517815 -0.67858445 0.0
