c 235.14148 -18.46699 67.64857 0.0 1.81892995 0.0
t 100
c 235.14148 -18.46699 67.44442 0.0 1.81892995 0.0
t 100
c 235.14148 -18.46699 67.24026 0.0 1.81892995 0.0
t 100
c 235.14148 -18.46699 67.03611 0.0 1.81892995 0.0
t 100
c 235.14148 -18.46699 66.83195 0.0 1.81892995 0.0
t 100
c 235.14148 -18.46699 66.6278 0.0 1.81892995 0.0
t 100
c 235.14148 -18.46699 66.42364 0.0 1.81892995 0.0
t 100
c 235.14148 -18.46699 66.21949 0.0 1.81892995 0.0
t 100
c 235.14148 -18.46699 66.01534 0.0 1.81892995 0.0
t 100
c 235.14148 -18.46699 65.81118 0.0 1.81892995 0.0
t 100
c 235.14148 -18.46699 65.60703 0.0 1.81892995 0.0
t 100
c 235.14148 -18.46699 65.40287 0.0 1.81892995 0.0
t 100
c 235.14148 -18.46699 65.19872 0.0 1.81892995 0.0
t 100
c 235.14148 -18.46699 64.99456 0.0 1.81892995 0.0
t 100
c 235.14148 -18.46699 64.79041 0.0 1.81892995 0.0
t 100
c 235.14148 -18.46699 64.58626 0.0 1.81892995 0.0
t 100
c 235.14148 -18.46699 64.3821 0.0 1.81892995 0.0
t 100
c 235.14148 -18.46699 64.17795 0.0 1.81892995 0.0
t 100
c 235.14148 -18.46699 63.97379 0.0 1.81892995 0.0
t 100
c 235.14148 -18.46699 63.76964 0.0 1.81892995 0.0
t 100
c 235.14148 -18.46699 63.56548 0.0 1.81892995 0.0
t 100
c 235.14148 -18.46699 63.36133 0.0 1.81892995 0.0
t 100
c 235.14148 -18.46699 63.15718 0.0 1.81892995 0.0
t 100
c 235.14148 -18.46699 62.95302 0.0 1.81892995 0.0
t 100
c 235.14148 -18.46699 62.74887 0.0 1.81892995 0.0
t 100
c 235.14148 -18.46699 62.54471 0.0 1.81892995 0.0
t 100
c 235.14148 -18.46699 62.34056 0.0 1.81892995 0.0
t 100
c 235.14148 -18.46699 62.13641 0.0 1.81892995 0.0
t 100
c 235.14148 -18.46699 61.93225 0.0 1.81892995 0.0
t 100
c 235.14148 -18.46699 61.7281 0.0 1.81892995 0.0
t 100
c 235.14148 -18.46699 61.52394 0.0 1.81892995 0.0
t 100
c 235.14148 -18.46699 61.31979 0.0 1.81892995 0.0
t 100
c 235.14148 -18.46699 61.11563 0.0 1.81892995 0.0
t 100
c 235.14148 -18.46699 60.91148 0.0 1.81892995 0.0
t 100
c 235.14148 -18.46699 60.70733 0.0 1.81892995 0.0
t 100
c 235.14148 -18.46699 60.50317 0.0 1.81892995 0.0
t 100
c 235.14148 -18.46699 60.29902 0.0 1.81892995 0.0
t 100
c 235.14148 -18.46699 60.09486 0.0 1.81892995 0.0
t 100
c 235.14148 -18.46699 59.89071 0.0 1.81892995 0.0
t 100
c 235.14148 -18.46699 59.68655 0.0 1.81892995 0.0
t 100
c 235.14148 -18.46699 59.4824 0.0 1.81892995 0.0
t 100
c 235.14148 -18.46699 59.27825 0.0 1.81892995 0.0
t 100
c 235.14148 -18.46699 59.07409 0.0 1.81892995 0.0
t 100
c 235.14148 -18.46699 58.86994 0.0 1.81892995 0.0
t 100
c 235.14148 -18.46699 58.66578 0.0 1.81892995 0.0
t 100
c 235.14148 -18.46699 58.46163 0.0 1.81892995 0.0
t 100
c 235.14148 -18.46699 58.25747 0.0 1.81892995 0.0
t 100
c 235.14148 -18.46699 58.05332 0.0 1.81892995 0.0
t 100
c 235.14148 -18.46699 57.84917 0.0 1.81892995 0.0
t 100
c 235.14148 -18.46699 57.64501 0.0 1.81892995 0.0
t 100
c 235.14148 -18.46699 57.44086 0.0 1.81892995 0.0
t 100
c 235.14148 -18.46699 57.2367 0.0 1.81892995 0.0
t 100
c 235.14148 -18.46699 57.03255 0.0 1.81892995 0.0
t 100
c 235.14148 -18.46699 56.82839 0.0 1.81892995 0.0
t 100
c 235.14148 -18.46699 56.62424 0.0 1.81892995 0.0
t 100
c 235.14148 -18.46699 56.42009 0.0 1.81892995 0.0
t 100
c 235.14148 -18.46699 56.21593 0.0 1.81892995 0.0
t 100
c 235.14148 -18.46699 56.01178 0.0 1.81892995 0.0
t 100
c 235.14148 -18.46699 55.80762 0.0 1.81892995 0.0
t 100
c 235.14148 -18.46699 55.60347 0.0 1.81892995 0.0
t 100
c 235.14148 -18.46699 55.39931 0.0 1.81892995 0.0
t 100
c 235.14148 -18.46699 55.19516 0.0 1.81892995 0.0
t 100
c 235.14148 -18.46699 54.99101 0.0 1.81892995 0.0
t 100
c 235.14148 -18.46699 54.78685 0.0 1.81892995 0.0
t 100
c 235.14148 -18.46699 54.5827 0.0 1.81892995 0.0
t 100
c 235.14148 -18.46699 54.37854 0.0 1.81892995 0.0
t 100
c 235.14148 -18.46699 54.17439 0.0 1.81892995 0.0
t 100
c 235.14148 -18.46699 53.97024 0.0 1.81892995 0.0
t 100
c 235.14148 -18.46699 53.76608 0.0 1.81892995 0.0
t 100
c 235.14148 -18.46699 53.56193 0.0 1.81892995 0.0
t 100
c 235.14148 -18.46699 53.35777 0.0 1.81892995 0.0
t 100
c 235.14148 -18.46699 53.15362 0.0 1.81892995 0.0
t 100
c 235.14148 -18.46699 52.94946 0.0 1.81892995 0.0
t 100
c 235.14148 -18.46699 52.74531 0.0 1.81892995 0.0
t 100
c 235.14148 -18.46699 52.54116 0.0 1.81892995 0.0
t 100
c 235.14148 -18.46699 52.337 0.0 1.81892995 0.0
t 100
c 235.14148 -18.46699 52.13285 0.0 1.81892995 0.0
t 100
c 235.14148 -18.46699 51.92869 0.0 1.81892995 0.0
t 100
c 235.14148 -18.46699 51.72454 0.0 1.81892995 0.0
t 100
c 235.14148 -18.46699 51.52038 0.0 1.81892995 0.0
t 100
c 235.14148 -18.46699 51.31623 0.0 1.81892995 0.0
t 100
c 235.14148 -18.46699 51.11208 0.0 1.81892995 0.0
t 100
c 235.14148 -18.46699 50.90792 0.0 1.81892995 0.0
t 100
c 235.14148 -18.46699 50.70377 0.0 1.81892995 0.0
t 100
c 235.14148 -18.46699 50.49961 0.0 1.81892995 0.0
t 100
c 235.14148 -18.46699 50.29546 0.0 1.81892995 0.0
t 100
c 235.14148 -18.46699 50.0913 0.0 1.81892995 0.0
t 100
c 235.14148 -18.46699 49.88715 0.0 1.81892995 0.0
t 100
c 235.14148 -18.46699 49.683 0.0 1.81892995 0.0
t 100
c 235.14148 -18.46699 49.47884 0.0 1.81892995 0.0
t 100
c 235.14148 -18.46699 49.27469 0.0 1.81892995 0.0
t 100
c 235.14148 -18.46699 49.07053 0.0 1.81892995 0.0
t 100
c 235.14148 -18.46699 48.86638 0.0 1.81892995 0.0
t 100
c 235.14148 -18.46699 48.66222 0.0 1.81892995 0.0
t 100
c 235.14148 -18.46699 48.45807 0.0 1.81892995 0.0
t 100
c 235.14148 -18.46699 48.25392 0.0 1.81892995 0.0
t 100
c 235.14148 -18.46699 48.04976 0.0 1.81892995 0.0
t 100
c 235.14148 -18.46699 47.84561 0.0 1.81892995 0.0
t 100
c 235.14148 -18.46699 47.64145 0.0 1.81892995 0.0
t 100
c 235.14148 -18.46699 47.4373 0.0 1.81892995 0.0
t 100
c 235.14148 -18.46699 47.23314 0.0 1.81892995 0.0
t 100
c 235.14148 -18.46699 47.02899 0.0 1.81892995 0.0
t 100
c 235.14148 -18.46699 46.82484 0.0 1.81892995 0.0
t 100
c 235.14148 -18.46699 46.62068 0.0 1.81892995 0.0
t 100
c 235.14148 -18.46699 46.41653 0.0 1.81892995 0.0
t 100
c 235.14148 -18.46699 46.21237 0.0 1.81892995 0.0
t 100
c 235.14148 -18.46699 46.00822 0.0 1.81892995 0.0
t 100
c 235.14148 -18.46699 45.80407 0.0 1.81892995 0.0
t 100
c 235.14148 -18.46699 45.59991 0.0 1.81892995 0.0
t 100
c 235.14148 -18.46699 45.39576 0.0 1.81892995 0.0
t 100
c 235.14148 -18.46699 45.1916 0.0 1.81892995 0.0
t 100
c 235.14148 -18.46699 44.98745 0.0 1.81892995 0.0
t 100
c 235.14148 -18.46699 44.78329 0.0 1.81892995 0.0
t 100
c 235.14148 -18.46699 44.57914 0.0 1.81892995 0.0
t 100
c 235.14148 -18.46699 44.37499 0.0 1.81892995 0.0
t 100
c 235.14148 -18.46699 44.17083 0.0 1.81892995 0.0
t 100
c 235.14148 -18.46699 43.96668 0.0 1.81892995 0.0
t 100
c 235.14148 -18.46699 43.76252 0.0 1.81892995 0.0
t 100
c 235.14148 -18.46699 43.55837 0.0 1.81892995 0.0
t 100
c 235.14148 -18.46699 43.35421 0.0 1.81892995 0.0
t 100
c 235.14148 -18.46699 43.15006 0.0 1.81892995 0.0
t 100
c 235.14148 -18.46699 42.94591 0.0 1.81892995 0.0
t 100
c 235.14148 -18.46699 42.74175 0.0 1.81892995 0.0
t 100
c 235.14148 -18.46699 42.5376 0.0 1.81892995 0.0
t 100
c 235.14148 -18.46699 42.33344 0.0 1.81892995 0.0
t 100
c 235.14148 -18.46699 42.12929 0.0 1.81892995 0.0
t 100
c 235.14148 -18.46699 41.92513 0.0 1.81892995 0.0
t 100
c 235.14148 -18.46699 41.72098 0.0 1.81892995 0.0
t 100
c 235.14148 -18.46699 41.51683 0.0 1.81892995 0.0
t 100
c 235.14148 -18.46699 41.31267 0.0 1.81892995 0.0
t 100
c 235.14148 -18.46699 41.10852 0.0 1.81892995 0.0
t 100
c 235.14148 -18.46699 40.90436 0.0 1.81892995 0.0
t 100
c 235.14148 -18.46699 40.70021 0.0 1.81892995 0.0
t 100
c 235.14148 -18.46699 40.49605 0.0 1.81892995 0.0
t 100
c 235.14148 -18.46699 40.2919 0.0 1.81892995 0.0
t 100
c 235.14148 -18.46699 40.08775 0.0 1.81892995 0.0
t 100
c 235.14148 -18.46699 39.88359 0.0 1.81892995 0.0
t 100
c 235.14148 -18.46699 39.67944 0.0 1.81892995 0.0
t 100
c 235.14148 -18.46699 39.47528 0.0 1.81892995 0.0
t 100
c 235.14148 -18.46699 39.27113 0.0 1.81892995 0.0
t 100
c 235.14148 -18.46699 39.06697 0.0 1.81892995 0.0
t 100
c 235.14148 -18.46699 38.86282 0.0 1.81892995 0.0
t 100
c 235.14148 -18.46699 38.65867 0.0 1.81892995 0.0
t 100
c 235.14148 -18.46699 38.45451 0.0 1.81892995 0.0
t 100
c 235.14148 -18.46699 38.25036 0.0 1.81892995 0.0
t 100
c 235.14148 -18.46699 38.0462 0.0 1.81892995 0.0
t 100
c 235.14148 -18.46699 37.84205 0.0 1.81892995 0.0
t 100
c 235.14148 -18.46699 37.6379 0.0 1.81892995 0.0
t 100
c 235.14148 -18.46699 37.43374 0.0 1.81892995 0.0
t 100
c 235.14148 -18.46699 37.22959 0.0 1.81892995 0.0
t 100
c 235.14148 -18.46699 37.02543 0.0 1.81892995 0.0
t 100
c 235.14148 -18.46699 36.82128 0.0 1.81892995 0.0
t 100
c 235.14148 -18.46699 36.61712 0.0 1.81892995 0.0
t 100
c 235.14148 -18.46699 36.41297 0.0 1.81892995 0.0
t 100
c 235.14148 -18.46699 36.20882 0.0 1.81892995 0.0
t 100
c 235.14148 -18.46699 36.00466 0.0 1.81892995 0.0
t 100
c 235.14148 -18.46699 35.80051 0.0 1.81892995 0.0
t 100
c 235.14148 -18.46699 35.59635 0.0 1.81892995 0.0
t 100
c 235.14148 -18.46699 35.3922 0.0 1.81892995 0.0
t 100
c 235.14148 -18.46699 35.18804 0.0 1.81892995 0.0
t 100
c 235.14148 -18.46699 34.98389 0.0 1.81892995 0.0
t 100
c 235.14148 -18.46699 34.77974 0.0 1.81892995 0.0
t 100
c 235.14148 -18.46699 34.57558 0.0 1.81892995 0.0
t 100
c 235.14148 -18.46699 34.37143 0.0 1.81892995 0.0
t 100
c 235.14148 -18.46699 34.16727 0.0 1.81892995 0.0
t 100
c 235.14148 -18.46699 33.96312 0.0 1.81892995 0.0
t 100
c 235.14148 -18.46699 33.75896 0.0 1.81892995 0.0
t 100
c 235.14148 -18.46699 33.55481 0.0 1.81892995 0.0
t 100
c 235.14148 -18.46699 33.35066 0.0 1.81892995 0.0
t 100
c 235.14148 -18.46699 33.1465 0.0 1.81892995 0.0
t 100
c 235.14148 -18.46699 32.94235 0.0 1.81892995 0.0
t 100
c 235.14148 -18.46699 32.73819 0.0 1.81892995 0.0
t 100
c 235.14148 -18.46699 32.53404 0.0 1.81892995 0.0
t 100
c 235.14148 -18.46699 32.32988 0.0 1.81892995 0.0
t 100
c 235.14148 -18.46699 32.12573 0.0 1.81892995 0.0
t 100
c 235.14148 -18.46699 31.92158 0.0 1.81892995 0.0
t 100
c 235.14148 -18.46699 31.71742 0.0 1.81892995 0.0
t 100
c 235.14148 -18.46699 31.51327 0.0 1.81892995 0.0
t 100
c 235.14148 -18.46699 31.30911 0.0 1.81892995 0.0
t 100
c 235.14148 -18.46699 31.10496 0.0 1.81892995 0.0
t 100
c 235.14148 -18.46699 30.90081 0.0 1.81892995 0.0
t 100
c 235.14148 -18.46699 30.69665 0.0 1.81892995 0.0
t 100
c 235.14148 -18.46699 30.4925 0.0 1.81892995 0.0
t 100
c 235.14148 -18.46699 30.28834 0.0 1.81892995 0.0
t 100
c 235.14148 -18.46699 30.08419 0.0 1.81892995 0.0
t 100
c 235.14148 -18.46699 29.88003 0.0 1.81892995 0.0
t 100
c 235.14148 -18.46699 29.67588 0.0 1.81892995 0.0
t 100
c 235.14148 -18.46699 29.47173 0.0 1.81892995 0.0
t 100
c 235.14148 -18.46699 29.26757 0.0 1.81892995 0.0
t 100
c 235.14148 -18.46699 29.06342 0.0 1.81892995 0.0
t 100
c 235.14148 -18.46699 28.85926 0.0 1.81892995 0.0
t 100
c 235.14148 -18.46699 28.65511 0.0 1.81892995 0.0
t 100
c 235.14148 -18.46699 28.45095 0.0 1.81892995 0.0
t 100
c 235.14148 -18.46699 28.2468 0.0 1.81892995 0.0
t 100
c 235.14148 -18.46699 28.04265 0.0 1.81892995 0.0
t 100
c 235.14148 -18.46699 27.83849 0.0 1.81892995 0.0
t 100
c 235.14148 -18.46699 27.63434 0.0 1.81892995 0.0
t 100
c 235.14148 -18.46699 27.43018 0.0 1.81892995 0.0
t 100
c 235.14148 -18.46699 27.22603 0.0 1.81892995 0.0
t 100
c 235.14148 -18.46699 27.02187 0.0 1.81892995 0.0
t 100
c 235.14148 -18.46699 26.81772 0.0 1.81892995 0.0
t 100
