c 384.12065 0.0 345.9661 0.0 0.0001 0.0
t 100
c 379.81826 0.0 345.98132 0.0 6.667e-05 0.0
t 100
c 375.51587 0.0 345.99655 0.0 3.333e-05 0.0
t 100
c 371.21347 0.0 346.01178 0.0 0.0 0.0
t 100
c 366.91108 0.0 346.027 0.0 -3.333e-05 0.0
t 100
c 362.60868 0.0 346.04223 0.0 -6.667e-05 0.0
t 100
c 358.30629 0.0 346.05746 0.0 -0.0001 0.0
t 100
c 354.0039 0.0 346.07268 0.0 -0.00013333 0.0
t 100
c 349.7015 0.0 346.08791 0.0 -0.00016667 0.0
t 100
c 345.39911 0.0 346.10314 0.0 -0.0002 0.0
t 100
s 0.500c 345.39911 0.0 346.10314 0.0 -0.0002 0.0
t 100
c 345.39672 -4.04093 346.11056 -7.26e-06 -0.00022067 1.946e-05
t 100
c 345.39434 -8.08187 346.11798 -1.452e-05 -0.00024134 3.891e-05
t 100
c 345.39195 -12.1228 346.12541 -2.179e-05 -0.00026201 5.837e-05
t 100
c 345.38956 -16.16373 346.13283 -2.905e-05 -0.00028267 7.782e-05
t 100
c 345.38718 -20.20466 346.14025 -3.631e-05 -0.00030334 9.728e-05
t 100
c 345.38479 -24.2456 346.14767 -4.357e-05 -0.00032401 0.00011674
t 100
c 345.38241 -28.28653 346.1551 -5.084e-05 -0.00034468 0.00013619
t 100
c 345.38002 -32.32746 346.16252 -5.81e-05 -0.00036535 0.00015565
t 100
c 345.37763 -36.36839 346.16994 -6.536e-05 -0.00038602 0.00017511
t 100
c 345.37525 -40.40933 346.17736 -7.262e-05 -0.00040669 0.00019456
t 100
