c 325.49294 -81.11957 74.02658 0.00260585 1.47652322 0.00486789
t 145
c 325.48615 -81.12185 69.77699 0.00242638 1.47656027 0.00471604
t 145
c 325.47935 -81.12413 65.5274 0.00224691 1.47659732 0.00456418
t 145
c 325.47255 -81.12641 61.27781 0.00206744 1.47663437 0.00441233
t 145
c 325.46575 -81.12869 57.02822 0.00188797 1.47667142 0.00426047
t 145
c 325.45895 -81.13097 52.77863 0.00170849 1.47670846 0.00410862
t 145
c 325.45215 -81.13326 48.52904 0.00152902 1.47674551 0.00395676
t 145
c 325.44536 -81.13554 44.27945 0.00134955 1.47678256 0.0038049
t 145
c 325.43856 -81.13782 40.02986 0.00117008 1.47681961 0.00365305
t 145
c 325.43176 -81.1401 35.78028 0.00099061 1.47685666 0.00350119
t 145
c 325.42496 -81.14238 31.53069 0.00081113 1.47689371 0.00334934
t 145
c 325.41816 -81.14466 27.2811 0.00063166 1.47693076 0.00319748
t 145
c 325.41136 -81.14694 23.03151 0.00045219 1.47696781 0.00304562
t 145
c 325.40457 -81.14922 18.78192 0.00027272 1.47700486 0.00289377
t 145
c 325.39777 -81.1515 14.53233 9.325e-05 1.47704191 0.00274191
t 145
c 325.39097 -81.15378 10.28274 -8.623e-05 1.47707896 0.00259006
t 145
c 325.38417 -81.15606 6.03315 -0.0002657 1.47711601 0.0024382
t 145
c 325.38417 -81.15606 6.03315 -0.0002657 1.47711601 0.0024382
t 145
c 325.38417 -81.15606 6.03315 -0.0002657 1.47711601 0.0024382
t 144
c 325.38417 -81.15606 6.03315 -0.0002657 1.47711601 0.0024382
t 143
c 325.38417 -81.15606 6.03315 -0.0002657 1.47711601 0.0024382
t 142
c 325.38417 -81.15606 6.03315 -0.0002657 1.47711601 0.0024382
t 140
c 325.38417 -81.15606 6.03315 -0.0002657 1.47711601 0.0024382
t 140
c 325.38417 -81.15606 6.03315 -0.0002657 1.47711601 0.0024382
t 139
c 325.38417 -81.15606 6.03315 -0.0002657 1.47711601 0.0024382
t 138
c 325.38417 -81.15606 6.03315 -0.0002657 1.47711601 0.0024382
t 137
c 325.38417 -81.15606 6.03315 -0.0002657 1.47711601 0.0024382
t 136
c 325.38417 -81.15606 6.03315 -0.0002657 1.47711601 0.0024382
t 135
c 325.38417 -81.15606 6.03315 -0.0002657 1.47711601 0.0024382
t 134
c 325.38417 -81.15606 6.03315 -0.0002657 1.47711601 0.0024382
t 133
c 325.38417 -81.15606 6.03315 -0.0002657 1.47711601 0.0024382
t 132
c 325.38417 -81.15606 6.03315 -0.0002657 1.47711601 0.0024382
t 131
c 325.38417 -81.15606 6.03315 -0.0002657 1.47711601 0.0024382
t 130
c 325.38417 -81.15606 6.03315 -0.0002657 1.47711601 0.0024382
t 129
c 325.38417 -81.15606 6.03315 -0.0002657 1.47711601 0.0024382
t 128
c 325.38417 -81.15606 6.03315 -0.0002657 1.47711601 0.0024382
t 127
c 325.38417 -81.15606 6.03315 -0.0002657 1.47711601 0.0024382
t 125
c 325.38417 -81.15606 6.03315 -0.0002657 1.47711601 0.0024382
t 125
c 325.38417 -81.15606 6.03315 -0.0002657 1.47711601 0.0024382
t 124
c 325.38417 -81.15606 6.03315 -0.0002657 1.47711601 0.0024382
t 122
c 325.38417 -81.15606 6.03315 -0.0002657 1.47711601 0.0024382
t 121
c 325.38417 -81.15606 6.03315 -0.0002657 1.47711601 0.0024382
t 121
c 325.38417 -81.15606 6.03315 -0.0002657 1.47711601 0.0024382
t 119
c 325.38417 -81.15606 6.03315 -0.0002657 1.47711601 0.0024382
t 118
c 325.38417 -81.15606 6.03315 -0.0002657 1.47711601 0.0024382
t 117
c 325.38417 -81.15606 6.03315 -0.0002657 1.47711601 0.0024382
t 116
c 325.38417 -81.15606 6.03315 -0.0002657 1.47711601 0.0024382
t 115
c 325.38417 -81.15606 6.03315 -0.0002657 1.47711601 0.0024382
t 114
c 325.38417 -81.15606 6.03315 -0.0002657 1.47711601 0.0024382
t 113
c 325.38417 -81.15606 6.03315 -0.0002657 1.47711601 0.0024382
t 112
c 325.38417 -81.15606 6.03315 -0.0002657 1.47711601 0.0024382
t 111
c 325.38417 -81.15606 6.03315 -0.0002657 1.47711601 0.0024382
t 110
c 325.38417 -81.15606 6.03315 -0.0002657 1.47711601 0.0024382
t 109
c 325.38417 -81.15606 6.03315 -0.0002657 1.47711601 0.0024382
t 108
c 325.38417 -81.15606 6.03315 -0.0002657 1.47711601 0.0024382
t 107
c 325.38417 -81.15606 6.03315 -0.0002657 1.47711601 0.0024382
t 106
c 325.38417 -81.15606 6.03315 -0.0002657 1.47711601 0.0024382
t 105
c 325.38417 -81.15606 6.03315 -0.0002657 1.47711601 0.0024382
t 104
c 325.38417 -81.15606 6.03315 -0.0002657 1.47711601 0.0024382
t 103
c 325.38417 -81.15606 6.03315 -0.0002657 1.47711601 0.0024382
t 102
c 325.38417 -81.15606 6.03315 -0.0002657 1.47711601 0.0024382
t 101
c 325.38417 -81.15606 6.03315 -0.0002657 1.47711601 0.0024382
t 100
c 325.38417 -81.15606 6.03315 -0.0002657 1.47711601 0.0024382
t 99
c 325.38417 -81.15606 6.03315 -0.0002657 1.47711601 0.0024382
t 98
c 325.38417 -81.15606 6.03315 -0.0002657 1.47711601 0.0024382
t 97
c 325.38417 -81.15606 6.03315 -0.0002657 1.47711601 0.0024382
t 97
c 325.38417 -81.15606 6.03315 -0.0002657 1.47711601 0.0024382
t 96
c 325.38417 -81.15606 6.03315 -0.0002657 1.47711601 0.0024382
t 95
c 325.38417 -81.15606 6.03315 -0.0002657 1.47711601 0.0024382
t 94
c 325.38417 -81.15606 6.03315 -0.0002657 1.47711601 0.0024382
t 93
c 325.38417 -81.15606 6.03315 -0.0002657 1.47711601 0.0024382
t 92
c 325.38417 -81.15606 6.03315 -0.0002657 1.47711601 0.0024382
t 91
c 325.38417 -81.15606 6.03315 -0.0002657 1.47711601 0.0024382
t 90
c 325.38417 -81.15606 6.03315 -0.0002657 1.47711601 0.0024382
t 89
c 325.38417 -81.15606 6.03315 -0.0002657 1.47711601 0.0024382
t 88
c 325.38417 -81.15606 6.03315 -0.0002657 1.47711601 0.0024382
t 87
c 325.38417 -81.15606 6.03315 -0.0002657 1.47711601 0.0024382
t 86
c 325.38417 -81.15606 6.03315 -0.0002657 1.47711601 0.0024382
t 85
c 325.38417 -81.15606 6.03315 -0.0002657 1.47711601 0.0024382
t 84
c 325.38417 -81.15606 6.03315 -0.0002657 1.47711601 0.0024382
t 83
c 325.38417 -81.15606 6.03315 -0.0002657 1.47711601 0.0024382
t 82
c 325.38417 -81.15606 6.03315 -0.0002657 1.47711601 0.0024382
t 81
c 325.38417 -81.15606 6.03315 -0.0002657 1.47711601 0.0024382
t 80
c 325.38417 -81.15606 6.03315 -0.0002657 1.47711601 0.0024382
t 79
c 325.38417 -81.15606 6.03315 -0.0002657 1.47711601 0.0024382
t 78
c 325.38417 -81.15606 6.03315 -0.0002657 1.47711601 0.0024382
t 77
c 325.38417 -81.15606 6.03315 -0.0002657 1.47711601 0.0024382
t 76
c 325.38417 -81.15606 6.03315 -0.0002657 1.47711601 0.0024382
t 75
c 325.38417 -81.15606 6.03315 -0.0002657 1.47711601 0.0024382
t 74
c 325.38417 -81.15606 6.03315 -0.0002657 1.47711601 0.0024382
t 73
c 325.38417 -81.15606 6.03315 -0.0002657 1.47711601 0.0024382
t 72
c 325.38417 -81.15606 6.03315 -0.0002657 1.47711601 0.0024382
t 71
c 325.38417 -81.15606 6.03315 -0.0002657 1.47711601 0.0024382
t 70
c 325.38417 -81.15606 6.03315 -0.0002657 1.47711601 0.0024382
t 69
c 325.38417 -81.15606 6.03315 -0.0002657 1.47711601 0.0024382
t 68
c 325.38417 -81.15606 6.03315 -0.0002657 1.47711601 0.0024382
t 67
c 325.38417 -81.15606 6.03315 -0.0002657 1.47711601 0.0024382
t 66
c 325.38417 -81.15606 6.03315 -0.0002657 1.47711601 0.0024382
t 65
c 325.38417 -81.15606 6.03315 -0.0002657 1.47711601 0.0024382
t 64
c 325.38417 -81.15606 6.03315 -0.0002657 1.47711601 0.0024382
t 63
c 325.38417 -81.15606 6.03315 -0.0002657 1.47711601 0.0024382
t 62
c 325.38417 -81.15606 6.03315 -0.0002657 1.47711601 0.0024382
t 61
c 325.38417 -81.15606 6.03315 -0.0002657 1.47711601 0.0024382
t 61
c 325.38049 -81.15239 10.1697 -2.404e-05 1.47713986 0.00267791
t 61
c 325.37681 -81.14872 14.30625 0.00021761 1.4771637 0.00291762
t 61
c 325.37313 -81.14504 18.4428 0.00045926 1.47718754 0.00315733
t 61
c 325.36944 -81.14137 22.57935 0.00070091 1.47721138 0.00339704
t 60
c 325.36576 -81.1377 26.71591 0.00094257 1.47723523 0.00363675
t 61
c 325.36208 -81.13403 30.85246 0.00118422 1.47725907 0.00387647
t 61
c 325.3584 -81.13035 34.98901 0.00142587 1.47728291 0.00411618
t 61
c 325.35472 -81.12668 39.12556 0.00166752 1.47730676 0.00435589
t 61
c 325.35104 -81.12301 43.26211 0.00190918 1.4773306 0.0045956
t 61
c 325.34735 -81.11934 47.39866 0.00215083 1.47735444 0.00483531
t 61
c 325.34367 -81.11567 51.53522 0.00239248 1.47737828 0.00507502
t 61
c 325.33999 -81.11199 55.67177 0.00263414 1.47740213 0.00531473
t 61
c 325.33631 -81.10832 59.80832 0.00287579 1.47742597 0.00555444
t 61
c 325.33263 -81.10465 63.94487 0.00311744 1.47744981 0.00579415
t 61
c 325.32895 -81.10098 68.08142 0.00335909 1.47747366 0.00603386
t 61
c 325.32526 -81.0973 72.21797 0.00360075 1.4774975 0.00627357
t 61
c 325.32158 -81.09363 76.35453 0.0038424 1.47752134 0.00651328
t 61
c 325.32158 -81.09363 76.35453 0.0038424 1.47752134 0.00651328
t 61
c 325.32692 -77.07703 76.35978 0.0038414 1.47748739 0.00651404
t 61
c 325.33225 -73.06044 76.36504 0.00384039 1.47745344 0.00651479
t 61
c 325.33759 -69.04384 76.37029 0.00383939 1.47741949 0.00651555
t 61
c 325.34292 -65.02724 76.37555 0.00383839 1.47738554 0.0065163
t 61
c 325.34826 -61.01064 76.3808 0.00383738 1.47735159 0.00651706
t 61
c 325.35359 -56.99405 76.38606 0.00383638 1.47731763 0.00651781
t 61
c 325.35892 -52.97745 76.39131 0.00383538 1.47728368 0.00651856
t 61
c 325.36426 -48.96085 76.39657 0.00383437 1.47724973 0.00651932
t 61
c 325.36959 -44.94425 76.40182 0.00383337 1.47721578 0.00652007
t 61
c 325.37493 -40.92765 76.40708 0.00383237 1.47718183 0.00652083
t 61
c 325.38026 -36.91106 76.41233 0.00383137 1.47714788 0.00652158
t 61
c 325.3856 -32.89446 76.41759 0.00383036 1.47711393 0.00652234
t 61
c 325.39093 -28.87786 76.42284 0.00382936 1.47707998 0.00652309
t 61
c 325.39626 -24.86126 76.4281 0.00382836 1.47704602 0.00652385
t 61
c 325.4016 -20.84467 76.43335 0.00382735 1.47701207 0.0065246
t 61
c 325.40693 -16.82807 76.4386 0.00382635 1.47697812 0.00652536
t 61
c 325.41227 -12.81147 76.44386 0.00382535 1.47694417 0.00652611
t 61
c 325.4176 -8.79487 76.44911 0.00382434 1.47691022 0.00652686
t 61
c 325.42294 -4.77828 76.45437 0.00382334 1.47687627 0.00652762
t 61
c 325.42827 -0.76168 76.45962 0.00382234 1.47684232 0.00652837
t 61
c 325.4336 3.25492 76.46488 0.00382134 1.47680837 0.00652913
t 61
c 325.43894 7.27152 76.47013 0.00382033 1.47677442 0.00652988
t 61
c 325.44427 11.28811 76.47539 0.00381933 1.47674046 0.00653064
t 61
c 325.44961 15.30471 76.48064 0.00381833 1.47670651 0.00653139
t 61
c 325.45494 19.32131 76.4859 0.00381732 1.47667256 0.00653215
t 61
c 325.46028 23.33791 76.49115 0.00381632 1.47663861 0.0065329
t 61
c 325.46561 27.35451 76.49641 0.00381532 1.47660466 0.00653366
t 61
c 325.47095 31.3711 76.50166 0.00381431 1.47657071 0.00653441
t 61
c 325.47628 35.3877 76.50692 0.00381331 1.47653676 0.00653516
t 61
c 325.48161 39.4043 76.51217 0.00381231 1.47650281 0.00653592
t 61
c 325.48695 43.4209 76.51743 0.00381131 1.47646886 0.00653667
t 61
c 325.49228 47.43749 76.52268 0.0038103 1.4764349 0.00653743
t 61
c 325.49762 51.45409 76.52794 0.0038093 1.47640095 0.00653818
t 61
c 325.50295 55.47069 76.53319 0.0038083 1.476367 0.00653894
t 61
c 325.50829 59.48729 76.53845 0.00380729 1.47633305 0.00653969
t 61
c 325.51362 63.50388 76.5437 0.00380629 1.4762991 0.00654045
t 61
c 325.51895 67.52048 76.54896 0.00380529 1.47626515 0.0065412
t 61
c 325.52429 71.53708 76.55421 0.00380428 1.4762312 0.00654196
t 61
c 325.52962 75.55368 76.55947 0.00380328 1.47619725 0.00654271
t 61
c 325.53496 79.57027 76.56472 0.00380228 1.47616329 0.00654346
t 61
c 325.54029 83.58687 76.56998 0.00380128 1.47612934 0.00654422
t 61
c 325.54563 87.60347 76.57523 0.00380027 1.47609539 0.00654497
t 61
c 325.55096 91.62007 76.58049 0.00379927 1.47606144 0.00654573
t 61
c 325.5563 95.63667 76.58574 0.00379827 1.47602749 0.00654648
t 61
c 325.56163 99.65326 76.591 0.00379726 1.47599354 0.00654724
t 61
c 325.56696 103.66986 76.59625 0.00379626 1.47595959 0.00654799
t 61
c 325.5723 107.68646 76.60151 0.00379526 1.47592564 0.00654875
t 61
c 325.57763 111.70306 76.60676 0.00379426 1.47589169 0.0065495
t 61
c 325.57763 111.70306 76.60676 0.00379426 1.47589169 0.0065495
t 61
c 325.57585 111.70294 72.36532 0.00375249 1.47591097 0.00651045
t 66
c 325.57407 111.70282 68.12388 0.00371072 1.47593026 0.00647139
t 71
c 325.57228 111.7027 63.88244 0.00366895 1.47594954 0.00643234
t 77
c 325.5705 111.70258 59.641 0.00362719 1.47596883 0.00639329
t 82
c 325.56872 111.70246 55.39956 0.00358542 1.47598811 0.00635423
t 87
c 325.56693 111.70234 51.15812 0.00354365 1.4760074 0.00631518
t 93
c 325.56515 111.70222 46.91668 0.00350189 1.47602668 0.00627613
t 98
c 325.56337 111.7021 42.67524 0.00346012 1.47604597 0.00623707
t 103
c 325.56158 111.70198 38.4338 0.00341835 1.47606525 0.00619802
t 109
c 325.5598 111.70186 34.19236 0.00337658 1.47608454 0.00615897
t 114
c 325.55802 111.70174 29.95092 0.00333482 1.47610382 0.00611991
t 119
c 325.55623 111.70162 25.70948 0.00329305 1.47612311 0.00608086
t 125
c 325.55445 111.7015 21.46804 0.00325128 1.47614239 0.00604181
t 130
c 325.55267 111.70138 17.2266 0.00320952 1.47616168 0.00600275
t 135
c 325.55267 111.70138 17.2266 0.00320952 1.47616168 0.00600275
t 136
c 325.56317 111.69845 21.47045 0.0030494 1.47609698 0.0058256
t 136
c 325.57368 111.69552 25.7143 0.00288928 1.47603227 0.00564844
t 136
c 325.58419 111.69259 29.95815 0.00272916 1.47596757 0.00547129
t 136
c 325.5947 111.68966 34.202 0.00256904 1.47590287 0.00529413
t 136
c 325.60521 111.68672 38.44585 0.00240892 1.47583817 0.00511698
t 136
c 325.61571 111.68379 42.6897 0.00224881 1.47577346 0.00493982
t 136
c 325.62622 111.68086 46.93355 0.00208869 1.47570876 0.00476267
t 136
c 325.63673 111.67793 51.1774 0.00192857 1.47564406 0.00458551
t 136
c 325.64724 111.675 55.42125 0.00176845 1.47557936 0.00440836
t 136
c 325.65775 111.67207 59.66511 0.00160833 1.47551465 0.00423121
t 136
c 325.66825 111.66913 63.90896 0.00144821 1.47544995 0.00405405
t 136
c 325.67876 111.6662 68.15281 0.0012881 1.47538525 0.0038769
t 136
c 325.68927 111.66327 72.39666 0.00112798 1.47532054 0.00369974
t 136
c 325.69978 111.66034 76.64051 0.00096786 1.47525584 0.00352259
t 136
c 325.69978 111.66034 76.64051 0.00096786 1.47525584 0.00352259
t 136
c 325.698 107.65972 76.6355 0.00092193 1.47527197 0.00347864
t 135
c 325.69623 103.6591 76.6305 0.000876 1.4752881 0.00343469
t 136
c 325.69445 99.65848 76.62549 0.00083007 1.47530423 0.00339074
t 136
c 325.69268 95.65786 76.62049 0.00078414 1.47532035 0.00334679
t 136
c 325.6909 91.65724 76.61548 0.00073821 1.47533648 0.00330284
t 136
c 325.68913 87.65661 76.61048 0.00069228 1.47535261 0.00325889
t 136
c 325.68735 83.65599 76.60547 0.00064635 1.47536874 0.00321494
t 136
c 325.68558 79.65537 76.60047 0.00060042 1.47538487 0.00317099
t 136
c 325.6838 75.65475 76.59547 0.00055449 1.475401 0.00312704
t 136
c 325.68203 71.65413 76.59046 0.00050856 1.47541712 0.00308309
t 136
c 325.68025 67.65351 76.58546 0.00046263 1.47543325 0.00303914
t 136
c 325.67848 63.65289 76.58045 0.00041669 1.47544938 0.00299519
t 136
c 325.6767 59.65227 76.57545 0.00037076 1.47546551 0.00295124
t 136
c 325.67493 55.65165 76.57044 0.00032483 1.47548164 0.00290729
t 136
c 325.67315 51.65103 76.56544 0.0002789 1.47549777 0.00286334
t 136
c 325.67138 47.65041 76.56043 0.00023297 1.47551389 0.00281939
t 136
c 325.6696 43.64978 76.55543 0.00018704 1.47553002 0.00277544
t 136
c 325.66783 39.64916 76.55042 0.00014111 1.47554615 0.00273149
t 136
c 325.66605 35.64854 76.54542 9.518e-05 1.47556228 0.00268754
t 136
c 325.66428 31.64792 76.54042 4.925e-05 1.47557841 0.00264359
t 136
c 325.6625 27.6473 76.53541 3.32e-06 1.47559454 0.00259964
t 136
c 325.66073 23.64668 76.53041 -4.261e-05 1.47561066 0.00255569
t 136
c 325.65895 19.64606 76.5254 -8.854e-05 1.47562679 0.00251174
t 136
c 325.65718 15.64544 76.5204 -0.00013447 1.47564292 0.00246779
t 136
c 325.6554 11.64482 76.51539 -0.0001804 1.47565905 0.00242384
t 136
c 325.65363 7.6442 76.51039 -0.00022633 1.47567518 0.00237989
t 136
c 325.65185 3.64358 76.50538 -0.00027226 1.47569131 0.00233594
t 136
c 325.65008 -0.35705 76.50038 -0.00031819 1.47570743 0.00229199
t 136
c 325.6483 -4.35767 76.49537 -0.00036412 1.47572356 0.00224804
t 136
c 325.64652 -8.35829 76.49037 -0.00041005 1.47573969 0.00220409
t 136
c 325.64475 -12.35891 76.48537 -0.00045598 1.47575582 0.00216013
t 136
c 325.64297 -16.35953 76.48036 -0.00050191 1.47577195 0.00211618
t 136
c 325.6412 -20.36015 76.47536 -0.00054784 1.47578808 0.00207223
t 136
c 325.63942 -24.36077 76.47035 -0.00059377 1.4758042 0.00202828
t 136
c 325.63765 -28.36139 76.46535 -0.0006397 1.47582033 0.00198433
t 136
c 325.63587 -32.36201 76.46034 -0.00068563 1.47583646 0.00194038
t 136
c 325.6341 -36.36263 76.45534 -0.00073156 1.47585259 0.00189643
t 136
c 325.63232 -40.36325 76.45033 -0.0007775 1.47586872 0.00185248
t 136
c 325.63055 -44.36388 76.44533 -0.00082343 1.47588484 0.00180853
t 136
c 325.62877 -48.3645 76.44032 -0.00086936 1.47590097 0.00176458
t 136
c 325.627 -52.36512 76.43532 -0.00091529 1.4759171 0.00172063
t 136
c 325.62522 -56.36574 76.43032 -0.00096122 1.47593323 0.00167668
t 136
c 325.62345 -60.36636 76.42531 -0.00100715 1.47594936 0.00163273
t 136
c 325.62167 -64.36698 76.42031 -0.00105308 1.47596549 0.00158878
t 136
c 325.6199 -68.3676 76.4153 -0.00109901 1.47598161 0.00154483
t 136
c 325.6199 -68.3676 76.4153 -0.00109901 1.47598161 0.00154483
t 136
c 325.62007 -68.37816 72.39465 -0.00177106 1.47598622 0.00089835
t 132
c 325.62024 -68.38871 68.374 -0.0024431 1.47599083 0.00025187
t 128
c 325.62041 -68.39926 64.35335 -0.00311515 1.47599543 -0.00039461
t 123
c 325.62058 -68.40982 60.3327 -0.0037872 1.47600004 -0.00104109
t 120
c 325.62074 -68.42037 56.31205 -0.00445925 1.47600465 -0.00168757
t 116
c 325.62091 -68.43093 52.2914 -0.00513129 1.47600925 -0.00233405
t 112
c 325.62108 -68.44148 48.27075 -0.00580334 1.47601386 -0.00298053
t 108
c 325.62125 -68.45203 44.2501 -0.00647539 1.47601847 -0.00362701
t 104
c 325.62142 -68.46259 40.22945 -0.00714743 1.47602307 -0.00427349
t 100
c 325.62159 -68.47314 36.2088 -0.00781948 1.47602768 -0.00491998
t 96
c 325.62176 -68.4837 32.18815 -0.00849153 1.47603228 -0.00556646
t 92
c 325.62193 -68.49425 28.1675 -0.00916358 1.47603689 -0.00621294
t 88
c 325.6221 -68.5048 24.14685 -0.00983562 1.4760415 -0.00685942
t 84
c 325.62227 -68.51536 20.1262 -0.01050767 1.4760461 -0.0075059
t 80
c 325.62244 -68.52591 16.10555 -0.01117972 1.47605071 -0.00815238
t 76
c 325.62261 -68.53647 12.08489 -0.01185177 1.47605532 -0.00879886
t 72
c 325.62277 -68.54702 8.06424 -0.01252381 1.47605992 -0.00944534
t 68
c 325.62294 -68.55757 4.04359 -0.01319586 1.47606453 -0.01009182
t 64
c 325.62311 -68.56813 0.02294 -0.01386791 1.47606914 -0.0107383
t 60
c 325.62311 -68.56813 0.02294 -0.01386791 1.47606914 -0.0107383
t 60
c 323.88435 -68.56669 3.7395 -0.01379608 1.47609345 -0.01065251
t 63
c 322.14558 -68.56526 7.45605 -0.01372425 1.47611776 -0.01056672
t 67
c 320.40682 -68.56383 11.17261 -0.01365241 1.47614208 -0.01048093
t 71
c 318.66806 -68.56239 14.88917 -0.01358058 1.47616639 -0.01039514
t 74
c 316.92929 -68.56096 18.60572 -0.01350875 1.4761907 -0.01030935
t 78
c 315.19053 -68.55953 22.32228 -0.01343692 1.47621501 -0.01022356
t 82
c 313.45176 -68.5581 26.03883 -0.01336509 1.47623933 -0.01013776
t 86
c 311.713 -68.55666 29.75539 -0.01329326 1.47626364 -0.01005197
t 89
c 309.97423 -68.55523 33.47194 -0.01322143 1.47628795 -0.00996618
t 93
c 308.23547 -68.5538 37.1885 -0.0131496 1.47631227 -0.00988039
t 97
c 306.49671 -68.55236 40.90506 -0.01307776 1.47633658 -0.0097946
t 100
c 304.75794 -68.55093 44.62161 -0.01300593 1.47636089 -0.00970881
t 104
c 303.01918 -68.5495 48.33817 -0.0129341 1.47638521 -0.00962302
t 108
c 301.28041 -68.54806 52.05472 -0.01286227 1.47640952 -0.00953722
t 112
c 299.54165 -68.54663 55.77128 -0.01279044 1.47643383 -0.00945143
t 115
c 297.80289 -68.5452 59.48783 -0.01271861 1.47645814 -0.00936564
t 119
c 296.06412 -68.54376 63.20439 -0.01264678 1.47648246 -0.00927985
t 123
c 294.32536 -68.54233 66.92095 -0.01257494 1.47650677 -0.00919406
t 126
c 292.58659 -68.5409 70.6375 -0.01250311 1.47653108 -0.00910827
t 130
c 290.84783 -68.53946 74.35406 -0.01243128 1.4765554 -0.00902248
t 134
c 289.10906 -68.53803 78.07061 -0.01235945 1.47657971 -0.00893669
t 138
