c 359.15285 -84.25774 33.65369 -0.00010469 1.40054111 -0.00011593
t 117
c 359.15285 -84.25774 33.65369 -0.00010469 1.40054111 -0.00011593
t 116
c 359.15285 -84.25774 33.65369 -0.00010469 1.40054111 -0.00011593
t 115
c 359.15285 -84.25774 33.65369 -0.00010469 1.40054111 -0.00011593
t 114
c 359.15285 -84.25774 33.65369 -0.00010469 1.40054111 -0.00011593
t 113
c 359.15285 -84.25774 33.65369 -0.00010469 1.40054111 -0.00011593
t 112
c 359.15285 -84.25774 33.65369 -0.00010469 1.40054111 -0.00011593
t 111
c 359.15285 -84.25774 33.65369 -0.00010469 1.40054111 -0.00011593
t 110
c 359.15285 -84.25774 33.65369 -0.00010469 1.40054111 -0.00011593
t 109
c 359.15285 -84.25774 33.65369 -0.00010469 1.40054111 -0.00011593
t 108
c 359.15285 -84.25774 33.65369 -0.00010469 1.40054111 -0.00011593
t 107
c 359.15285 -84.25774 33.65369 -0.00010469 1.40054111 -0.00011593
t 106
c 359.15285 -84.25774 33.65369 -0.00010469 1.40054111 -0.00011593
t 105
c 359.15285 -84.25774 33.65369 -0.00010469 1.40054111 -0.00011593
t 104
c 359.15285 -84.25774 33.65369 -0.00010469 1.40054111 -0.00011593
t 102
c 359.15285 -84.25774 33.65369 -0.00010469 1.40054111 -0.00011593
t 102
c 359.15285 -84.25774 33.65369 -0.00010469 1.40054111 -0.00011593
t 101
c 359.15285 -84.25774 33.65369 -0.00010469 1.40054111 -0.00011593
t 100
c 359.15285 -84.25774 33.65369 -0.00010469 1.40054111 -0.00011593
t 99
c 359.15285 -84.25774 33.65369 -0.00010469 1.40054111 -0.00011593
t 98
c 359.15285 -84.25774 33.65369 -0.00010469 1.40054111 -0.00011593
t 97
c 359.15285 -84.25774 33.65369 -0.00010469 1.40054111 -0.00011593
t 96
c 359.15285 -84.25774 33.65369 -0.00010469 1.40054111 -0.00011593
t 95
c 359.15285 -84.25774 33.65369 -0.00010469 1.40054111 -0.00011593
t 94
c 359.15285 -84.25774 33.65369 -0.00010469 1.40054111 -0.00011593
t 93
c 359.15285 -84.25774 33.65369 -0.00010469 1.40054111 -0.00011593
t 92
c 359.15285 -84.25774 33.65369 -0.00010469 1.40054111 -0.00011593
t 91
c 359.15285 -84.25774 33.65369 -0.00010469 1.40054111 -0.00011593
t 90
c 359.15285 -84.25774 33.65369 -0.00010469 1.40054111 -0.00011593
t 89
c 359.15285 -84.25774 33.65369 -0.00010469 1.40054111 -0.00011593
t 88
c 359.15285 -84.25774 33.65369 -0.00010469 1.40054111 -0.00011593
t 87
c 359.15285 -84.25774 33.65369 -0.00010469 1.40054111 -0.00011593
t 86
c 359.15285 -84.25774 33.65369 -0.00010469 1.40054111 -0.00011593
t 85
c 359.15285 -84.25774 33.65369 -0.00010469 1.40054111 -0.00011593
t 84
c 359.15285 -84.25774 33.65369 -0.00010469 1.40054111 -0.00011593
t 83
c 359.15285 -84.25774 33.65369 -0.00010469 1.40054111 -0.00011593
t 82
c 359.15285 -84.25774 33.65369 -0.00010469 1.40054111 -0.00011593
t 81
c 359.15285 -84.25774 33.65369 -0.00010469 1.40054111 -0.00011593
t 80
c 359.15285 -84.25774 33.65369 -0.00010469 1.40054111 -0.00011593
t 79
c 359.15285 -84.25774 33.65369 -0.00010469 1.40054111 -0.00011593
t 78
c 359.15285 -84.25774 33.65369 -0.00010469 1.40054111 -0.00011593
t 77
c 359.15285 -84.25774 33.65369 -0.00010469 1.40054111 -0.00011593
t 76
c 359.15285 -84.25774 33.65369 -0.00010469 1.40054111 -0.00011593
t 75
c 359.15285 -84.25774 33.65369 -0.00010469 1.40054111 -0.00011593
t 74
c 359.15285 -84.25774 33.65369 -0.00010469 1.40054111 -0.00011593
t 73
c 359.15285 -84.25774 33.65369 -0.00010469 1.40054111 -0.00011593
t 72
c 359.15285 -84.25774 33.65369 -0.00010469 1.40054111 -0.00011593
t 71
c 359.15285 -84.25774 33.65369 -0.00010469 1.40054111 -0.00011593
t 70
c 359.15285 -84.25774 33.65369 -0.00010469 1.40054111 -0.00011593
t 69
c 359.15285 -84.25774 33.65369 -0.00010469 1.40054111 -0.00011593
t 68
c 359.15285 -84.25774 33.65369 -0.00010469 1.40054111 -0.00011593
t 67
c 359.15285 -84.25774 33.65369 -0.00010469 1.40054111 -0.00011593
t 66
c 359.15285 -84.25774 33.65369 -0.00010469 1.40054111 -0.00011593
t 65
c 359.15285 -84.25774 33.65369 -0.00010469 1.40054111 -0.00011593
t 64
c 359.15285 -84.25774 33.65369 -0.00010469 1.40054111 -0.00011593
t 63
s 1.000
c 359.15285 -84.25774 33.65369 -0.00010469 1.40054111 -0.00011593
t 63
c 359.15682 -79.24575 33.66106 -3.788e-05 1.40051507 -5.252e-05
t 62
c 359.1608 -74.23376 33.66842 2.892e-05 1.40048904 1.089e-05
t 62
c 359.16478 -69.22177 33.67579 9.573e-05 1.400463 7.431e-05
t 62
c 359.16875 -64.20978 33.68315 0.00016254 1.40043697 0.00013772
t 62
c 359.17273 -59.19779 33.69052 0.00022934 1.40041094 0.00020113
t 62
c 359.17671 -54.1858 33.69788 0.00029615 1.4003849 0.00026454
t 62
c 359.18068 -49.17381 33.70525 0.00036296 1.40035887 0.00032795
t 62
c 359.18466 -44.16181 33.71261 0.00042976 1.40033283 0.00039136
t 62
c 359.18864 -39.14982 33.71998 0.00049657 1.4003068 0.00045477
t 62
c 359.19261 -34.13783 33.72735 0.00056337 1.40028076 0.00051818
t 62
c 359.19659 -29.12584 33.73471 0.00063018 1.40025473 0.00058159
t 62
c 359.20057 -24.11385 33.74208 0.00069699 1.40022869 0.000645
t 62
c 359.20454 -19.10186 33.74944 0.00076379 1.40020266 0.00070841
t 62
c 359.20852 -14.08987 33.75681 0.0008306 1.40017662 0.00077183
t 62
c 359.2125 -9.07788 33.76417 0.00089741 1.40015059 0.00083524
t 62
c 359.21647 -4.06589 33.77154 0.00096421 1.40012455 0.00089865
t 62
c 359.22045 0.9461 33.77891 0.00103102 1.40009852 0.00096206
t 62
c 359.22443 5.95809 33.78627 0.00109783 1.40007248 0.00102547
t 62
c 359.2284 10.97008 33.79364 0.00116463 1.40004645 0.00108888
t 62
c 359.23238 15.98207 33.801 0.00123144 1.40002041 0.00115229
t 61
c 359.23635 20.99407 33.80837 0.00129825 1.39999438 0.0012157
t 61
c 359.24033 26.00606 33.81573 0.00136505 1.39996835 0.00127911
t 61
c 359.24431 31.01805 33.8231 0.00143186 1.39994231 0.00134252
t 61
c 359.24828 36.03004 33.83046 0.00149867 1.39991628 0.00140593
t 61
c 359.25226 41.04203 33.83783 0.00156547 1.39989024 0.00146935
t 61
c 359.25624 46.05402 33.8452 0.00163228 1.39986421 0.00153276
t 61
c 359.26021 51.06601 33.85256 0.00169909 1.39983817 0.00159617
t 61
c 359.26419 56.078 33.85993 0.00176589 1.39981214 0.00165958
t 61
c 359.26817 61.08999 33.86729 0.0018327 1.3997861 0.00172299
t 61
c 359.27214 66.10198 33.87466 0.0018995 1.39976007 0.0017864
t 61
c 359.27612 71.11397 33.88202 0.00196631 1.39973403 0.00184981
t 61
c 359.2801 76.12596 33.88939 0.00203312 1.399708 0.00191322
t 61
c 359.28407 81.13795 33.89676 0.00209992 1.39968196 0.00197663
t 61
c 359.28805 86.14995 33.90412 0.00216673 1.39965593 0.00204004
t 61
c 359.29203 91.16194 33.91149 0.00223354 1.39962989 0.00210345
t 61
c 359.296 96.17393 33.91885 0.00230034 1.39960386 0.00216687
t 61
c 359.29998 101.18592 33.92622 0.00236715 1.39957782 0.00223028
t 61
c 359.30396 106.19791 33.93358 0.00243396 1.39955179 0.00229369
t 61
c 359.30793 111.2099 33.94095 0.00250076 1.39952576 0.0023571
t 61
s 1.000
c 359.30793 111.2099 33.94095 0.00250076 1.39952576 0.0023571
t 61
c 359.30793 111.2099 33.94095 0.00250076 1.39952576 0.0023571
t 61
c 359.30793 111.2099 33.94095 0.00250076 1.39952576 0.0023571
t 63
c 359.30793 111.2099 33.94095 0.00250076 1.39952576 0.0023571
t 64
c 359.30793 111.2099 33.94095 0.00250076 1.39952576 0.0023571
t 65
c 359.30793 111.2099 33.94095 0.00250076 1.39952576 0.0023571
t 66
c 359.30793 111.2099 33.94095 0.00250076 1.39952576 0.0023571
t 67
c 359.30793 111.2099 33.94095 0.00250076 1.39952576 0.0023571
t 68
c 359.30793 111.2099 33.94095 0.00250076 1.39952576 0.0023571
t 69
c 359.30793 111.2099 33.94095 0.00250076 1.39952576 0.0023571
t 70
c 359.30793 111.2099 33.94095 0.00250076 1.39952576 0.0023571
t 71
c 359.30793 111.2099 33.94095 0.00250076 1.39952576 0.0023571
t 72
c 359.30793 111.2099 33.94095 0.00250076 1.39952576 0.0023571
t 73
c 359.30793 111.2099 33.94095 0.00250076 1.39952576 0.0023571
t 74
c 359.30793 111.2099 33.94095 0.00250076 1.39952576 0.0023571
t 75
c 359.30793 111.2099 33.94095 0.00250076 1.39952576 0.0023571
t 76
c 359.30793 111.2099 33.94095 0.00250076 1.39952576 0.0023571
t 77
c 359.30793 111.2099 33.94095 0.00250076 1.39952576 0.0023571
t 78
c 359.30793 111.2099 33.94095 0.00250076 1.39952576 0.0023571
t 79
c 359.30793 111.2099 33.94095 0.00250076 1.39952576 0.0023571
t 80
c 359.30793 111.2099 33.94095 0.00250076 1.39952576 0.0023571
t 81
c 359.30793 111.2099 33.94095 0.00250076 1.39952576 0.0023571
t 82
c 359.30793 111.2099 33.94095 0.00250076 1.39952576 0.0023571
t 83
c 359.30793 111.2099 33.94095 0.00250076 1.39952576 0.0023571
t 84
c 359.30793 111.2099 33.94095 0.00250076 1.39952576 0.0023571
t 85
c 359.30793 111.2099 33.94095 0.00250076 1.39952576 0.0023571
t 86
c 359.30793 111.2099 33.94095 0.00250076 1.39952576 0.0023571
t 87
c 359.30793 111.2099 33.94095 0.00250076 1.39952576 0.0023571
t 88
c 359.30793 111.2099 33.94095 0.00250076 1.39952576 0.0023571
t 89
c 359.30793 111.2099 33.94095 0.00250076 1.39952576 0.0023571
t 90
c 359.30793 111.2099 33.94095 0.00250076 1.39952576 0.0023571
t 91
c 359.30793 111.2099 33.94095 0.00250076 1.39952576 0.0023571
t 92
c 359.30793 111.2099 33.94095 0.00250076 1.39952576 0.0023571
t 93
c 359.30793 111.2099 33.94095 0.00250076 1.39952576 0.0023571
t 94
c 359.30793 111.2099 33.94095 0.00250076 1.39952576 0.0023571
t 95
c 359.30793 111.2099 33.94095 0.00250076 1.39952576 0.0023571
t 96
c 359.30793 111.2099 33.94095 0.00250076 1.39952576 0.0023571
t 97
c 359.30793 111.2099 33.94095 0.00250076 1.39952576 0.0023571
t 98
c 359.30793 111.2099 33.94095 0.00250076 1.39952576 0.0023571
t 99
c 359.30793 111.2099 33.94095 0.00250076 1.39952576 0.0023571
t 100
c 359.30793 111.2099 33.94095 0.00250076 1.39952576 0.0023571
t 101
c 359.30793 111.2099 33.94095 0.00250076 1.39952576 0.0023571
t 102
c 359.30793 111.2099 33.94095 0.00250076 1.39952576 0.0023571
t 103
c 359.30793 111.2099 33.94095 0.00250076 1.39952576 0.0023571
t 104
c 359.30793 111.2099 33.94095 0.00250076 1.39952576 0.0023571
t 105
c 359.30793 111.2099 33.94095 0.00250076 1.39952576 0.0023571
t 106
c 359.30793 111.2099 33.94095 0.00250076 1.39952576 0.0023571
t 107
c 359.30793 111.2099 33.94095 0.00250076 1.39952576 0.0023571
t 108
c 359.30793 111.2099 33.94095 0.00250076 1.39952576 0.0023571
t 109
c 359.30793 111.2099 33.94095 0.00250076 1.39952576 0.0023571
t 110
c 359.30793 111.2099 33.94095 0.00250076 1.39952576 0.0023571
t 111
c 359.30793 111.2099 33.94095 0.00250076 1.39952576 0.0023571
t 112
c 359.30793 111.2099 33.94095 0.00250076 1.39952576 0.0023571
t 113
c 359.30793 111.2099 33.94095 0.00250076 1.39952576 0.0023571
t 114
c 359.30793 111.2099 33.94095 0.00250076 1.39952576 0.0023571
t 115
c 359.30793 111.2099 33.94095 0.00250076 1.39952576 0.0023571
t 116
c 359.30793 111.2099 33.94095 0.00250076 1.39952576 0.0023571
t 117
c 359.30793 111.2099 33.94095 0.00250076 1.39952576 0.0023571
t 118
c 359.30793 111.2099 33.94095 0.00250076 1.39952576 0.0023571
t 119
c 359.30793 111.2099 33.94095 0.00250076 1.39952576 0.0023571
t 120
c 359.30793 111.2099 33.94095 0.00250076 1.39952576 0.0023571
t 121
s 1.000
c 359.30793 111.2099 33.94095 0.00250076 1.39952576 0.0023571
t 121
c 359.30793 111.2099 33.94095 0.00250076 1.39952576 0.0023571
t 120
c 359.30793 111.2099 33.94095 0.00250076 1.39952576 0.0023571
t 119
c 359.30793 111.2099 33.94095 0.00250076 1.39952576 0.0023571
t 118
c 359.30793 111.2099 33.94095 0.00250076 1.39952576 0.0023571
t 117
c 359.30793 111.2099 33.94095 0.00250076 1.39952576 0.0023571
t 116
c 359.30793 111.2099 33.94095 0.00250076 1.39952576 0.0023571
t 115
c 359.30793 111.2099 33.94095 0.00250076 1.39952576 0.0023571
t 114
c 359.30793 111.2099 33.94095 0.00250076 1.39952576 0.0023571
t 113
c 359.30793 111.2099 33.94095 0.00250076 1.39952576 0.0023571
t 112
c 359.30793 111.2099 33.94095 0.00250076 1.39952576 0.0023571
t 111
c 359.30793 111.2099 33.94095 0.00250076 1.39952576 0.0023571
t 110
c 359.30793 111.2099 33.94095 0.00250076 1.39952576 0.0023571
t 109
c 359.30793 111.2099 33.94095 0.00250076 1.39952576 0.0023571
t 108
c 359.30793 111.2099 33.94095 0.00250076 1.39952576 0.0023571
t 107
c 359.30793 111.2099 33.94095 0.00250076 1.39952576 0.0023571
t 106
c 359.30793 111.2099 33.94095 0.00250076 1.39952576 0.0023571
t 105
c 359.30793 111.2099 33.94095 0.00250076 1.39952576 0.0023571
t 104
c 359.30793 111.2099 33.94095 0.00250076 1.39952576 0.0023571
t 103
c 359.30793 111.2099 33.94095 0.00250076 1.39952576 0.0023571
t 102
c 359.30793 111.2099 33.94095 0.00250076 1.39952576 0.0023571
t 101
c 359.30793 111.2099 33.94095 0.00250076 1.39952576 0.0023571
t 100
c 359.30793 111.2099 33.94095 0.00250076 1.39952576 0.0023571
t 99
c 359.30793 111.2099 33.94095 0.00250076 1.39952576 0.0023571
t 98
c 359.30793 111.2099 33.94095 0.00250076 1.39952576 0.0023571
t 97
c 359.30793 111.2099 33.94095 0.00250076 1.39952576 0.0023571
t 96
c 359.30793 111.2099 33.94095 0.00250076 1.39952576 0.0023571
t 95
c 359.30793 111.2099 33.94095 0.00250076 1.39952576 0.0023571
t 94
c 359.30793 111.2099 33.94095 0.00250076 1.39952576 0.0023571
t 93
c 359.30793 111.2099 33.94095 0.00250076 1.39952576 0.0023571
t 92
c 359.30793 111.2099 33.94095 0.00250076 1.39952576 0.0023571
t 91
c 359.30793 111.2099 33.94095 0.00250076 1.39952576 0.0023571
t 90
c 359.30793 111.2099 33.94095 0.00250076 1.39952576 0.0023571
t 88
c 359.30793 111.2099 33.94095 0.00250076 1.39952576 0.0023571
t 87
c 359.30793 111.2099 33.94095 0.00250076 1.39952576 0.0023571
t 86
c 359.30793 111.2099 33.94095 0.00250076 1.39952576 0.0023571
t 85
c 359.30793 111.2099 33.94095 0.00250076 1.39952576 0.0023571
t 84
c 359.30793 111.2099 33.94095 0.00250076 1.39952576 0.0023571
t 83
c 359.30793 111.2099 33.94095 0.00250076 1.39952576 0.0023571
t 82
c 359.30793 111.2099 33.94095 0.00250076 1.39952576 0.0023571
t 81
c 359.30793 111.2099 33.94095 0.00250076 1.39952576 0.0023571
t 80
c 359.30793 111.2099 33.94095 0.00250076 1.39952576 0.0023571
t 79
c 359.30793 111.2099 33.94095 0.00250076 1.39952576 0.0023571
t 78
c 359.30793 111.2099 33.94095 0.00250076 1.39952576 0.0023571
t 77
c 359.30793 111.2099 33.94095 0.00250076 1.39952576 0.0023571
t 76
c 359.30793 111.2099 33.94095 0.00250076 1.39952576 0.0023571
t 75
c 359.30793 111.2099 33.94095 0.00250076 1.39952576 0.0023571
t 74
c 359.30793 111.2099 33.94095 0.00250076 1.39952576 0.0023571
t 73
c 359.30793 111.2099 33.94095 0.00250076 1.39952576 0.0023571
t 72
c 359.30793 111.2099 33.94095 0.00250076 1.39952576 0.0023571
t 71
c 359.30793 111.2099 33.94095 0.00250076 1.39952576 0.0023571
t 70
c 359.30793 111.2099 33.94095 0.00250076 1.39952576 0.0023571
t 69
c 359.30793 111.2099 33.94095 0.00250076 1.39952576 0.0023571
t 68
c 359.30793 111.2099 33.94095 0.00250076 1.39952576 0.0023571
t 67
c 359.30793 111.2099 33.94095 0.00250076 1.39952576 0.0023571
t 66
c 359.30793 111.2099 33.94095 0.00250076 1.39952576 0.0023571
t 65
c 359.30793 111.2099 33.94095 0.00250076 1.39952576 0.0023571
t 64
c 359.30793 111.2099 33.94095 0.00250076 1.39952576 0.0023571
t 63
s 1.000
c 359.30793 111.2099 33.94095 0.00250076 1.39952576 0.0023571
t 64
c 359.30488 106.08162 33.93585 0.00254066 1.39954001 0.00238685
t 64
c 359.30184 100.95335 33.93076 0.00258057 1.39955427 0.00241661
t 64
c 359.29879 95.82507 33.92566 0.00262047 1.39956853 0.00244636
t 64
c 359.29574 90.69679 33.92056 0.00266037 1.39958278 0.00247612
t 64
c 359.29269 85.56852 33.91547 0.00270027 1.39959704 0.00250587
t 64
c 359.28964 80.44024 33.91037 0.00274017 1.3996113 0.00253563
t 64
c 359.28659 75.31196 33.90527 0.00278007 1.39962555 0.00256538
t 64
c 359.28354 70.18368 33.90018 0.00281998 1.39963981 0.00259514
t 64
c 359.28049 65.05541 33.89508 0.00285988 1.39965407 0.0026249
t 64
c 359.27744 59.92713 33.88998 0.00289978 1.39966832 0.00265465
t 64
c 359.27439 54.79885 33.88489 0.00293968 1.39968258 0.00268441
t 64
c 359.27134 49.67058 33.87979 0.00297958 1.39969684 0.00271416
t 64
c 359.26829 44.5423 33.87469 0.00301948 1.39971109 0.00274392
t 64
c 359.26525 39.41402 33.8696 0.00305939 1.39972535 0.00277367
t 64
c 359.2622 34.28575 33.8645 0.00309929 1.39973961 0.00280343
t 64
c 359.25915 29.15747 33.8594 0.00313919 1.39975386 0.00283318
t 64
c 359.2561 24.02919 33.85431 0.00317909 1.39976812 0.00286294
t 64
c 359.25305 18.90092 33.84921 0.00321899 1.39978238 0.00289269
t 64
c 359.25 13.77264 33.84411 0.00325889 1.39979663 0.00292245
t 64
c 359.24695 8.64436 33.83902 0.0032988 1.39981089 0.0029522
t 64
c 359.2439 3.51608 33.83392 0.0033387 1.39982515 0.00298196
t 64
c 359.24085 -1.61219 33.82882 0.0033786 1.3998394 0.00301171
t 64
c 359.2378 -6.74047 33.82373 0.0034185 1.39985366 0.00304147
t 64
c 359.23475 -11.86875 33.81863 0.0034584 1.39986792 0.00307122
t 64
c 359.2317 -16.99702 33.81354 0.00349831 1.39988217 0.00310098
t 64
c 359.22866 -22.1253 33.80844 0.00353821 1.39989643 0.00313073
t 64
c 359.22561 -27.25358 33.80334 0.00357811 1.39991069 0.00316049
t 64
c 359.22256 -32.38185 33.79825 0.00361801 1.39992494 0.00319024
t 64
c 359.21951 -37.51013 33.79315 0.00365791 1.3999392 0.00322
t 64
c 359.21646 -42.63841 33.78805 0.00369781 1.39995346 0.00324975
t 64
c 359.21341 -47.76668 33.78296 0.00373772 1.39996771 0.00327951
t 64
c 359.21036 -52.89496 33.77786 0.00377762 1.39998197 0.00330927
t 64
c 359.20731 -58.02324 33.77276 0.00381752 1.39999623 0.00333902
t 64
c 359.20426 -63.15152 33.76767 0.00385742 1.40001049 0.00336878
t 64
c 359.20121 -68.27979 33.76257 0.00389732 1.40002474 0.00339853
t 64
c 359.19816 -73.40807 33.75747 0.00393722 1.400039 0.00342829
t 64
c 359.19512 -78.53635 33.75238 0.00397713 1.40005326 0.00345804
t 64
s 1.000
c 359.19512 -78.53635 33.75238 0.00397713 1.40005326 0.00345804
t 64
c 359.19512 -78.53635 33.75238 0.00397713 1.40005326 0.00345804
t 65
c 359.19512 -78.53635 33.75238 0.00397713 1.40005326 0.00345804
t 66
c 359.19512 -78.53635 33.75238 0.00397713 1.40005326 0.00345804
t 67
c 359.19512 -78.53635 33.75238 0.00397713 1.40005326 0.00345804
t 68
c 359.19512 -78.53635 33.75238 0.00397713 1.40005326 0.00345804
t 69
c 359.19512 -78.53635 33.75238 0.00397713 1.40005326 0.00345804
t 70
c 359.19512 -78.53635 33.75238 0.00397713 1.40005326 0.00345804
t 71
c 359.19512 -78.53635 33.75238 0.00397713 1.40005326 0.00345804
t 72
c 359.19512 -78.53635 33.75238 0.00397713 1.40005326 0.00345804
t 73
c 359.19512 -78.53635 33.75238 0.00397713 1.40005326 0.00345804
t 74
c 359.19512 -78.53635 33.75238 0.00397713 1.40005326 0.00345804
t 75
c 359.19512 -78.53635 33.75238 0.00397713 1.40005326 0.00345804
t 76
c 359.19512 -78.53635 33.75238 0.00397713 1.40005326 0.00345804
t 77
c 359.19512 -78.53635 33.75238 0.00397713 1.40005326 0.00345804
t 78
c 359.19512 -78.53635 33.75238 0.00397713 1.40005326 0.00345804
t 79
c 359.19512 -78.53635 33.75238 0.00397713 1.40005326 0.00345804
t 80
c 359.19512 -78.53635 33.75238 0.00397713 1.40005326 0.00345804
t 81
c 359.19512 -78.53635 33.75238 0.00397713 1.40005326 0.00345804
t 82
c 359.19512 -78.53635 33.75238 0.00397713 1.40005326 0.00345804
t 83
c 359.19512 -78.53635 33.75238 0.00397713 1.40005326 0.00345804
t 84
c 359.19512 -78.53635 33.75238 0.00397713 1.40005326 0.00345804
t 85
c 359.19512 -78.53635 33.75238 0.00397713 1.40005326 0.00345804
t 86
c 359.19512 -78.53635 33.75238 0.00397713 1.40005326 0.00345804
t 87
c 359.19512 -78.53635 33.75238 0.00397713 1.40005326 0.00345804
t 88
c 359.19512 -78.53635 33.75238 0.00397713 1.40005326 0.00345804
t 89
c 359.19512 -78.53635 33.75238 0.00397713 1.40005326 0.00345804
t 90
c 359.19512 -78.53635 33.75238 0.00397713 1.40005326 0.00345804
t 91
c 359.19512 -78.53635 33.75238 0.00397713 1.40005326 0.00345804
t 92
c 359.19512 -78.53635 33.75238 0.00397713 1.40005326 0.00345804
t 93
c 359.19512 -78.53635 33.75238 0.00397713 1.40005326 0.00345804
t 94
c 359.19512 -78.53635 33.75238 0.00397713 1.40005326 0.00345804
t 95
c 359.19512 -78.53635 33.75238 0.00397713 1.40005326 0.00345804
t 96
c 359.19512 -78.53635 33.75238 0.00397713 1.40005326 0.00345804
t 97
c 359.19512 -78.53635 33.75238 0.00397713 1.40005326 0.00345804
t 98
c 359.19512 -78.53635 33.75238 0.00397713 1.40005326 0.00345804
t 99
c 359.19512 -78.53635 33.75238 0.00397713 1.40005326 0.00345804
t 100
c 359.19512 -78.53635 33.75238 0.00397713 1.40005326 0.00345804
t 101
c 359.19512 -78.53635 33.75238 0.00397713 1.40005326 0.00345804
t 102
c 359.19512 -78.53635 33.75238 0.00397713 1.40005326 0.00345804
t 103
c 359.19512 -78.53635 33.75238 0.00397713 1.40005326 0.00345804
t 104
c 359.19512 -78.53635 33.75238 0.00397713 1.40005326 0.00345804
t 105
c 359.19512 -78.53635 33.75238 0.00397713 1.40005326 0.00345804
t 106
c 359.19512 -78.53635 33.75238 0.00397713 1.40005326 0.00345804
t 107
c 359.19512 -78.53635 33.75238 0.00397713 1.40005326 0.00345804
t 108
c 359.19512 -78.53635 33.75238 0.00397713 1.40005326 0.00345804
t 109
c 359.19512 -78.53635 33.75238 0.00397713 1.40005326 0.00345804
t 110
c 359.19512 -78.53635 33.75238 0.00397713 1.40005326 0.00345804
t 111
c 359.19512 -78.53635 33.75238 0.00397713 1.40005326 0.00345804
t 112
c 359.19512 -78.53635 33.75238 0.00397713 1.40005326 0.00345804
t 113
c 359.19512 -78.53635 33.75238 0.00397713 1.40005326 0.00345804
t 114
c 359.19512 -78.53635 33.75238 0.00397713 1.40005326 0.00345804
t 115
c 359.19512 -78.53635 33.75238 0.00397713 1.40005326 0.00345804
t 116
c 359.19512 -78.53635 33.75238 0.00397713 1.40005326 0.00345804
t 117
c 359.19512 -78.53635 33.75238 0.00397713 1.40005326 0.00345804
t 118
c 359.19512 -78.53635 33.75238 0.00397713 1.40005326 0.00345804
t 119
c 359.19512 -78.53635 33.75238 0.00397713 1.40005326 0.00345804
t 120
c 359.19512 -78.53635 33.75238 0.00397713 1.40005326 0.00345804
t 121
c 359.19512 -78.53635 33.75238 0.00397713 1.40005326 0.00345804
t 122
c 359.19512 -78.53635 33.75238 0.00397713 1.40005326 0.00345804
t 123
c 359.19512 -78.53635 33.75238 0.00397713 1.40005326 0.00345804
t 124
c 359.19512 -78.53635 33.75238 0.00397713 1.40005326 0.00345804
t 125
