c 361.84903 -87.44419 53.62733 -0.00672578 1.21950892 -0.0025486
t 147
c 361.84454 -87.43499 48.25632 -0.00657026 1.21953615 -0.0023916
t 126
c 361.84005 -87.4258 42.88531 -0.00641473 1.21956339 -0.00223459
t 105
c 361.83556 -87.41661 37.5143 -0.0062592 1.21959063 -0.00207758
t 84
c 361.83107 -87.40742 32.14329 -0.00610367 1.21961786 -0.00192057
t 64
s 1.000
c 361.83107 -87.40742 32.14329 -0.00610367 1.21961786 -0.00192057
t 64
c 361.83415 -86.47481 37.16629 -0.00606121 1.21961727 -0.00180019
t 64
c 361.83724 -85.5422 42.18929 -0.00601875 1.21961669 -0.00167981
t 64
c 361.84032 -84.60959 47.21229 -0.00597629 1.2196161 -0.00155943
t 64
c 361.8434 -83.67698 52.23529 -0.00593383 1.21961551 -0.00143905
t 64
c 361.84648 -82.74437 57.25829 -0.00589136 1.21961492 -0.00131867
t 64
c 361.84956 -81.81176 62.2813 -0.0058489 1.21961433 -0.00119829
t 64
c 361.85265 -80.87915 67.3043 -0.00580644 1.21961374 -0.00107791
t 64
c 361.85573 -79.94654 72.3273 -0.00576398 1.21961315 -0.00095753
t 64
c 361.85881 -79.01393 77.3503 -0.00572152 1.21961256 -0.00083714
t 64
c 361.86189 -78.08132 82.3733 -0.00567906 1.21961197 -0.00071676
t 64
c 361.86498 -77.14871 87.3963 -0.0056366 1.21961138 -0.00059638
t 64
c 361.86806 -76.2161 92.41931 -0.00559413 1.21961079 -0.000476
t 64
c 361.87114 -75.28349 97.44231 -0.00555167 1.2196102 -0.00035562
t 64
s 1.000
c 361.87114 -75.28349 97.44231 -0.00555167 1.2196102 -0.00035562
t 64
c 361.87189 -70.20806 97.44215 -0.00577287 1.21959636 -0.00052937
t 64
c 361.87264 -65.13262 97.44199 -0.00599406 1.21958252 -0.00070313
t 64
c 361.87338 -60.05718 97.44183 -0.00621526 1.21956868 -0.00087688
t 64
c 361.87413 -54.98175 97.44167 -0.00643646 1.21955484 -0.00105063
t 64
c 361.87488 -49.90631 97.44152 -0.00665765 1.21954101 -0.00122439
t 64
c 361.87563 -44.83088 97.44136 -0.00687885 1.21952717 -0.00139814
t 64
c 361.87637 -39.75544 97.4412 -0.00710004 1.21951333 -0.0015719
t 64
c 361.87712 -34.68001 97.44104 -0.00732124 1.21949949 -0.00174565
t 64
c 361.87787 -29.60457 97.44088 -0.00754243 1.21948565 -0.0019194
t 64
c 361.87862 -24.52913 97.44073 -0.00776363 1.21947181 -0.00209316
t 64
c 361.87936 -19.4537 97.44057 -0.00798483 1.21945797 -0.00226691
t 64
c 361.88011 -14.37826 97.44041 -0.00820602 1.21944414 -0.00244066
t 64
c 361.88086 -9.30283 97.44025 -0.00842722 1.2194303 -0.00261442
t 64
c 361.88161 -4.22739 97.44009 -0.00864841 1.21941646 -0.00278817
t 64
c 361.88235 0.84805 97.43993 -0.00886961 1.21940262 -0.00296192
t 64
c 361.8831 5.92348 97.43978 -0.0090908 1.21938878 -0.00313568
t 64
c 361.88385 10.99892 97.43962 -0.009312 1.21937494 -0.00330943
t 64
c 361.8846 16.07435 97.43946 -0.0095332 1.2193611 -0.00348318
t 64
c 361.88534 21.14979 97.4393 -0.00975439 1.21934727 -0.00365694
t 64
c 361.88609 26.22522 97.43914 -0.00997559 1.21933343 -0.00383069
t 64
c 361.88684 31.30066 97.43898 -0.01019678 1.21931959 -0.00400444
t 64
c 361.88758 36.3761 97.43883 -0.01041798 1.21930575 -0.0041782
t 64
c 361.88833 41.45153 97.43867 -0.01063918 1.21929191 -0.00435195
t 64
c 361.88908 46.52697 97.43851 -0.01086037 1.21927807 -0.00452571
t 64
c 361.88983 51.6024 97.43835 -0.01108157 1.21926423 -0.00469946
t 64
c 361.89057 56.67784 97.43819 -0.01130276 1.2192504 -0.00487321
t 64
c 361.89132 61.75328 97.43803 -0.01152396 1.21923656 -0.00504697
t 64
c 361.89207 66.82871 97.43788 -0.01174515 1.21922272 -0.00522072
t 64
c 361.89282 71.90415 97.43772 -0.01196635 1.21920888 -0.00539447
t 64
c 361.89356 76.97958 97.43756 -0.01218755 1.21919504 -0.00556823
t 64
c 361.89431 82.05502 97.4374 -0.01240874 1.2191812 -0.00574198
t 64
c 361.89506 87.13045 97.43724 -0.01262994 1.21916736 -0.00591573
t 64
c 361.89581 92.20589 97.43708 -0.01285113 1.21915353 -0.00608949
t 64
c 361.89655 97.28133 97.43693 -0.01307233 1.21913969 -0.00626324
t 64
c 361.8973 102.35676 97.43677 -0.01329353 1.21912585 -0.00643699
t 64
s 1.000
c 361.8973 102.35676 97.43677 -0.01329353 1.21912585 -0.00643699
t 64
c 361.89824 102.36403 92.29588 -0.0132406 1.21912 -0.00631181
t 64
c 361.89918 102.37131 87.15499 -0.01318767 1.21911415 -0.00618662
t 64
c 361.90013 102.37858 82.01409 -0.01313474 1.21910831 -0.00606143
t 64
c 361.90107 102.38585 76.8732 -0.01308181 1.21910246 -0.00593624
t 64
c 361.90201 102.39313 71.73231 -0.01302888 1.21909661 -0.00581106
t 64
c 361.90295 102.4004 66.59142 -0.01297595 1.21909076 -0.00568587
t 64
c 361.90389 102.40767 61.45053 -0.01292302 1.21908492 -0.00556068
t 64
c 361.90483 102.41495 56.30964 -0.01287009 1.21907907 -0.0054355
t 64
c 361.90578 102.42222 51.16875 -0.01281716 1.21907322 -0.00531031
t 64
c 361.90672 102.42949 46.02785 -0.01276424 1.21906737 -0.00518512
t 64
s 1.000
c 361.90672 102.42949 46.02785 -0.01276424 1.21906737 -0.00518512
t 64
c 361.90672 102.42949 46.02785 -0.01276424 1.21906737 -0.00518512
t 65
c 361.90672 102.42949 46.02785 -0.01276424 1.21906737 -0.00518512
t 66
c 361.90672 102.42949 46.02785 -0.01276424 1.21906737 -0.00518512
t 67
c 361.90672 102.42949 46.02785 -0.01276424 1.21906737 -0.00518512
t 68
c 361.90672 102.42949 46.02785 -0.01276424 1.21906737 -0.00518512
t 69
c 361.90672 102.42949 46.02785 -0.01276424 1.21906737 -0.00518512
t 70
c 361.90672 102.42949 46.02785 -0.01276424 1.21906737 -0.00518512
t 71
c 361.90672 102.42949 46.02785 -0.01276424 1.21906737 -0.00518512
t 72
c 361.90672 102.42949 46.02785 -0.01276424 1.21906737 -0.00518512
t 73
c 361.90672 102.42949 46.02785 -0.01276424 1.21906737 -0.00518512
t 74
c 361.90672 102.42949 46.02785 -0.01276424 1.21906737 -0.00518512
t 75
c 361.90672 102.42949 46.02785 -0.01276424 1.21906737 -0.00518512
t 76
c 361.90672 102.42949 46.02785 -0.01276424 1.21906737 -0.00518512
t 77
c 361.90672 102.42949 46.02785 -0.01276424 1.21906737 -0.00518512
t 78
c 361.90672 102.42949 46.02785 -0.01276424 1.21906737 -0.00518512
t 79
c 361.90672 102.42949 46.02785 -0.01276424 1.21906737 -0.00518512
t 80
c 361.90672 102.42949 46.02785 -0.01276424 1.21906737 -0.00518512
t 81
c 361.90672 102.42949 46.02785 -0.01276424 1.21906737 -0.00518512
t 82
c 361.90672 102.42949 46.02785 -0.01276424 1.21906737 -0.00518512
t 83
c 361.90672 102.42949 46.02785 -0.01276424 1.21906737 -0.00518512
t 84
c 361.90672 102.42949 46.02785 -0.01276424 1.21906737 -0.00518512
t 85
c 361.90672 102.42949 46.02785 -0.01276424 1.21906737 -0.00518512
t 86
c 361.90672 102.42949 46.02785 -0.01276424 1.21906737 -0.00518512
t 87
c 361.90672 102.42949 46.02785 -0.01276424 1.21906737 -0.00518512
t 88
c 361.90672 102.42949 46.02785 -0.01276424 1.21906737 -0.00518512
t 89
c 361.90672 102.42949 46.02785 -0.01276424 1.21906737 -0.00518512
t 90
c 361.90672 102.42949 46.02785 -0.01276424 1.21906737 -0.00518512
t 91
c 361.90672 102.42949 46.02785 -0.01276424 1.21906737 -0.00518512
t 92
c 361.90672 102.42949 46.02785 -0.01276424 1.21906737 -0.00518512
t 93
c 361.90672 102.42949 46.02785 -0.01276424 1.21906737 -0.00518512
t 94
c 361.90672 102.42949 46.02785 -0.01276424 1.21906737 -0.00518512
t 95
c 361.90672 102.42949 46.02785 -0.01276424 1.21906737 -0.00518512
t 96
c 361.90672 102.42949 46.02785 -0.01276424 1.21906737 -0.00518512
t 97
c 361.90672 102.42949 46.02785 -0.01276424 1.21906737 -0.00518512
t 98
c 361.90672 102.42949 46.02785 -0.01276424 1.21906737 -0.00518512
t 99
c 361.90672 102.42949 46.02785 -0.01276424 1.21906737 -0.00518512
t 100
c 361.90672 102.42949 46.02785 -0.01276424 1.21906737 -0.00518512
t 101
c 361.90672 102.42949 46.02785 -0.01276424 1.21906737 -0.00518512
t 102
c 361.90672 102.42949 46.02785 -0.01276424 1.21906737 -0.00518512
t 103
c 361.90672 102.42949 46.02785 -0.01276424 1.21906737 -0.00518512
t 104
c 361.90672 102.42949 46.02785 -0.01276424 1.21906737 -0.00518512
t 105
c 361.90672 102.42949 46.02785 -0.01276424 1.21906737 -0.00518512
t 106
c 361.90672 102.42949 46.02785 -0.01276424 1.21906737 -0.00518512
t 107
c 361.90672 102.42949 46.02785 -0.01276424 1.21906737 -0.00518512
t 108
c 361.90672 102.42949 46.02785 -0.01276424 1.21906737 -0.00518512
t 109
c 361.90672 102.42949 46.02785 -0.01276424 1.21906737 -0.00518512
t 110
c 361.90672 102.42949 46.02785 -0.01276424 1.21906737 -0.00518512
t 111
c 361.90672 102.42949 46.02785 -0.01276424 1.21906737 -0.00518512
t 111
c 361.90672 102.42949 46.02785 -0.01276424 1.21906737 -0.00518512
t 112
c 361.90672 102.42949 46.02785 -0.01276424 1.21906737 -0.00518512
t 113
c 361.90672 102.42949 46.02785 -0.01276424 1.21906737 -0.00518512
t 114
c 361.90672 102.42949 46.02785 -0.01276424 1.21906737 -0.00518512
t 115
c 361.90672 102.42949 46.02785 -0.01276424 1.21906737 -0.00518512
t 116
c 361.90672 102.42949 46.02785 -0.01276424 1.21906737 -0.00518512
t 117
c 361.90672 102.42949 46.02785 -0.01276424 1.21906737 -0.00518512
t 118
c 361.90672 102.42949 46.02785 -0.01276424 1.21906737 -0.00518512
t 119
c 361.90672 102.42949 46.02785 -0.01276424 1.21906737 -0.00518512
t 120
c 361.90672 102.42949 46.02785 -0.01276424 1.21906737 -0.00518512
t 121
c 361.90672 102.42949 46.02785 -0.01276424 1.21906737 -0.00518512
t 122
c 361.90672 102.42949 46.02785 -0.01276424 1.21906737 -0.00518512
t 123
c 361.90672 102.42949 46.02785 -0.01276424 1.21906737 -0.00518512
t 124
c 361.90672 102.42949 46.02785 -0.01276424 1.21906737 -0.00518512
t 125
c 361.90672 102.42949 46.02785 -0.01276424 1.21906737 -0.00518512
t 126
c 361.90672 102.42949 46.02785 -0.01276424 1.21906737 -0.00518512
t 127
c 361.90672 102.42949 46.02785 -0.01276424 1.21906737 -0.00518512
t 128
c 361.90672 102.42949 46.02785 -0.01276424 1.21906737 -0.00518512
t 129
c 361.90672 102.42949 46.02785 -0.01276424 1.21906737 -0.00518512
t 130
c 361.90672 102.42949 46.02785 -0.01276424 1.21906737 -0.00518512
t 131
c 361.90672 102.42949 46.02785 -0.01276424 1.21906737 -0.00518512
t 132
c 361.90672 102.42949 46.02785 -0.01276424 1.21906737 -0.00518512
t 133
c 361.90672 102.42949 46.02785 -0.01276424 1.21906737 -0.00518512
t 134
c 361.90672 102.42949 46.02785 -0.01276424 1.21906737 -0.00518512
t 135
c 361.90672 102.42949 46.02785 -0.01276424 1.21906737 -0.00518512
t 136
c 361.90672 102.42949 46.02785 -0.01276424 1.21906737 -0.00518512
t 137
c 361.90672 102.42949 46.02785 -0.01276424 1.21906737 -0.00518512
t 138
c 361.90672 102.42949 46.02785 -0.01276424 1.21906737 -0.00518512
t 139
c 361.90672 102.42949 46.02785 -0.01276424 1.21906737 -0.00518512
t 140
c 361.90672 102.42949 46.02785 -0.01276424 1.21906737 -0.00518512
t 141
c 361.90672 102.42949 46.02785 -0.01276424 1.21906737 -0.00518512
t 142
c 361.90672 102.42949 46.02785 -0.01276424 1.21906737 -0.00518512
t 143
s 1.000
c 361.90672 102.42949 46.02785 -0.01276424 1.21906737 -0.00518512
t 144
c 361.90672 102.42949 46.02785 -0.01276424 1.21906737 -0.00518512
t 143
c 361.90672 102.42949 46.02785 -0.01276424 1.21906737 -0.00518512
t 142
c 361.90672 102.42949 46.02785 -0.01276424 1.21906737 -0.00518512
t 141
c 361.90672 102.42949 46.02785 -0.01276424 1.21906737 -0.00518512
t 139
c 361.90672 102.42949 46.02785 -0.01276424 1.21906737 -0.00518512
t 139
c 361.90672 102.42949 46.02785 -0.01276424 1.21906737 -0.00518512
t 138
c 361.90672 102.42949 46.02785 -0.01276424 1.21906737 -0.00518512
t 137
c 361.90672 102.42949 46.02785 -0.01276424 1.21906737 -0.00518512
t 136
c 361.90672 102.42949 46.02785 -0.01276424 1.21906737 -0.00518512
t 135
c 361.90672 102.42949 46.02785 -0.01276424 1.21906737 -0.00518512
t 134
c 361.90672 102.42949 46.02785 -0.01276424 1.21906737 -0.00518512
t 133
c 361.90672 102.42949 46.02785 -0.01276424 1.21906737 -0.00518512
t 132
c 361.90672 102.42949 46.02785 -0.01276424 1.21906737 -0.00518512
t 131
c 361.90672 102.42949 46.02785 -0.01276424 1.21906737 -0.00518512
t 130
c 361.90672 102.42949 46.02785 -0.01276424 1.21906737 -0.00518512
t 129
c 361.90672 102.42949 46.02785 -0.01276424 1.21906737 -0.00518512
t 127
c 361.90672 102.42949 46.02785 -0.01276424 1.21906737 -0.00518512
t 127
c 361.90672 102.42949 46.02785 -0.01276424 1.21906737 -0.00518512
t 126
c 361.90672 102.42949 46.02785 -0.01276424 1.21906737 -0.00518512
t 125
c 361.90672 102.42949 46.02785 -0.01276424 1.21906737 -0.00518512
t 124
c 361.90672 102.42949 46.02785 -0.01276424 1.21906737 -0.00518512
t 123
c 361.90672 102.42949 46.02785 -0.01276424 1.21906737 -0.00518512
t 121
c 361.90672 102.42949 46.02785 -0.01276424 1.21906737 -0.00518512
t 121
c 361.90672 102.42949 46.02785 -0.01276424 1.21906737 -0.00518512
t 120
c 361.90672 102.42949 46.02785 -0.01276424 1.21906737 -0.00518512
t 119
c 361.90672 102.42949 46.02785 -0.01276424 1.21906737 -0.00518512
t 117
c 361.90672 102.42949 46.02785 -0.01276424 1.21906737 -0.00518512
t 116
c 361.90672 102.42949 46.02785 -0.01276424 1.21906737 -0.00518512
t 116
c 361.90672 102.42949 46.02785 -0.01276424 1.21906737 -0.00518512
t 115
c 361.90672 102.42949 46.02785 -0.01276424 1.21906737 -0.00518512
t 113
c 361.90672 102.42949 46.02785 -0.01276424 1.21906737 -0.00518512
t 112
c 361.90672 102.42949 46.02785 -0.01276424 1.21906737 -0.00518512
t 111
c 361.90672 102.42949 46.02785 -0.01276424 1.21906737 -0.00518512
t 110
c 361.90672 102.42949 46.02785 -0.01276424 1.21906737 -0.00518512
t 109
c 361.90672 102.42949 46.02785 -0.01276424 1.21906737 -0.00518512
t 108
c 361.90672 102.42949 46.02785 -0.01276424 1.21906737 -0.00518512
t 107
c 361.90672 102.42949 46.02785 -0.01276424 1.21906737 -0.00518512
t 106
c 361.90672 102.42949 46.02785 -0.01276424 1.21906737 -0.00518512
t 105
c 361.90672 102.42949 46.02785 -0.01276424 1.21906737 -0.00518512
t 104
c 361.90672 102.42949 46.02785 -0.01276424 1.21906737 -0.00518512
t 103
c 361.90672 102.42949 46.02785 -0.01276424 1.21906737 -0.00518512
t 102
c 361.90672 102.42949 46.02785 -0.01276424 1.21906737 -0.00518512
t 101
c 361.90672 102.42949 46.02785 -0.01276424 1.21906737 -0.00518512
t 101
c 361.90672 102.42949 46.02785 -0.01276424 1.21906737 -0.00518512
t 100
c 361.90672 102.42949 46.02785 -0.01276424 1.21906737 -0.00518512
t 99
c 361.90672 102.42949 46.02785 -0.01276424 1.21906737 -0.00518512
t 98
c 361.90672 102.42949 46.02785 -0.01276424 1.21906737 -0.00518512
t 97
c 361.90672 102.42949 46.02785 -0.01276424 1.21906737 -0.00518512
t 96
c 361.90672 102.42949 46.02785 -0.01276424 1.21906737 -0.00518512
t 95
c 361.90672 102.42949 46.02785 -0.01276424 1.21906737 -0.00518512
t 94
c 361.90672 102.42949 46.02785 -0.01276424 1.21906737 -0.00518512
t 93
c 361.90672 102.42949 46.02785 -0.01276424 1.21906737 -0.00518512
t 92
c 361.90672 102.42949 46.02785 -0.01276424 1.21906737 -0.00518512
t 91
c 361.90672 102.42949 46.02785 -0.01276424 1.21906737 -0.00518512
t 90
c 361.90672 102.42949 46.02785 -0.01276424 1.21906737 -0.00518512
t 89
c 361.90672 102.42949 46.02785 -0.01276424 1.21906737 -0.00518512
t 88
c 361.90672 102.42949 46.02785 -0.01276424 1.21906737 -0.00518512
t 87
c 361.90672 102.42949 46.02785 -0.01276424 1.21906737 -0.00518512
t 86
c 361.90672 102.42949 46.02785 -0.01276424 1.21906737 -0.00518512
t 85
c 361.90672 102.42949 46.02785 -0.01276424 1.21906737 -0.00518512
t 84
c 361.90672 102.42949 46.02785 -0.01276424 1.21906737 -0.00518512
t 83
c 361.90672 102.42949 46.02785 -0.01276424 1.21906737 -0.00518512
t 82
c 361.90672 102.42949 46.02785 -0.01276424 1.21906737 -0.00518512
t 81
c 361.90672 102.42949 46.02785 -0.01276424 1.21906737 -0.00518512
t 80
c 361.90672 102.42949 46.02785 -0.01276424 1.21906737 -0.00518512
t 79
c 361.90672 102.42949 46.02785 -0.01276424 1.21906737 -0.00518512
t 78
c 361.90672 102.42949 46.02785 -0.01276424 1.21906737 -0.00518512
t 77
c 361.90672 102.42949 46.02785 -0.01276424 1.21906737 -0.00518512
t 76
c 361.90672 102.42949 46.02785 -0.01276424 1.21906737 -0.00518512
t 75
c 361.90672 102.42949 46.02785 -0.01276424 1.21906737 -0.00518512
t 74
c 361.90672 102.42949 46.02785 -0.01276424 1.21906737 -0.00518512
t 73
c 361.90672 102.42949 46.02785 -0.01276424 1.21906737 -0.00518512
t 72
c 361.90672 102.42949 46.02785 -0.01276424 1.21906737 -0.00518512
t 71
c 361.90672 102.42949 46.02785 -0.01276424 1.21906737 -0.00518512
t 70
c 361.90672 102.42949 46.02785 -0.01276424 1.21906737 -0.00518512
t 69
c 361.90672 102.42949 46.02785 -0.01276424 1.21906737 -0.00518512
t 68
c 361.90672 102.42949 46.02785 -0.01276424 1.21906737 -0.00518512
t 67
c 361.90672 102.42949 46.02785 -0.01276424 1.21906737 -0.00518512
t 66
c 361.90672 102.42949 46.02785 -0.01276424 1.21906737 -0.00518512
t 65
c 361.90672 102.42949 46.02785 -0.01276424 1.21906737 -0.00518512
t 64
s 1.000
c 361.90672 102.42949 46.02785 -0.01276424 1.21906737 -0.00518512
t 64
c 361.93123 102.42597 51.2125 -0.01269885 1.21892808 -0.00525767
t 64
c 361.95574 102.42244 56.39714 -0.01263347 1.21878878 -0.00533022
t 64
c 361.98025 102.41892 61.58179 -0.01256809 1.21864948 -0.00540277
t 64
c 362.00476 102.41539 66.76643 -0.01250271 1.21851018 -0.00547532
t 64
c 362.02927 102.41187 71.95107 -0.01243732 1.21837089 -0.00554786
t 64
c 362.05378 102.40834 77.13572 -0.01237194 1.21823159 -0.00562041
t 64
c 362.07829 102.40482 82.32036 -0.01230656 1.21809229 -0.00569296
t 64
s 1.000
c 362.07829 102.40482 82.32036 -0.01230656 1.21809229 -0.00569296
t 64
c 362.08178 97.23278 82.32185 -0.01218393 1.21807605 -0.00562608
t 64
c 362.08527 92.06074 82.32334 -0.0120613 1.21805981 -0.00555919
t 64
c 362.08876 86.8887 82.32483 -0.01193868 1.21804356 -0.0054923
t 64
c 362.09225 81.71666 82.32632 -0.01181605 1.21802732 -0.00542542
t 64
c 362.09574 76.54462 82.32781 -0.01169342 1.21801108 -0.00535853
t 64
c 362.09923 71.37258 82.3293 -0.01157079 1.21799483 -0.00529165
t 64
c 362.10272 66.20055 82.33079 -0.01144817 1.21797859 -0.00522476
t 64
c 362.1062 61.02851 82.33228 -0.01132554 1.21796235 -0.00515787
t 64
c 362.10969 55.85647 82.33377 -0.01120291 1.2179461 -0.00509099
t 64
c 362.11318 50.68443 82.33526 -0.01108029 1.21792986 -0.0050241
t 64
c 362.11667 45.51239 82.33675 -0.01095766 1.21791362 -0.00495722
t 64
c 362.12016 40.34035 82.33824 -0.01083503 1.21789737 -0.00489033
t 64
c 362.12365 35.16831 82.33973 -0.0107124 1.21788113 -0.00482344
t 64
c 362.12714 29.99627 82.34122 -0.01058978 1.21786489 -0.00475656
t 64
c 362.13063 24.82423 82.34271 -0.01046715 1.21784864 -0.00468967
t 64
c 362.13412 19.65219 82.3442 -0.01034452 1.2178324 -0.00462278
t 64
c 362.1376 14.48015 82.34569 -0.01022189 1.21781616 -0.0045559
t 64
c 362.14109 9.30812 82.34718 -0.01009927 1.21779991 -0.00448901
t 64
c 362.14458 4.13608 82.34867 -0.00997664 1.21778367 -0.00442213
t 64
c 362.14807 -1.03596 82.35016 -0.00985401 1.21776743 -0.00435524
t 64
c 362.15156 -6.208 82.35165 -0.00973139 1.21775118 -0.00428835
t 64
c 362.15505 -11.38004 82.35313 -0.00960876 1.21773494 -0.00422147
t 64
c 362.15854 -16.55208 82.35462 -0.00948613 1.2177187 -0.00415458
t 64
c 362.16203 -21.72412 82.35611 -0.0093635 1.21770245 -0.0040877
t 64
c 362.16552 -26.89616 82.3576 -0.00924088 1.21768621 -0.00402081
t 64
c 362.169 -32.0682 82.35909 -0.00911825 1.21766997 -0.00395392
t 64
c 362.17249 -37.24024 82.36058 -0.00899562 1.21765372 -0.00388704
t 64
c 362.17598 -42.41228 82.36207 -0.008873 1.21763748 -0.00382015
t 64
c 362.17947 -47.58431 82.36356 -0.00875037 1.21762124 -0.00375326
t 64
s 1.000
c 362.17947 -47.58431 82.36356 -0.00875037 1.21762124 -0.00375326
t 64
c 362.18873 -47.59236 77.31391 -0.00887261 1.21754964 -0.00389544
t 73
c 362.19799 -47.6004 72.26425 -0.00899485 1.21747804 -0.00403762
t 82
c 362.20725 -47.60844 67.2146 -0.00911708 1.21740644 -0.0041798
t 91
c 362.2165 -47.61648 62.16495 -0.00923932 1.21733483 -0.00432198
t 100
c 362.22576 -47.62452 57.11529 -0.00936156 1.21726323 -0.00446416
t 109
c 362.23502 -47.63257 52.06564 -0.0094838 1.21719163 -0.00460633
t 118
