c 326.0 0.0 334.0 0.0 0.33864805 0.0
c 326.0 0.0 334.0 0.0 0.33662392 0.0
c 326.0 0.0 334.0 0.0 0.33459979 0.0
c 326.0 0.0 334.0 0.0 0.33257566 0.0
c 326.0 0.0 334.0 0.0 0.33055153 0.0
c 326.0 0.0 334.0 0.0 0.3285274 0.0
c 326.0 0.0 334.0 0.0 0.32650328 0.0
c 326.0 0.0 334.0 0.0 0.32447915 0.0
c 326.0 0.0 334.0 0.0 0.32245502 0.0
c 326.0 0.0 334.0 0.0 0.32043089 0.0
c 326.0 0.0 334.0 0.0 0.31840676 0.0
c 326.0 0.0 334.0 0.0 0.31638263 0.0
c 326.0 0.0 334.0 0.0 0.3143585 0.0
c 326.0 0.0 334.0 0.0 0.31233437 0.0
c 326.0 0.0 334.0 0.0 0.31031024 0.0
c 326.0 0.0 334.0 0.0 0.30828611 0.0
c 326.0 0.0 334.0 0.0 0.30626199 0.0
c 326.0 0.0 334.0 0.0 0.30423786 0.0
c 326.0 0.0 334.0 0.0 0.30221373 0.0
c 326.0 0.0 334.0 0.0 0.3001896 0.0
c 326.0 0.0 334.0 0.0 0.29816547 0.0
c 326.0 0.0 334.0 0.0 0.29614134 0.0
c 326.0 0.0 334.0 0.0 0.29411721 0.0
c 326.0 0.0 334.0 0.0 0.29209308 0.0
c 326.0 0.0 334.0 0.0 0.29006895 0.0
c 326.0 0.0 334.0 0.0 0.28804482 0.0
c 326.0 0.0 334.0 0.0 0.2860207 0.0
c 326.0 0.0 334.0 0.0 0.28399657 0.0
c 326.0 0.0 334.0 0.0 0.28197244 0.0
c 326.0 0.0 334.0 0.0 0.27994831 0.0
c 326.0 0.0 334.0 0.0 0.27792418 0.0
c 326.0 0.0 334.0 0.0 0.27590005 0.0
c 326.0 0.0 334.0 0.0 0.27387592 0.0
c 326.0 0.0 334.0 0.0 0.27185179 0.0
c 326.0 0.0 334.0 0.0 0.26982766 0.0
c 326.0 0.0 334.0 0.0 0.26780353 0.0
c 326.0 0.0 334.0 0.0 0.2657794 0.0
c 326.0 0.0 334.0 0.0 0.26375528 0.0
c 326.0 0.0 334.0 0.0 0.26173115 0.0
c 326.0 0.0 334.0 0.0 0.25970702 0.0
c 326.0 0.0 334.0 0.0 0.25768289 0.0
c 326.0 0.0 334.0 0.0 0.25565876 0.0
c 326.0 0.0 334.0 0.0 0.25363463 0.0
c 326.0 0.0 334.0 0.0 0.2516105 0.0
c 326.0 0.0 334.0 0.0 0.24958637 0.0
c 326.0 0.0 334.0 0.0 0.24756224 0.0
c 326.0 0.0 334.0 0.0 0.24553811 0.0
c 326.0 0.0 334.0 0.0 0.24351399 0.0
c 326.0 0.0 334.0 0.0 0.24148986 0.0
c 326.0 0.0 334.0 0.0 0.23946573 0.0
c 326.0 0.0 334.0 0.0 0.2374416 0.0
c 326.0 0.0 334.0 0.0 0.23541747 0.0
c 326.0 0.0 334.0 0.0 0.23339334 0.0
c 326.0 0.0 334.0 0.0 0.23136921 0.0
c 326.0 0.0 334.0 0.0 0.22934508 0.0
c 326.0 0.0 334.0 0.0 0.22732095 0.0
c 326.0 0.0 334.0 0.0 0.22529682 0.0
c 326.0 0.0 334.0 0.0 0.2232727 0.0
c 326.0 0.0 334.0 0.0 0.22124857 0.0
c 326.0 0.0 334.0 0.0 0.21922444 0.0
c 326.0 0.0 334.0 0.0 0.21720031 0.0
c 326.0 0.0 334.0 0.0 0.21517618 0.0
c 326.0 0.0 334.0 0.0 0.21315205 0.0
c 326.0 0.0 334.0 0.0 0.21112792 0.0
c 326.0 0.0 334.0 0.0 0.20910379 0.0
c 326.0 0.0 334.0 0.0 0.20707966 0.0
c 326.0 0.0 334.0 0.0 0.20505553 0.0
c 326.0 0.0 334.0 0.0 0.20303141 0.0
c 326.0 0.0 334.0 0.0 0.20100728 0.0
c 326.0 0.0 334.0 0.0 0.19898315 0.0
c 326.0 0.0 334.0 0.0 0.19695902 0.0
c 326.0 0.0 334.0 0.0 0.19493489 0.0
c 326.0 0.0 334.0 0.0 0.19291076 0.0
c 326.0 0.0 334.0 0.0 0.19088663 0.0
c 326.0 0.0 334.0 0.0 0.1888625 0.0
c 326.0 0.0 334.0 0.0 0.18683837 0.0
c 326.0 0.0 334.0 0.0 0.18481424 0.0
c 326.0 0.0 334.0 0.0 0.18279011 0.0
c 326.0 0.0 334.0 0.0 0.18076599 0.0
c 326.0 0.0 334.0 0.0 0.17874186 0.0
c 326.0 0.0 334.0 0.0 0.17671773 0.0
c 326.0 0.0 334.0 0.0 0.1746936 0.0
c 326.0 0.0 334.0 0.0 0.17266947 0.0
c 326.0 0.0 334.0 0.0 0.17064534 0.0
c 326.0 0.0 334.0 0.0 0.16862121 0.0
c 326.0 0.0 334.0 0.0 0.16659708 0.0
c 326.0 0.0 334.0 0.0 0.16457295 0.0
c 326.0 0.0 334.0 0.0 0.16254882 0.0
c 326.0 0.0 334.0 0.0 0.1605247 0.0
c 326.0 0.0 334.0 0.0 0.15850057 0.0
c 326.0 0.0 334.0 0.0 0.15647644 0.0
c 326.0 0.0 334.0 0.0 0.15445231 0.0
c 326.0 0.0 334.0 0.0 0.15242818 0.0
c 326.0 0.0 334.0 0.0 0.15040405 0.0
c 326.0 0.0 334.0 0.0 0.14837992 0.0
c 326.0 0.0 334.0 0.0 0.14635579 0.0
c 326.0 0.0 334.0 0.0 0.14433166 0.0
c 326.0 0.0 334.0 0.0 0.14230753 0.0
c 326.0 0.0 334.0 0.0 0.14028341 0.0
c 326.0 0.0 334.0 0.0 0.13825928 0.0
c 326.0 0.0 334.0 0.0 0.13623515 0.0
c 326.0 0.0 334.0 0.0 0.13421102 0.0
c 326.0 0.0 334.0 0.0 0.13218689 0.0
c 326.0 0.0 334.0 0.0 0.13016276 0.0
c 326.0 0.0 334.0 0.0 0.12813863 0.0
c 326.0 0.0 334.0 0.0 0.1261145 0.0
c 326.0 0.0 334.0 0.0 0.12409037 0.0
c 326.0 0.0 334.0 0.0 0.12206624 0.0
c 326.0 0.0 334.0 0.0 0.12004212 0.0
c 326.0 0.0 334.0 0.0 0.11801799 0.0
c 326.0 0.0 334.0 0.0 0.11599386 0.0
c 326.0 0.0 334.0 0.0 0.11396973 0.0
c 326.0 0.0 334.0 0.0 0.1119456 0.0
c 326.0 0.0 334.0 0.0 0.10992147 0.0
c 326.0 0.0 334.0 0.0 0.10789734 0.0
c 326.0 0.0 334.0 0.0 0.10587321 0.0
c 326.0 0.0 334.0 0.0 0.10384908 0.0
c 326.0 0.0 334.0 0.0 0.10182495 0.0
c 326.0 0.0 334.0 0.0 0.09980082 0.0
c 326.0 0.0 334.0 0.0 0.0977767 0.0
c 326.0 0.0 334.0 0.0 0.09575257 0.0
c 326.0 0.0 334.0 0.0 0.09372844 0.0
c 326.0 0.0 334.0 0.0 0.09170431 0.0
c 326.0 0.0 334.0 0.0 0.08968018 0.0
c 326.0 0.0 334.0 0.0 0.08765605 0.0
c 326.0 0.0 334.0 0.0 0.08563192 0.0
c 326.0 0.0 334.0 0.0 0.08360779 0.0
c 326.0 0.0 334.0 0.0 0.08158366 0.0
c 326.0 0.0 334.0 0.0 0.07955953 0.0
c 326.0 0.0 334.0 0.0 0.07753541 0.0
c 326.0 0.0 334.0 0.0 0.07551128 0.0
c 326.0 0.0 334.0 0.0 0.07348715 0.0
c 326.0 0.0 334.0 0.0 0.07146302 0.0
c 326.0 0.0 334.0 0.0 0.06943889 0.0
c 326.0 0.0 334.0 0.0 0.06741476 0.0
c 326.0 0.0 334.0 0.0 0.06539063 0.0
c 326.0 0.0 334.0 0.0 0.0633665 0.0
c 326.0 0.0 334.0 0.0 0.06134237 0.0
c 326.0 0.0 334.0 0.0 0.05931824 0.0
c 326.0 0.0 334.0 0.0 0.05729412 0.0
c 326.0 0.0 334.0 0.0 0.05526999 0.0
c 326.0 0.0 334.0 0.0 0.05324586 0.0
c 326.0 0.0 334.0 0.0 0.05122173 0.0
c 326.0 0.0 334.0 0.0 0.0491976 0.0
c 326.0 0.0 334.0 0.0 0.04717347 0.0
c 326.0 0.0 334.0 0.0 0.04514934 0.0
c 326.0 0.0 334.0 0.0 0.04312521 0.0
c 326.0 0.0 334.0 0.0 0.04110108 0.0
c 326.0 0.0 334.0 0.0 0.03907695 0.0
c 326.0 0.0 334.0 0.0 0.03705282 0.0
c 326.0 0.0 334.0 0.0 0.0350287 0.0
c 326.0 0.0 334.0 0.0 0.03300457 0.0
c 326.0 0.0 334.0 0.0 0.03098044 0.0
c 326.0 0.0 334.0 0.0 0.02895631 0.0
c 326.0 0.0 334.0 0.0 0.02693218 0.0
c 326.0 0.0 334.0 0.0 0.02490805 0.0
c 326.0 0.0 334.0 0.0 0.02288392 0.0
c 326.0 0.0 334.0 0.0 0.02085979 0.0
c 326.0 0.0 334.0 0.0 0.01883566 0.0
c 326.0 0.0 334.0 0.0 0.01681153 0.0
c 326.0 0.0 334.0 0.0 0.01478741 0.0
c 326.0 0.0 334.0 0.0 0.01276328 0.0
c 326.0 0.0 334.0 0.0 0.01073915 0.0
c 326.0 0.0 334.0 0.0 0.00871502 0.0
c 326.0 0.0 334.0 0.0 0.00669089 0.0
c 326.0 0.0 334.0 0.0 0.00466676 0.0
c 326.0 0.0 334.0 0.0 0.00264263 0.0
c 326.0 0.0 334.0 0.0 0.0006185 0.0
c 326.0 0.0 334.0 0.0 -0.00140563 0.0
c 326.0 0.0 334.0 0.0 -0.00342976 0.0
c 326.0 0.0 334.0 0.0 -0.00545388 0.0
c 326.0 0.0 334.0 0.0 -0.00747801 0.0
c 326.0 0.0 334.0 0.0 -0.00950214 0.0
c 326.0 0.0 334.0 0.0 -0.01152627 0.0
c 326.0 0.0 334.0 0.0 -0.0135504 0.0
c 326.0 0.0 334.0 0.0 -0.01557453 0.0
c 326.0 0.0 334.0 0.0 -0.01759866 0.0
c 326.0 0.0 334.0 0.0 -0.01962279 0.0
c 326.0 0.0 334.0 0.0 -0.02164692 0.0
c 326.0 0.0 334.0 0.0 -0.02367105 0.0
c 326.0 0.0 334.0 0.0 -0.02569517 0.0
c 326.0 0.0 334.0 0.0 -0.0277193 0.0
c 326.0 0.0 334.0 0.0 -0.02974343 0.0
c 326.0 0.0 334.0 0.0 -0.03176756 0.0
c 326.0 0.0 334.0 0.0 -0.03379169 0.0
c 326.0 0.0 334.0 0.0 -0.03581582 0.0
c 326.0 0.0 334.0 0.0 -0.03783995 0.0
c 326.0 0.0 334.0 0.0 -0.03986408 0.0
c 326.0 0.0 334.0 0.0 -0.04188821 0.0
c 326.0 0.0 334.0 0.0 -0.04391234 0.0
c 326.0 0.0 334.0 0.0 -0.04593647 0.0
c 326.0 0.0 334.0 0.0 -0.04796059 0.0
c 326.0 0.0 334.0 0.0 -0.04998472 0.0
c 326.0 0.0 334.0 0.0 -0.05200885 0.0
c 326.0 0.0 334.0 0.0 -0.05403298 0.0
c 326.0 0.0 334.0 0.0 -0.05605711 0.0
c 326.0 0.0 334.0 0.0 -0.05808124 0.0
c 326.0 0.0 334.0 0.0 -0.06010537 0.0
c 326.0 0.0 334.0 0.0 -0.0621295 0.0
c 326.0 0.0 334.0 0.0 -0.06415363 0.0
c 326.0 0.0 334.0 0.0 -0.06617776 0.0
c 326.0 0.0 334.0 0.0 -0.06820188 0.0
c 326.0 0.0 334.0 0.0 -0.07022601 0.0
c 326.0 0.0 334.0 0.0 -0.07225014 0.0
c 326.0 0.0 334.0 0.0 -0.07427427 0.0
c 326.0 0.0 334.0 0.0 -0.0762984 0.0
c 326.0 0.0 334.0 0.0 -0.07832253 0.0
c 326.0 0.0 334.0 0.0 -0.08034666 0.0
c 326.0 0.0 334.0 0.0 -0.08237079 0.0
c 326.0 0.0 334.0 0.0 -0.08439492 0.0
c 326.0 0.0 334.0 0.0 -0.08641905 0.0
c 326.0 0.0 334.0 0.0 -0.08844317 0.0
c 326.0 0.0 334.0 0.0 -0.0904673 0.0
c 326.0 0.0 334.0 0.0 -0.09249143 0.0
c 326.0 0.0 334.0 0.0 -0.09451556 0.0
c 326.0 0.0 334.0 0.0 -0.09653969 0.0
c 326.0 0.0 334.0 0.0 -0.09856382 0.0
c 326.0 0.0 334.0 0.0 -0.10058795 0.0
c 326.0 0.0 334.0 0.0 -0.10261208 0.0
c 326.0 0.0 334.0 0.0 -0.10463621 0.0
c 326.0 0.0 334.0 0.0 -0.10666034 0.0
c 326.0 0.0 334.0 0.0 -0.10868447 0.0
c 326.0 0.0 334.0 0.0 -0.11070859 0.0
c 326.0 0.0 334.0 0.0 -0.11273272 0.0
c 326.0 0.0 334.0 0.0 -0.11475685 0.0
c 326.0 0.0 334.0 0.0 -0.11678098 0.0
c 326.0 0.0 334.0 0.0 -0.11880511 0.0
c 326.0 0.0 334.0 0.0 -0.12082924 0.0
c 326.0 0.0 334.0 0.0 -0.12285337 0.0
c 326.0 0.0 334.0 0.0 -0.1248775 0.0
c 326.0 0.0 334.0 0.0 -0.12690163 0.0
c 326.0 0.0 334.0 0.0 -0.12892576 0.0
c 326.0 0.0 334.0 0.0 -0.13094988 0.0
c 326.0 0.0 334.0 0.0 -0.13297401 0.0
c 326.0 0.0 334.0 0.0 -0.13499814 0.0
c 326.0 0.0 334.0 0.0 -0.13702227 0.0
c 326.0 0.0 334.0 0.0 -0.1390464 0.0
c 326.0 0.0 334.0 0.0 -0.14107053 0.0
c 326.0 0.0 334.0 0.0 -0.14309466 0.0
c 326.0 0.0 334.0 0.0 -0.14511879 0.0
c 326.0 0.0 334.0 0.0 -0.14714292 0.0
c 326.0 0.0 334.0 0.0 -0.14916705 0.0
c 326.0 0.0 334.0 0.0 -0.15119117 0.0
c 326.0 0.0 334.0 0.0 -0.1532153 0.0
c 326.0 0.0 334.0 0.0 -0.15523943 0.0
c 326.0 0.0 334.0 0.0 -0.15726356 0.0
c 326.0 0.0 334.0 0.0 -0.15928769 0.0
c 326.0 0.0 334.0 0.0 -0.16131182 0.0
c 326.0 0.0 334.0 0.0 -0.16333595 0.0
c 326.0 0.0 334.0 0.0 -0.16536008 0.0
c 326.0 0.0 334.0 0.0 -0.16738421 0.0
c 326.0 0.0 334.0 0.0 -0.16940834 0.0
c 326.0 0.0 334.0 0.0 -0.17143246 0.0
c 326.0 0.0 334.0 0.0 -0.17345659 0.0
c 326.0 0.0 334.0 0.0 -0.17548072 0.0
c 326.0 0.0 334.0 0.0 -0.17750485 0.0
c 326.0 0.0 334.0 0.0 -0.17952898 0.0
c 326.0 0.0 334.0 0.0 -0.18155311 0.0
c 326.0 0.0 334.0 0.0 -0.18357724 0.0
c 326.0 0.0 334.0 0.0 -0.18560137 0.0
c 326.0 0.0 334.0 0.0 -0.1876255 0.0
c 326.0 0.0 334.0 0.0 -0.18964963 0.0
c 326.0 0.0 334.0 0.0 -0.19167376 0.0
c 326.0 0.0 334.0 0.0 -0.19369788 0.0
c 326.0 0.0 334.0 0.0 -0.19572201 0.0
c 326.0 0.0 334.0 0.0 -0.19774614 0.0
c 326.0 0.0 334.0 0.0 -0.19977027 0.0
c 326.0 0.0 334.0 0.0 -0.2017944 0.0
c 326.0 0.0 334.0 0.0 -0.20381853 0.0
c 326.0 0.0 334.0 0.0 -0.20584266 0.0
c 326.0 0.0 334.0 0.0 -0.20786679 0.0
c 326.0 0.0 334.0 0.0 -0.20989092 0.0
c 326.0 0.0 334.0 0.0 -0.21191505 0.0
c 326.0 0.0 334.0 0.0 -0.21393917 0.0
c 326.0 0.0 334.0 0.0 -0.2159633 0.0
c 326.0 0.0 334.0 0.0 -0.21798743 0.0
c 326.0 0.0 334.0 0.0 -0.22001156 0.0
c 326.0 0.0 334.0 0.0 -0.22203569 0.0
c 326.0 0.0 334.0 0.0 -0.22405982 0.0
c 326.0 0.0 334.0 0.0 -0.22608395 0.0
c 326.0 0.0 334.0 0.0 -0.22810808 0.0
c 326.0 0.0 334.0 0.0 -0.23013221 0.0
c 326.0 0.0 334.0 0.0 -0.23215634 0.0
c 326.0 0.0 334.0 0.0 -0.23418046 0.0
c 326.0 0.0 334.0 0.0 -0.23620459 0.0
c 326.0 0.0 334.0 0.0 -0.23822872 0.0
c 326.0 0.0 334.0 0.0 -0.24025285 0.0
c 326.0 0.0 334.0 0.0 -0.24227698 0.0
c 326.0 0.0 334.0 0.0 -0.24430111 0.0
c 326.0 0.0 334.0 0.0 -0.24632524 0.0
c 326.0 0.0 334.0 0.0 -0.24834937 0.0
c 326.0 0.0 334.0 0.0 -0.2503735 0.0
c 326.0 0.0 334.0 0.0 -0.25239763 0.0
c 326.0 0.0 334.0 0.0 -0.25442176 0.0
c 326.0 0.0 334.0 0.0 -0.25644588 0.0
c 326.0 0.0 334.0 0.0 -0.25847001 0.0
c 326.0 0.0 334.0 0.0 -0.26049414 0.0
c 326.0 0.0 334.0 0.0 -0.26251827 0.0
c 326.0 0.0 334.0 0.0 -0.2645424 0.0
c 326.0 0.0 334.0 0.0 -0.26656653 0.0
c 326.0 0.0 334.0 0.0 -0.26859066 0.0
c 326.0 0.0 334.0 0.0 -0.27061479 0.0
c 326.0 0.0 334.0 0.0 -0.27263892 0.0
c 326.0 0.0 334.0 0.0 -0.27466305 0.0
c 326.0 0.0 334.0 0.0 -0.27668717 0.0
c 326.0 0.0 334.0 0.0 -0.2787113 0.0
c 326.0 0.0 334.0 0.0 -0.28073543 0.0
c 326.0 0.0 334.0 0.0 -0.28275956 0.0
c 326.0 0.0 334.0 0.0 -0.28478369 0.0
c 326.0 0.0 334.0 0.0 -0.28680782 0.0
c 326.0 0.0 334.0 0.0 -0.28883195 0.0
c 326.0 0.0 334.0 0.0 -0.29085608 0.0
c 326.0 0.0 334.0 0.0 -0.29288021 0.0
c 326.0 0.0 334.0 0.0 -0.29490434 0.0
c 326.0 0.0 334.0 0.0 -0.29692846 0.0
c 326.0 0.0 334.0 0.0 -0.29895259 0.0
c 326.0 0.0 334.0 0.0 -0.30097672 0.0
c 326.0 0.0 334.0 0.0 -0.30300085 0.0
c 326.0 0.0 334.0 0.0 -0.30502498 0.0
c 326.0 0.0 334.0 0.0 -0.30704911 0.0
c 326.0 0.0 334.0 0.0 -0.30907324 0.0
c 326.0 0.0 334.0 0.0 -0.31109737 0.0
c 326.0 0.0 334.0 0.0 -0.3131215 0.0
c 326.0 0.0 334.0 0.0 -0.31514563 0.0
c 326.0 0.0 334.0 0.0 -0.31716975 0.0
c 326.0 0.0 334.0 0.0 -0.31919388 0.0
c 326.0 0.0 334.0 0.0 -0.32121801 0.0
c 326.0 0.0 334.0 0.0 -0.32324214 0.0
c 326.0 0.0 334.0 0.0 -0.32526627 0.0
c 326.0 0.0 334.0 0.0 -0.3272904 0.0
c 326.0 0.0 334.0 0.0 -0.32931453 0.0
c 326.0 0.0 334.0 0.0 -0.33133866 0.0
c 326.0 0.0 334.0 0.0 -0.33336279 0.0
c 326.0 0.0 334.0 0.0 -0.33538692 0.0
c 326.0 0.0 334.0 0.0 -0.33741105 0.0
c 326.0 0.0 334.0 0.0 -0.33943517 0.0
c 326.0 0.0 334.0 0.0 -0.3414593 0.0
c 326.0 0.0 334.0 0.0 -0.34348343 0.0
c 326.0 0.0 334.0 0.0 -0.34550756 0.0
c 326.0 0.0 334.0 0.0 -0.34753169 0.0
c 326.0 0.0 334.0 0.0 -0.34955582 0.0
c 326.0 0.0 334.0 0.0 -0.35157995 0.0
c 326.0 0.0 334.0 0.0 -0.35360408 0.0
c 326.0 0.0 334.0 0.0 -0.35562821 0.0
c 326.0 0.0 334.0 0.0 -0.35765234 0.0
c 326.0 0.0 334.0 0.0 -0.35967646 0.0
c 326.0 0.0 334.0 0.0 -0.36170059 0.0
c 326.0 0.0 334.0 0.0 -0.36372472 0.0
c 326.0 0.0 334.0 0.0 -0.36574885 0.0
c 326.0 0.0 334.0 0.0 -0.36777298 0.0
c 326.0 0.0 334.0 0.0 -0.36979711 0.0
c 326.0 0.0 334.0 0.0 -0.37182124 0.0
c 326.0 0.0 334.0 0.0 -0.37384537 0.0
c 326.0 0.0 334.0 0.0 -0.3758695 0.0
c 326.0 0.0 334.0 0.0 -0.37789363 0.0
c 326.0 0.0 334.0 0.0 -0.37991775 0.0
c 326.0 0.0 334.0 0.0 -0.38194188 0.0
c 326.0 0.0 334.0 0.0 -0.38396601 0.0
c 326.0 0.0 334.0 0.0 -0.38599014 0.0
c 326.0 0.0 334.0 0.0 -0.38801427 0.0
c 326.0 0.0 334.0 0.0 -0.3900384 0.0
