c 313.54256 -56.9128 23.5065 -0.00717203 1.40410795 0.09370654
t 139
c 313.54256 -56.9128 23.5065 -0.00717203 1.40410795 0.09370654
t 138
c 313.54256 -56.9128 23.5065 -0.00717203 1.40410795 0.09370654
t 137
c 313.54256 -56.9128 23.5065 -0.00717203 1.40410795 0.09370654
t 136
c 313.54256 -56.9128 23.5065 -0.00717203 1.40410795 0.09370654
t 135
c 313.54256 -56.9128 23.5065 -0.00717203 1.40410795 0.09370654
t 134
c 313.54256 -56.9128 23.5065 -0.00717203 1.40410795 0.09370654
t 133
c 313.54256 -56.9128 23.5065 -0.00717203 1.40410795 0.09370654
t 132
c 313.54256 -56.9128 23.5065 -0.00717203 1.40410795 0.09370654
t 131
c 313.54256 -56.9128 23.5065 -0.00717203 1.40410795 0.09370654
t 130
c 313.54256 -56.9128 23.5065 -0.00717203 1.40410795 0.09370654
t 129
c 313.54256 -56.9128 23.5065 -0.00717203 1.40410795 0.09370654
t 128
c 313.54256 -56.9128 23.5065 -0.00717203 1.40410795 0.09370654
t 127
c 313.54256 -56.9128 23.5065 -0.00717203 1.40410795 0.09370654
t 126
c 313.54256 -56.9128 23.5065 -0.00717203 1.40410795 0.09370654
t 125
c 313.54256 -56.9128 23.5065 -0.00717203 1.40410795 0.09370654
t 124
c 313.54256 -56.9128 23.5065 -0.00717203 1.40410795 0.09370654
t 122
c 313.54256 -56.9128 23.5065 -0.00717203 1.40410795 0.09370654
t 121
c 313.54256 -56.9128 23.5065 -0.00717203 1.40410795 0.09370654
t 121
c 313.54256 -56.9128 23.5065 -0.00717203 1.40410795 0.09370654
t 120
c 313.54256 -56.9128 23.5065 -0.00717203 1.40410795 0.09370654
t 119
c 313.54256 -56.9128 23.5065 -0.00717203 1.40410795 0.09370654
t 117
c 313.54256 -56.9128 23.5065 -0.00717203 1.40410795 0.09370654
t 117
c 313.54256 -56.9128 23.5065 -0.00717203 1.40410795 0.09370654
t 116
c 313.54256 -56.9128 23.5065 -0.00717203 1.40410795 0.09370654
t 114
c 313.54256 -56.9128 23.5065 -0.00717203 1.40410795 0.09370654
t 113
c 313.54256 -56.9128 23.5065 -0.00717203 1.40410795 0.09370654
t 112
c 313.54256 -56.9128 23.5065 -0.00717203 1.40410795 0.09370654
t 112
c 313.54256 -56.9128 23.5065 -0.00717203 1.40410795 0.09370654
t 110
c 313.54256 -56.9128 23.5065 -0.00717203 1.40410795 0.09370654
t 109
c 313.54256 -56.9128 23.5065 -0.00717203 1.40410795 0.09370654
t 109
c 313.54256 -56.9128 23.5065 -0.00717203 1.40410795 0.09370654
t 107
c 313.54256 -56.9128 23.5065 -0.00717203 1.40410795 0.09370654
t 106
c 313.54256 -56.9128 23.5065 -0.00717203 1.40410795 0.09370654
t 105
c 313.54256 -56.9128 23.5065 -0.00717203 1.40410795 0.09370654
t 104
c 313.54256 -56.9128 23.5065 -0.00717203 1.40410795 0.09370654
t 104
c 313.54256 -56.9128 23.5065 -0.00717203 1.40410795 0.09370654
t 102
c 313.54256 -56.9128 23.5065 -0.00717203 1.40410795 0.09370654
t 101
c 313.54256 -56.9128 23.5065 -0.00717203 1.40410795 0.09370654
t 100
c 313.54256 -56.9128 23.5065 -0.00717203 1.40410795 0.09370654
t 99
c 313.54256 -56.9128 23.5065 -0.00717203 1.40410795 0.09370654
t 98
c 313.54256 -56.9128 23.5065 -0.00717203 1.40410795 0.09370654
t 97
c 313.54256 -56.9128 23.5065 -0.00717203 1.40410795 0.09370654
t 97
c 313.54256 -56.9128 23.5065 -0.00717203 1.40410795 0.09370654
t 96
c 313.54256 -56.9128 23.5065 -0.00717203 1.40410795 0.09370654
t 95
c 313.54256 -56.9128 23.5065 -0.00717203 1.40410795 0.09370654
t 94
c 313.54256 -56.9128 23.5065 -0.00717203 1.40410795 0.09370654
t 93
c 313.54256 -56.9128 23.5065 -0.00717203 1.40410795 0.09370654
t 92
c 313.54256 -56.9128 23.5065 -0.00717203 1.40410795 0.09370654
t 91
c 313.54256 -56.9128 23.5065 -0.00717203 1.40410795 0.09370654
t 90
c 313.54256 -56.9128 23.5065 -0.00717203 1.40410795 0.09370654
t 89
c 313.54256 -56.9128 23.5065 -0.00717203 1.40410795 0.09370654
t 88
c 313.54256 -56.9128 23.5065 -0.00717203 1.40410795 0.09370654
t 87
c 313.54256 -56.9128 23.5065 -0.00717203 1.40410795 0.09370654
t 86
c 313.54256 -56.9128 23.5065 -0.00717203 1.40410795 0.09370654
t 85
c 313.54256 -56.9128 23.5065 -0.00717203 1.40410795 0.09370654
t 84
c 313.54256 -56.9128 23.5065 -0.00717203 1.40410795 0.09370654
t 83
c 313.54256 -56.9128 23.5065 -0.00717203 1.40410795 0.09370654
t 82
c 313.54256 -56.9128 23.5065 -0.00717203 1.40410795 0.09370654
t 81
c 313.54256 -56.9128 23.5065 -0.00717203 1.40410795 0.09370654
t 80
c 313.54256 -56.9128 23.5065 -0.00717203 1.40410795 0.09370654
t 79
c 313.54256 -56.9128 23.5065 -0.00717203 1.40410795 0.09370654
t 78
c 313.54256 -56.9128 23.5065 -0.00717203 1.40410795 0.09370654
t 77
c 313.54256 -56.9128 23.5065 -0.00717203 1.40410795 0.09370654
t 76
c 313.54256 -56.9128 23.5065 -0.00717203 1.40410795 0.09370654
t 75
c 313.54256 -56.9128 23.5065 -0.00717203 1.40410795 0.09370654
t 74
c 313.54256 -56.9128 23.5065 -0.00717203 1.40410795 0.09370654
t 73
c 313.54256 -56.9128 23.5065 -0.00717203 1.40410795 0.09370654
t 72
c 313.54256 -56.9128 23.5065 -0.00717203 1.40410795 0.09370654
t 71
c 313.54256 -56.9128 23.5065 -0.00717203 1.40410795 0.09370654
t 70
c 313.54256 -56.9128 23.5065 -0.00717203 1.40410795 0.09370654
t 69
c 313.54256 -56.9128 23.5065 -0.00717203 1.40410795 0.09370654
t 68
c 313.54256 -56.9128 23.5065 -0.00717203 1.40410795 0.09370654
t 67
c 313.54256 -56.9128 23.5065 -0.00717203 1.40410795 0.09370654
t 66
c 313.54256 -56.9128 23.5065 -0.00717203 1.40410795 0.09370654
t 65
c 313.54256 -56.9128 23.5065 -0.00717203 1.40410795 0.09370654
t 64
c 313.54256 -56.9128 23.5065 -0.00717203 1.40410795 0.09370654
t 63
c 313.54256 -56.9128 23.5065 -0.00717203 1.40410795 0.09370654
t 62
c 313.54256 -56.9128 23.5065 -0.00717203 1.40410795 0.09370654
t 61
c 313.54256 -56.9128 23.5065 -0.00717203 1.40410795 0.09370654
t 61
c 313.54153 -56.91491 28.00123 -0.00726734 1.40411935 0.0936423
t 61
c 313.54051 -56.91703 32.49597 -0.00736264 1.40413075 0.09357806
t 61
c 313.53949 -56.91915 36.9907 -0.00745795 1.40414215 0.09351382
t 61
c 313.53847 -56.92126 41.48543 -0.00755325 1.40415355 0.09344958
t 61
c 313.53745 -56.92338 45.98016 -0.00764856 1.40416495 0.09338533
t 61
c 313.53643 -56.9255 50.4749 -0.00774386 1.40417635 0.09332109
t 61
c 313.5354 -56.92761 54.96963 -0.00783917 1.40418775 0.09325685
t 61
c 313.53438 -56.92973 59.46436 -0.00793447 1.40419915 0.09319261
t 61
c 313.53438 -56.92973 59.46436 -0.00793447 1.40419915 0.09319261
t 61
c 313.53008 -52.86419 59.45947 -0.00794816 1.40422623 0.09317318
t 61
c 313.52578 -48.79865 59.45459 -0.00796185 1.40425332 0.09315375
t 61
c 313.52147 -44.73311 59.4497 -0.00797554 1.40428041 0.09313432
t 61
c 313.51717 -40.66758 59.44481 -0.00798923 1.4043075 0.09311489
t 61
c 313.51287 -36.60204 59.43992 -0.00800292 1.40433458 0.09309546
t 61
c 313.50857 -32.5365 59.43504 -0.0080166 1.40436167 0.09307603
t 61
c 313.50426 -28.47096 59.43015 -0.00803029 1.40438876 0.0930566
t 61
c 313.49996 -24.40542 59.42526 -0.00804398 1.40441585 0.09303718
t 61
c 313.49566 -20.33988 59.42037 -0.00805767 1.40444294 0.09301775
t 61
c 313.49136 -16.27434 59.41549 -0.00807136 1.40447002 0.09299832
t 61
c 313.48705 -12.2088 59.4106 -0.00808505 1.40449711 0.09297889
t 61
c 313.48275 -8.14327 59.40571 -0.00809874 1.4045242 0.09295946
t 61
c 313.47845 -4.07773 59.40082 -0.00811242 1.40455129 0.09294003
t 61
c 313.47415 -0.01219 59.39593 -0.00812611 1.40457837 0.0929206
t 61
c 313.46984 4.05335 59.39105 -0.0081398 1.40460546 0.09290117
t 61
c 313.46554 8.11889 59.38616 -0.00815349 1.40463255 0.09288175
t 61
c 313.46124 12.18443 59.38127 -0.00816718 1.40465964 0.09286232
t 61
c 313.45694 16.24997 59.37638 -0.00818087 1.40468672 0.09284289
t 61
c 313.45263 20.31551 59.3715 -0.00819456 1.40471381 0.09282346
t 61
c 313.44833 24.38104 59.36661 -0.00820824 1.4047409 0.09280403
t 61
c 313.44403 28.44658 59.36172 -0.00822193 1.40476799 0.0927846
t 61
c 313.43973 32.51212 59.35683 -0.00823562 1.40479507 0.09276517
t 61
c 313.43542 36.57766 59.35194 -0.00824931 1.40482216 0.09274574
t 61
c 313.43112 40.6432 59.34706 -0.008263 1.40484925 0.09272632
t 61
c 313.42682 44.70874 59.34217 -0.00827669 1.40487634 0.09270689
t 61
c 313.42252 48.77428 59.33728 -0.00829037 1.40490342 0.09268746
t 61
c 313.41821 52.83982 59.33239 -0.00830406 1.40493051 0.09266803
t 61
c 313.41391 56.90535 59.32751 -0.00831775 1.4049576 0.0926486
t 61
c 313.40961 60.97089 59.32262 -0.00833144 1.40498469 0.09262917
t 61
c 313.40531 65.03643 59.31773 -0.00834513 1.40501177 0.09260974
t 61
c 313.401 69.10197 59.31284 -0.00835882 1.40503886 0.09259031
t 61
c 313.3967 73.16751 59.30796 -0.00837251 1.40506595 0.09257088
t 61
c 313.3924 77.23305 59.30307 -0.00838619 1.40509304 0.09255146
t 61
c 313.3881 81.29859 59.29818 -0.00839988 1.40512013 0.09253203
t 61
c 313.38379 85.36412 59.29329 -0.00841357 1.40514721 0.0925126
t 61
c 313.37949 89.42966 59.2884 -0.00842726 1.4051743 0.09249317
t 61
c 313.37519 93.4952 59.28352 -0.00844095 1.40520139 0.09247374
t 61
c 313.37089 97.56074 59.27863 -0.00845464 1.40522848 0.09245431
t 61
c 313.36658 101.62628 59.27374 -0.00846832 1.40525556 0.09243488
t 61
c 313.36228 105.69182 59.26885 -0.00848201 1.40528265 0.09241545
t 61
c 313.35798 109.75736 59.26397 -0.0084957 1.40530974 0.09239603
t 61
c 313.35368 113.8229 59.25908 -0.00850939 1.40533683 0.0923766
t 61
c 313.34937 117.88843 59.25419 -0.00852308 1.40536391 0.09235717
t 61
c 313.34507 121.95397 59.2493 -0.00853677 1.405391 0.09233774
t 61
c 313.34077 126.01951 59.24441 -0.00855046 1.40541809 0.09231831
t 61
c 313.33647 130.08505 59.23953 -0.00856414 1.40544518 0.09229888
t 61
c 313.33216 134.15059 59.23464 -0.00857783 1.40547226 0.09227945
t 61
c 313.33216 134.15059 59.23464 -0.00857783 1.40547226 0.09227945
t 61
c 313.32246 134.15021 55.2114 -0.00852397 1.40552719 0.09230501
t 60
c 313.31275 134.14983 51.18817 -0.0084701 1.40558212 0.09233056
t 60
c 313.30304 134.14945 47.16494 -0.00841623 1.40563705 0.09235612
t 60
c 313.29334 134.14907 43.1417 -0.00836237 1.40569197 0.09238167
t 60
c 313.28363 134.14869 39.11847 -0.0083085 1.4057469 0.09240723
t 60
c 313.27392 134.14831 35.09523 -0.00825463 1.40580183 0.09243278
t 60
c 313.26422 134.14793 31.072 -0.00820077 1.40585676 0.09245834
t 60
c 313.25451 134.14755 27.04876 -0.0081469 1.40591168 0.0924839
t 60
c 313.2448 134.14717 23.02553 -0.00809303 1.40596661 0.09250945
t 60
c 313.2351 134.14679 19.00229 -0.00803917 1.40602154 0.09253501
t 60
c 313.2351 134.14679 19.00229 -0.00803917 1.40602154 0.09253501
t 60
c 313.2351 134.14679 19.00229 -0.00803917 1.40602154 0.09253501
t 61
c 313.2351 134.14679 19.00229 -0.00803917 1.40602154 0.09253501
t 61
c 313.2351 134.14679 19.00229 -0.00803917 1.40602154 0.09253501
t 63
c 313.2351 134.14679 19.00229 -0.00803917 1.40602154 0.09253501
t 64
c 313.2351 134.14679 19.00229 -0.00803917 1.40602154 0.09253501
t 65
c 313.2351 134.14679 19.00229 -0.00803917 1.40602154 0.09253501
t 66
c 313.2351 134.14679 19.00229 -0.00803917 1.40602154 0.09253501
t 67
c 313.2351 134.14679 19.00229 -0.00803917 1.40602154 0.09253501
t 68
c 313.2351 134.14679 19.00229 -0.00803917 1.40602154 0.09253501
t 69
c 313.2351 134.14679 19.00229 -0.00803917 1.40602154 0.09253501
t 70
c 313.2351 134.14679 19.00229 -0.00803917 1.40602154 0.09253501
t 71
c 313.2351 134.14679 19.00229 -0.00803917 1.40602154 0.09253501
t 72
c 313.2351 134.14679 19.00229 -0.00803917 1.40602154 0.09253501
t 73
c 313.2351 134.14679 19.00229 -0.00803917 1.40602154 0.09253501
t 74
c 313.2351 134.14679 19.00229 -0.00803917 1.40602154 0.09253501
t 75
c 313.2351 134.14679 19.00229 -0.00803917 1.40602154 0.09253501
t 76
c 313.2351 134.14679 19.00229 -0.00803917 1.40602154 0.09253501
t 77
c 313.2351 134.14679 19.00229 -0.00803917 1.40602154 0.09253501
t 78
c 313.2351 134.14679 19.00229 -0.00803917 1.40602154 0.09253501
t 79
c 313.2351 134.14679 19.00229 -0.00803917 1.40602154 0.09253501
t 80
c 313.2351 134.14679 19.00229 -0.00803917 1.40602154 0.09253501
t 81
c 313.2351 134.14679 19.00229 -0.00803917 1.40602154 0.09253501
t 82
c 313.2351 134.14679 19.00229 -0.00803917 1.40602154 0.09253501
t 83
c 313.2351 134.14679 19.00229 -0.00803917 1.40602154 0.09253501
t 84
c 313.2351 134.14679 19.00229 -0.00803917 1.40602154 0.09253501
t 85
c 313.2351 134.14679 19.00229 -0.00803917 1.40602154 0.09253501
t 86
c 313.2351 134.14679 19.00229 -0.00803917 1.40602154 0.09253501
t 87
c 313.2351 134.14679 19.00229 -0.00803917 1.40602154 0.09253501
t 88
c 313.2351 134.14679 19.00229 -0.00803917 1.40602154 0.09253501
t 89
c 313.2351 134.14679 19.00229 -0.00803917 1.40602154 0.09253501
t 90
c 313.2351 134.14679 19.00229 -0.00803917 1.40602154 0.09253501
t 91
c 313.2351 134.14679 19.00229 -0.00803917 1.40602154 0.09253501
t 92
c 313.2351 134.14679 19.00229 -0.00803917 1.40602154 0.09253501
t 93
c 313.2351 134.14679 19.00229 -0.00803917 1.40602154 0.09253501
t 94
c 313.2351 134.14679 19.00229 -0.00803917 1.40602154 0.09253501
t 95
c 313.2351 134.14679 19.00229 -0.00803917 1.40602154 0.09253501
t 96
c 313.2351 134.14679 19.00229 -0.00803917 1.40602154 0.09253501
t 97
c 313.2351 134.14679 19.00229 -0.00803917 1.40602154 0.09253501
t 98
c 313.2351 134.14679 19.00229 -0.00803917 1.40602154 0.09253501
t 99
c 313.2351 134.14679 19.00229 -0.00803917 1.40602154 0.09253501
t 100
c 313.2351 134.14679 19.00229 -0.00803917 1.40602154 0.09253501
t 101
c 313.2351 134.14679 19.00229 -0.00803917 1.40602154 0.09253501
t 102
c 313.2351 134.14679 19.00229 -0.00803917 1.40602154 0.09253501
t 103
c 313.2351 134.14679 19.00229 -0.00803917 1.40602154 0.09253501
t 104
c 313.2351 134.14679 19.00229 -0.00803917 1.40602154 0.09253501
t 105
c 313.2351 134.14679 19.00229 -0.00803917 1.40602154 0.09253501
t 106
c 313.2351 134.14679 19.00229 -0.00803917 1.40602154 0.09253501
t 107
c 313.2351 134.14679 19.00229 -0.00803917 1.40602154 0.09253501
t 108
c 313.2351 134.14679 19.00229 -0.00803917 1.40602154 0.09253501
t 109
c 313.2351 134.14679 19.00229 -0.00803917 1.40602154 0.09253501
t 110
c 313.2351 134.14679 19.00229 -0.00803917 1.40602154 0.09253501
t 111
c 313.2351 134.14679 19.00229 -0.00803917 1.40602154 0.09253501
t 112
c 313.2351 134.14679 19.00229 -0.00803917 1.40602154 0.09253501
t 113
c 313.2351 134.14679 19.00229 -0.00803917 1.40602154 0.09253501
t 114
c 313.2351 134.14679 19.00229 -0.00803917 1.40602154 0.09253501
t 115
c 313.2351 134.14679 19.00229 -0.00803917 1.40602154 0.09253501
t 116
c 313.2351 134.14679 19.00229 -0.00803917 1.40602154 0.09253501
t 117
c 313.2351 134.14679 19.00229 -0.00803917 1.40602154 0.09253501
t 118
c 313.2351 134.14679 19.00229 -0.00803917 1.40602154 0.09253501
t 119
c 313.2351 134.14679 19.00229 -0.00803917 1.40602154 0.09253501
t 120
c 313.2351 134.14679 19.00229 -0.00803917 1.40602154 0.09253501
t 121
c 313.2351 134.14679 19.00229 -0.00803917 1.40602154 0.09253501
t 122
c 313.2351 134.14679 19.00229 -0.00803917 1.40602154 0.09253501
t 123
c 313.2351 134.14679 19.00229 -0.00803917 1.40602154 0.09253501
t 124
c 313.2351 134.14679 19.00229 -0.00803917 1.40602154 0.09253501
t 125
c 313.2351 134.14679 19.00229 -0.00803917 1.40602154 0.09253501
t 126
c 313.2351 134.14679 19.00229 -0.00803917 1.40602154 0.09253501
t 127
c 313.2351 134.14679 19.00229 -0.00803917 1.40602154 0.09253501
t 128
c 313.2351 134.14679 19.00229 -0.00803917 1.40602154 0.09253501
t 129
c 313.2351 134.14679 19.00229 -0.00803917 1.40602154 0.09253501
t 130
c 313.2351 134.14679 19.00229 -0.00803917 1.40602154 0.09253501
t 131
c 313.2351 134.14679 19.00229 -0.00803917 1.40602154 0.09253501
t 132
c 313.2351 134.14679 19.00229 -0.00803917 1.40602154 0.09253501
t 133
c 313.2351 134.14679 19.00229 -0.00803917 1.40602154 0.09253501
t 134
c 313.2351 134.14679 19.00229 -0.00803917 1.40602154 0.09253501
t 135
c 313.2351 134.14679 19.00229 -0.00803917 1.40602154 0.09253501
t 136
c 313.2351 134.14679 19.00229 -0.00803917 1.40602154 0.09253501
t 137
c 313.2351 134.14679 19.00229 -0.00803917 1.40602154 0.09253501
t 138
c 313.2351 134.14679 19.00229 -0.00803917 1.40602154 0.09253501
t 139
c 313.2351 134.14679 19.00229 -0.00803917 1.40602154 0.09253501
t 140
c 313.2351 134.14679 19.00229 -0.00803917 1.40602154 0.09253501
t 141
c 313.2351 134.14679 19.00229 -0.00803917 1.40602154 0.09253501
t 142
c 313.2351 134.14679 19.00229 -0.00803917 1.40602154 0.09253501
t 142
c 313.2351 134.14679 19.00229 -0.00803917 1.40602154 0.09253501
t 141
c 313.2351 134.14679 19.00229 -0.00803917 1.40602154 0.09253501
t 140
c 313.2351 134.14679 19.00229 -0.00803917 1.40602154 0.09253501
t 139
c 313.2351 134.14679 19.00229 -0.00803917 1.40602154 0.09253501
t 138
c 313.2351 134.14679 19.00229 -0.00803917 1.40602154 0.09253501
t 137
c 313.2351 134.14679 19.00229 -0.00803917 1.40602154 0.09253501
t 136
c 313.2351 134.14679 19.00229 -0.00803917 1.40602154 0.09253501
t 135
c 313.2351 134.14679 19.00229 -0.00803917 1.40602154 0.09253501
t 134
c 313.2351 134.14679 19.00229 -0.00803917 1.40602154 0.09253501
t 133
c 313.2351 134.14679 19.00229 -0.00803917 1.40602154 0.09253501
t 132
c 313.2351 134.14679 19.00229 -0.00803917 1.40602154 0.09253501
t 130
c 313.2351 134.14679 19.00229 -0.00803917 1.40602154 0.09253501
t 130
c 313.2351 134.14679 19.00229 -0.00803917 1.40602154 0.09253501
t 129
c 313.2351 134.14679 19.00229 -0.00803917 1.40602154 0.09253501
t 127
c 313.2351 134.14679 19.00229 -0.00803917 1.40602154 0.09253501
t 127
c 313.2351 134.14679 19.00229 -0.00803917 1.40602154 0.09253501
t 126
c 313.2351 134.14679 19.00229 -0.00803917 1.40602154 0.09253501
t 125
c 313.2351 134.14679 19.00229 -0.00803917 1.40602154 0.09253501
t 124
c 313.2351 134.14679 19.00229 -0.00803917 1.40602154 0.09253501
t 122
c 313.2351 134.14679 19.00229 -0.00803917 1.40602154 0.09253501
t 121
c 313.2351 134.14679 19.00229 -0.00803917 1.40602154 0.09253501
t 121
c 313.2351 134.14679 19.00229 -0.00803917 1.40602154 0.09253501
t 119
c 313.2351 134.14679 19.00229 -0.00803917 1.40602154 0.09253501
t 118
c 313.2351 134.14679 19.00229 -0.00803917 1.40602154 0.09253501
t 117
c 313.2351 134.14679 19.00229 -0.00803917 1.40602154 0.09253501
t 117
c 313.2351 134.14679 19.00229 -0.00803917 1.40602154 0.09253501
t 115
c 313.2351 134.14679 19.00229 -0.00803917 1.40602154 0.09253501
t 114
c 313.2351 134.14679 19.00229 -0.00803917 1.40602154 0.09253501
t 113
c 313.2351 134.14679 19.00229 -0.00803917 1.40602154 0.09253501
t 112
c 313.2351 134.14679 19.00229 -0.00803917 1.40602154 0.09253501
t 111
c 313.2351 134.14679 19.00229 -0.00803917 1.40602154 0.09253501
t 110
c 313.2351 134.14679 19.00229 -0.00803917 1.40602154 0.09253501
t 109
c 313.2351 134.14679 19.00229 -0.00803917 1.40602154 0.09253501
t 108
c 313.2351 134.14679 19.00229 -0.00803917 1.40602154 0.09253501
t 107
c 313.2351 134.14679 19.00229 -0.00803917 1.40602154 0.09253501
t 106
c 313.2351 134.14679 19.00229 -0.00803917 1.40602154 0.09253501
t 105
c 313.2351 134.14679 19.00229 -0.00803917 1.40602154 0.09253501
t 104
c 313.2351 134.14679 19.00229 -0.00803917 1.40602154 0.09253501
t 103
c 313.2351 134.14679 19.00229 -0.00803917 1.40602154 0.09253501
t 102
c 313.2351 134.14679 19.00229 -0.00803917 1.40602154 0.09253501
t 101
c 313.2351 134.14679 19.00229 -0.00803917 1.40602154 0.09253501
t 100
c 313.2351 134.14679 19.00229 -0.00803917 1.40602154 0.09253501
t 99
c 313.2351 134.14679 19.00229 -0.00803917 1.40602154 0.09253501
t 98
c 313.2351 134.14679 19.00229 -0.00803917 1.40602154 0.09253501
t 97
c 313.2351 134.14679 19.00229 -0.00803917 1.40602154 0.09253501
t 96
c 313.2351 134.14679 19.00229 -0.00803917 1.40602154 0.09253501
t 96
c 313.2351 134.14679 19.00229 -0.00803917 1.40602154 0.09253501
t 95
c 313.2351 134.14679 19.00229 -0.00803917 1.40602154 0.09253501
t 94
c 313.2351 134.14679 19.00229 -0.00803917 1.40602154 0.09253501
t 93
c 313.2351 134.14679 19.00229 -0.00803917 1.40602154 0.09253501
t 92
c 313.2351 134.14679 19.00229 -0.00803917 1.40602154 0.09253501
t 91
c 313.2351 134.14679 19.00229 -0.00803917 1.40602154 0.09253501
t 90
c 313.2351 134.14679 19.00229 -0.00803917 1.40602154 0.09253501
t 89
c 313.2351 134.14679 19.00229 -0.00803917 1.40602154 0.09253501
t 88
c 313.2351 134.14679 19.00229 -0.00803917 1.40602154 0.09253501
t 87
c 313.2351 134.14679 19.00229 -0.00803917 1.40602154 0.09253501
t 86
c 313.2351 134.14679 19.00229 -0.00803917 1.40602154 0.09253501
t 85
c 313.2351 134.14679 19.00229 -0.00803917 1.40602154 0.09253501
t 84
c 313.2351 134.14679 19.00229 -0.00803917 1.40602154 0.09253501
t 83
c 313.2351 134.14679 19.00229 -0.00803917 1.40602154 0.09253501
t 82
c 313.2351 134.14679 19.00229 -0.00803917 1.40602154 0.09253501
t 81
c 313.2351 134.14679 19.00229 -0.00803917 1.40602154 0.09253501
t 80
c 313.2351 134.14679 19.00229 -0.00803917 1.40602154 0.09253501
t 79
c 313.2351 134.14679 19.00229 -0.00803917 1.40602154 0.09253501
t 78
c 313.2351 134.14679 19.00229 -0.00803917 1.40602154 0.09253501
t 77
c 313.2351 134.14679 19.00229 -0.00803917 1.40602154 0.09253501
t 76
c 313.2351 134.14679 19.00229 -0.00803917 1.40602154 0.09253501
t 75
c 313.2351 134.14679 19.00229 -0.00803917 1.40602154 0.09253501
t 74
c 313.2351 134.14679 19.00229 -0.00803917 1.40602154 0.09253501
t 73
c 313.2351 134.14679 19.00229 -0.00803917 1.40602154 0.09253501
t 72
c 313.2351 134.14679 19.00229 -0.00803917 1.40602154 0.09253501
t 71
c 313.2351 134.14679 19.00229 -0.00803917 1.40602154 0.09253501
t 70
c 313.2351 134.14679 19.00229 -0.00803917 1.40602154 0.09253501
t 69
c 313.2351 134.14679 19.00229 -0.00803917 1.40602154 0.09253501
t 68
c 313.2351 134.14679 19.00229 -0.00803917 1.40602154 0.09253501
t 67
c 313.2351 134.14679 19.00229 -0.00803917 1.40602154 0.09253501
t 66
c 313.2351 134.14679 19.00229 -0.00803917 1.40602154 0.09253501
t 65
c 313.2351 134.14679 19.00229 -0.00803917 1.40602154 0.09253501
t 64
c 313.2351 134.14679 19.00229 -0.00803917 1.40602154 0.09253501
t 63
c 313.2351 134.14679 19.00229 -0.00803917 1.40602154 0.09253501
t 63
c 313.2344 134.14529 23.19994 -0.00810017 1.406028 0.09248019
t 63
c 313.23371 134.14379 27.39758 -0.00816118 1.40603447 0.09242538
t 63
c 313.23302 134.14229 31.59523 -0.00822218 1.40604094 0.09237057
t 63
c 313.23233 134.14079 35.79287 -0.00828318 1.4060474 0.09231575
t 63
c 313.23164 134.13929 39.99052 -0.00834419 1.40605387 0.09226094
t 63
c 313.23095 134.13779 44.18816 -0.00840519 1.40606033 0.09220612
t 63
c 313.23026 134.13629 48.38581 -0.0084662 1.4060668 0.09215131
t 63
c 313.22957 134.13479 52.58345 -0.0085272 1.40607326 0.0920965
t 63
c 313.22887 134.13329 56.78109 -0.00858821 1.40607973 0.09204168
t 63
c 313.22887 134.13329 56.78109 -0.00858821 1.40607973 0.09204168
t 63
c 313.23049 130.11463 56.78109 -0.00848671 1.40606371 0.0921706
t 63
c 313.23211 126.09597 56.78109 -0.00838521 1.40604769 0.09229951
t 63
c 313.23373 122.07731 56.78109 -0.00828371 1.40603167 0.09242843
t 63
c 313.23535 118.05865 56.78109 -0.00818221 1.40601565 0.09255734
t 63
c 313.23697 114.04 56.78109 -0.00808072 1.40599963 0.09268625
t 63
c 313.23859 110.02134 56.78108 -0.00797922 1.40598361 0.09281517
t 63
c 313.2402 106.00268 56.78108 -0.00787772 1.40596759 0.09294408
t 63
c 313.24182 101.98402 56.78108 -0.00777622 1.40595157 0.093073
t 63
c 313.24344 97.96536 56.78108 -0.00767472 1.40593555 0.09320191
t 63
c 313.24506 93.9467 56.78108 -0.00757322 1.40591953 0.09333083
t 63
c 313.24668 89.92804 56.78108 -0.00747172 1.40590352 0.09345974
t 63
c 313.2483 85.90938 56.78107 -0.00737023 1.4058875 0.09358865
t 63
c 313.24991 81.89073 56.78107 -0.00726873 1.40587148 0.09371757
t 63
c 313.25153 77.87207 56.78107 -0.00716723 1.40585546 0.09384648
t 63
c 313.25315 73.85341 56.78107 -0.00706573 1.40583944 0.0939754
t 63
c 313.25477 69.83475 56.78107 -0.00696423 1.40582342 0.09410431
t 63
c 313.25639 65.81609 56.78107 -0.00686273 1.4058074 0.09423323
t 63
c 313.25801 61.79743 56.78106 -0.00676123 1.40579138 0.09436214
t 63
c 313.25963 57.77877 56.78106 -0.00665973 1.40577536 0.09449105
t 63
c 313.26124 53.76012 56.78106 -0.00655824 1.40575934 0.09461997
t 63
c 313.26286 49.74146 56.78106 -0.00645674 1.40574332 0.09474888
t 63
c 313.26448 45.7228 56.78106 -0.00635524 1.4057273 0.0948778
t 63
c 313.2661 41.70414 56.78106 -0.00625374 1.40571128 0.09500671
t 63
c 313.26772 37.68548 56.78105 -0.00615224 1.40569526 0.09513563
t 63
c 313.26934 33.66682 56.78105 -0.00605074 1.40567924 0.09526454
t 63
c 313.27095 29.64816 56.78105 -0.00594924 1.40566322 0.09539345
t 63
c 313.27257 25.62951 56.78105 -0.00584775 1.40564721 0.09552237
t 63
c 313.27419 21.61085 56.78105 -0.00574625 1.40563119 0.09565128
t 63
c 313.27581 17.59219 56.78105 -0.00564475 1.40561517 0.0957802
t 63
c 313.27743 13.57353 56.78104 -0.00554325 1.40559915 0.09590911
t 63
c 313.27905 9.55487 56.78104 -0.00544175 1.40558313 0.09603803
t 63
c 313.28066 5.53621 56.78104 -0.00534025 1.40556711 0.09616694
t 63
c 313.28228 1.51755 56.78104 -0.00523875 1.40555109 0.09629585
t 63
c 313.2839 -2.50111 56.78104 -0.00513726 1.40553507 0.09642477
t 63
c 313.28552 -6.51976 56.78104 -0.00503576 1.40551905 0.09655368
t 63
c 313.28714 -10.53842 56.78103 -0.00493426 1.40550303 0.0966826
t 63
c 313.28876 -14.55708 56.78103 -0.00483276 1.40548701 0.09681151
t 63
c 313.29038 -18.57574 56.78103 -0.00473126 1.40547099 0.09694043
t 63
c 313.29199 -22.5944 56.78103 -0.00462976 1.40545497 0.09706934
t 63
c 313.29361 -26.61306 56.78103 -0.00452826 1.40543895 0.09719825
t 63
c 313.29523 -30.63172 56.78103 -0.00442677 1.40542293 0.09732717
t 63
c 313.29685 -34.65037 56.78102 -0.00432527 1.40540691 0.09745608
t 63
c 313.29847 -38.66903 56.78102 -0.00422377 1.4053909 0.097585
t 63
c 313.30009 -42.68769 56.78102 -0.00412227 1.40537488 0.09771391
t 63
c 313.3017 -46.70635 56.78102 -0.00402077 1.40535886 0.09784283
t 63
c 313.30332 -50.72501 56.78102 -0.00391927 1.40534284 0.09797174
t 63
c 313.30332 -50.72501 56.78102 -0.00391927 1.40534284 0.09797174
t 63
c 313.07804 -50.73112 52.72203 -0.00382766 1.40535983 0.09802581
t 71
c 312.85276 -50.73723 48.66304 -0.00373606 1.40537683 0.09807987
t 79
c 312.62747 -50.74335 44.60405 -0.00364445 1.40539383 0.09813394
t 88
c 312.40219 -50.74946 40.54507 -0.00355284 1.40541082 0.098188
t 96
c 312.17691 -50.75557 36.48608 -0.00346123 1.40542782 0.09824207
t 105
c 311.95163 -50.76169 32.42709 -0.00336962 1.40544482 0.09829613
t 113
c 311.72634 -50.7678 28.3681 -0.00327801 1.40546181 0.0983502
t 122
c 311.50106 -50.77391 24.30911 -0.0031864 1.40547881 0.09840426
t 130
c 311.27578 -50.78002 20.25013 -0.0030948 1.4054958 0.09845833
t 139
