c 359.3 0.0 345.98 0.0 0.0 0.0
t 77
c 359.3 0.0 345.98 0.0 0.0 0.0
t 78
c 359.3 0.0 345.98 0.0 0.0 0.0
t 79
c 359.3 0.0 345.98 0.0 0.0 0.0
t 80
c 359.3 0.0 345.98 0.0 0.0 0.0
t 81
c 359.3 0.0 345.98 0.0 0.0 0.0
t 82
c 359.3 0.0 345.98 0.0 0.0 0.0
t 83
c 359.3 0.0 345.98 0.0 0.0 0.0
t 84
c 359.3 0.0 345.98 0.0 0.0 0.0
t 85
c 359.3 0.0 345.98 0.0 0.0 0.0
t 86
c 359.3 0.0 345.98 0.0 0.0 0.0
t 87
c 359.3 0.0 345.98 0.0 0.0 0.0
t 88
c 359.3 0.0 345.98 0.0 0.0 0.0
t 89
c 359.3 0.0 345.98 0.0 0.0 0.0
t 90
c 359.3 0.0 345.98 0.0 0.0 0.0
t 91
c 359.3 0.0 345.98 0.0 0.0 0.0
t 92
c 359.3 0.0 345.98 0.0 0.0 0.0
t 93
c 359.3 0.0 345.98 0.0 0.0 0.0
t 94
c 359.3 0.0 345.98 0.0 0.0 0.0
t 95
c 359.3 0.0 345.98 0.0 0.0 0.0
t 96
c 359.3 0.0 345.98 0.0 0.0 0.0
t 97
c 359.3 0.0 345.98 0.0 0.0 0.0
t 98
c 359.3 0.0 345.98 0.0 0.0 0.0
t 99
c 359.3 0.0 345.98 0.0 0.0 0.0
t 100
c 359.3 0.0 345.98 0.0 0.0 0.0
t 101
c 359.3 0.0 345.98 0.0 0.0 0.0
t 102
c 359.3 0.0 345.98 0.0 0.0 0.0
t 103
c 359.3 0.0 345.98 0.0 0.0 0.0
t 104
c 359.3 0.0 345.98 0.0 0.0 0.0
t 105
c 359.3 0.0 345.98 0.0 0.0 0.0
t 106
c 359.3 0.0 345.98 0.0 0.0 0.0
t 107
