c 232.2963 -201.76451 308.07681 0.0011157 0.27265358 -0.90417265
t 100
c 240.24663 -194.97313 308.07042 0.0011269 0.27265422 -0.90399498
t 100
c 248.19695 -188.18174 308.06402 0.00113811 0.27265486 -0.90381732
t 100
c 256.14728 -181.39036 308.05763 0.00114931 0.27265549 -0.90363966
t 100
c 264.0976 -174.59898 308.05123 0.00116051 0.27265613 -0.90346199
t 100
c 272.04793 -167.80759 308.04484 0.00117171 0.27265677 -0.90328433
t 100
c 279.99825 -161.01621 308.03845 0.00118292 0.27265741 -0.90310667
t 100
c 287.94858 -154.22483 308.03205 0.00119412 0.27265805 -0.902929
t 100
c 295.8989 -147.43344 308.02566 0.00120532 0.27265868 -0.90275134
t 100
c 303.84922 -140.64206 308.01927 0.00121652 0.27265932 -0.90257367
t 100
c 311.79955 -133.85067 308.01287 0.00122773 0.27265996 -0.90239601
t 100
c 319.74987 -127.05929 308.00648 0.00123893 0.2726606 -0.90221835
t 100
