c 359.2561 -72.55738 308.81411 -0.00022025 -0.00029637 0.00037764
t 100
c 357.83409 -61.65629 308.69276 -0.00018834 -0.00028503 0.00039835
t 100
c 356.41209 -50.7552 308.57141 -0.00015644 -0.00027369 0.00041906
t 100
c 354.99008 -39.85411 308.45006 -0.00012453 -0.00026235 0.00043977
t 100
c 353.56808 -28.95302 308.32871 -9.262e-05 -0.00025101 0.00046048
t 100
c 352.14607 -18.05192 308.20736 -6.072e-05 -0.00023967 0.00048119
t 100
c 350.72407 -7.15083 308.08601 -2.881e-05 -0.00022833 0.0005019
t 100
c 349.30206 3.75026 307.96466 3.1e-06 -0.00021699 0.00052261
t 100
c 347.88006 14.65135 307.8433 3.501e-05 -0.00020565 0.00054332
t 100
c 346.45805 25.55244 307.72195 6.691e-05 -0.00019431 0.00056403
t 100
c 345.03605 36.45354 307.6006 9.882e-05 -0.00018297 0.00058474
t 100
c 345.03605 36.45354 307.6006 9.882e-05 -0.00018297 0.00058474
t 100
c 353.13898 29.1401 307.58628 7.738e-05 0.04272298 0.00050353
t 100
c 361.24191 21.82667 307.57195 5.595e-05 0.08562892 0.00042233
t 100
c 369.34484 14.51324 307.55763 3.451e-05 0.12853487 0.00034112
t 100
c 377.44778 7.19981 307.5433 1.307e-05 0.17144081 0.00025991
t 100
c 385.55071 -0.11362 307.52897 -8.36e-06 0.21434676 0.00017871
t 100
c 393.65364 -7.42705 307.51465 -2.98e-05 0.2572527 9.75e-05
t 100
c 401.75657 -14.74048 307.50032 -5.124e-05 0.30015865 1.63e-05
t 100
c 409.85951 -22.05392 307.486 -7.268e-05 0.34306459 -6.491e-05
t 100
