c 342.41252 -92.38507 62.93838 0.00188589 1.44532191 0.00143114
t 119
c 342.40792 -92.38455 58.76588 0.0019503 1.44535547 0.00147
t 119
c 342.40332 -92.38404 54.59339 0.00201472 1.44538904 0.00150886
t 119
c 342.39871 -92.38352 50.4209 0.00207914 1.4454226 0.00154772
t 119
c 342.39411 -92.383 46.2484 0.00214356 1.44545616 0.00158658
t 119
c 342.38951 -92.38249 42.07591 0.00220797 1.44548972 0.00162544
t 119
c 342.3849 -92.38197 37.90342 0.00227239 1.44552328 0.0016643
t 119
c 342.3803 -92.38145 33.73092 0.00233681 1.44555684 0.00170316
t 119
c 342.3757 -92.38094 29.55843 0.00240122 1.4455904 0.00174202
t 119
c 342.37109 -92.38042 25.38594 0.00246564 1.44562396 0.00178088
t 120
s 0.500
c 342.37109 -92.38042 25.38594 0.00246564 1.44562396 0.00178088
t 120
c 342.37109 -92.38042 25.38594 0.00246564 1.44562396 0.00178088
t 119
c 342.37109 -92.38042 25.38594 0.00246564 1.44562396 0.00178088
t 118
c 342.37109 -92.38042 25.38594 0.00246564 1.44562396 0.00178088
t 117
c 342.37109 -92.38042 25.38594 0.00246564 1.44562396 0.00178088
t 116
c 342.37109 -92.38042 25.38594 0.00246564 1.44562396 0.00178088
t 115
c 342.37109 -92.38042 25.38594 0.00246564 1.44562396 0.00178088
t 114
c 342.37109 -92.38042 25.38594 0.00246564 1.44562396 0.00178088
t 113
c 342.37109 -92.38042 25.38594 0.00246564 1.44562396 0.00178088
t 112
c 342.37109 -92.38042 25.38594 0.00246564 1.44562396 0.00178088
t 110
c 342.37109 -92.38042 25.38594 0.00246564 1.44562396 0.00178088
t 110
c 342.37109 -92.38042 25.38594 0.00246564 1.44562396 0.00178088
t 109
c 342.37109 -92.38042 25.38594 0.00246564 1.44562396 0.00178088
t 108
c 342.37109 -92.38042 25.38594 0.00246564 1.44562396 0.00178088
t 106
c 342.37109 -92.38042 25.38594 0.00246564 1.44562396 0.00178088
t 106
c 342.37109 -92.38042 25.38594 0.00246564 1.44562396 0.00178088
t 105
c 342.37109 -92.38042 25.38594 0.00246564 1.44562396 0.00178088
t 104
c 342.37109 -92.38042 25.38594 0.00246564 1.44562396 0.00178088
t 103
c 342.37109 -92.38042 25.38594 0.00246564 1.44562396 0.00178088
t 102
c 342.37109 -92.38042 25.38594 0.00246564 1.44562396 0.00178088
t 101
c 342.37109 -92.38042 25.38594 0.00246564 1.44562396 0.00178088
t 100
c 342.37109 -92.38042 25.38594 0.00246564 1.44562396 0.00178088
t 99
c 342.37109 -92.38042 25.38594 0.00246564 1.44562396 0.00178088
t 98
c 342.37109 -92.38042 25.38594 0.00246564 1.44562396 0.00178088
t 97
c 342.37109 -92.38042 25.38594 0.00246564 1.44562396 0.00178088
t 96
c 342.37109 -92.38042 25.38594 0.00246564 1.44562396 0.00178088
t 95
c 342.37109 -92.38042 25.38594 0.00246564 1.44562396 0.00178088
t 94
c 342.37109 -92.38042 25.38594 0.00246564 1.44562396 0.00178088
t 93
c 342.37109 -92.38042 25.38594 0.00246564 1.44562396 0.00178088
t 92
c 342.37109 -92.38042 25.38594 0.00246564 1.44562396 0.00178088
t 91
c 342.37109 -92.38042 25.38594 0.00246564 1.44562396 0.00178088
t 90
c 342.37109 -92.38042 25.38594 0.00246564 1.44562396 0.00178088
t 89
c 342.37109 -92.38042 25.38594 0.00246564 1.44562396 0.00178088
t 88
c 342.37109 -92.38042 25.38594 0.00246564 1.44562396 0.00178088
t 87
c 342.37109 -92.38042 25.38594 0.00246564 1.44562396 0.00178088
t 86
c 342.37109 -92.38042 25.38594 0.00246564 1.44562396 0.00178088
t 85
c 342.37109 -92.38042 25.38594 0.00246564 1.44562396 0.00178088
t 84
c 342.37109 -92.38042 25.38594 0.00246564 1.44562396 0.00178088
t 82
c 342.37109 -92.38042 25.38594 0.00246564 1.44562396 0.00178088
t 81
c 342.37109 -92.38042 25.38594 0.00246564 1.44562396 0.00178088
t 80
c 342.37109 -92.38042 25.38594 0.00246564 1.44562396 0.00178088
t 79
c 342.37109 -92.38042 25.38594 0.00246564 1.44562396 0.00178088
t 78
c 342.37109 -92.38042 25.38594 0.00246564 1.44562396 0.00178088
t 77
c 342.37109 -92.38042 25.38594 0.00246564 1.44562396 0.00178088
t 76
c 342.37109 -92.38042 25.38594 0.00246564 1.44562396 0.00178088
t 75
c 342.37109 -92.38042 25.38594 0.00246564 1.44562396 0.00178088
t 74
c 342.37109 -92.38042 25.38594 0.00246564 1.44562396 0.00178088
t 73
c 342.37109 -92.38042 25.38594 0.00246564 1.44562396 0.00178088
t 72
c 342.37109 -92.38042 25.38594 0.00246564 1.44562396 0.00178088
t 71
c 342.37109 -92.38042 25.38594 0.00246564 1.44562396 0.00178088
t 70
c 342.37109 -92.38042 25.38594 0.00246564 1.44562396 0.00178088
t 69
c 342.37109 -92.38042 25.38594 0.00246564 1.44562396 0.00178088
t 68
s 0.500
c 342.37109 -92.38042 25.38594 0.00246564 1.44562396 0.00178088
t 69
c 342.37092 -92.3781 29.54808 0.00261207 1.44563077 0.0019043
t 69
c 342.37075 -92.37578 33.71022 0.0027585 1.44563759 0.00202772
t 69
c 342.37058 -92.37346 37.87236 0.00290492 1.4456444 0.00215114
t 69
c 342.37041 -92.37114 42.03451 0.00305135 1.44565121 0.00227456
t 69
c 342.37023 -92.36882 46.19665 0.00319778 1.44565802 0.00239798
t 69
c 342.37006 -92.3665 50.35879 0.00334421 1.44566483 0.0025214
t 69
c 342.36989 -92.36418 54.52093 0.00349063 1.44567164 0.00264482
t 69
c 342.36972 -92.36186 58.68308 0.00363706 1.44567846 0.00276823
t 69
c 342.36954 -92.35954 62.84522 0.00378349 1.44568527 0.00289165
t 69
c 342.36937 -92.35722 67.00736 0.00392992 1.44569208 0.00301507
t 69
s 0.500
c 342.36937 -92.35722 67.00736 0.00392992 1.44569208 0.00301507
t 69
c 342.36822 -88.33078 67.00826 0.00397321 1.44569558 0.00305959
t 69
c 342.36707 -84.30435 67.00916 0.0040165 1.44569909 0.0031041
t 69
c 342.36592 -80.27791 67.01006 0.00405979 1.44570259 0.00314861
t 69
c 342.36477 -76.25147 67.01096 0.00410308 1.4457061 0.00319312
t 69
c 342.36362 -72.22503 67.01186 0.00414637 1.4457096 0.00323763
t 69
c 342.36247 -68.1986 67.01275 0.00418966 1.44571311 0.00328215
t 69
c 342.36132 -64.17216 67.01365 0.00423295 1.44571661 0.00332666
t 69
c 342.36016 -60.14572 67.01455 0.00427625 1.44572012 0.00337117
t 69
c 342.35901 -56.11928 67.01545 0.00431954 1.44572362 0.00341568
t 69
c 342.35786 -52.09285 67.01635 0.00436283 1.44572713 0.0034602
t 69
c 342.35671 -48.06641 67.01725 0.00440612 1.44573063 0.00350471
t 69
c 342.35556 -44.03997 67.01815 0.00444941 1.44573414 0.00354922
t 69
c 342.35441 -40.01353 67.01905 0.0044927 1.44573765 0.00359373
t 69
c 342.35326 -35.9871 67.01995 0.00453599 1.44574115 0.00363825
t 69
c 342.35211 -31.96066 67.02085 0.00457928 1.44574466 0.00368276
t 69
c 342.35096 -27.93422 67.02175 0.00462257 1.44574816 0.00372727
t 69
c 342.3498 -23.90778 67.02264 0.00466587 1.44575167 0.00377178
t 69
c 342.34865 -19.88135 67.02354 0.00470916 1.44575517 0.00381629
t 69
c 342.3475 -15.85491 67.02444 0.00475245 1.44575868 0.00386081
t 69
c 342.34635 -11.82847 67.02534 0.00479574 1.44576218 0.00390532
t 69
c 342.3452 -7.80203 67.02624 0.00483903 1.44576569 0.00394983
t 69
c 342.34405 -3.7756 67.02714 0.00488232 1.44576919 0.00399434
t 69
c 342.3429 0.25084 67.02804 0.00492561 1.4457727 0.00403886
t 69
c 342.34175 4.27728 67.02894 0.0049689 1.4457762 0.00408337
t 69
c 342.3406 8.30372 67.02984 0.00501219 1.44577971 0.00412788
t 69
c 342.33944 12.33015 67.03074 0.00505549 1.44578321 0.00417239
t 69
c 342.33829 16.35659 67.03164 0.00509878 1.44578672 0.00421691
t 69
c 342.33714 20.38303 67.03253 0.00514207 1.44579022 0.00426142
t 69
c 342.33599 24.40947 67.03343 0.00518536 1.44579373 0.00430593
t 69
c 342.33484 28.4359 67.03433 0.00522865 1.44579723 0.00435044
t 69
c 342.33369 32.46234 67.03523 0.00527194 1.44580074 0.00439495
t 69
c 342.33254 36.48878 67.03613 0.00531523 1.44580424 0.00443947
t 69
c 342.33139 40.51522 67.03703 0.00535852 1.44580775 0.00448398
t 69
c 342.33024 44.54165 67.03793 0.00540181 1.44581125 0.00452849
t 69
c 342.32908 48.56809 67.03883 0.00544511 1.44581476 0.004573
t 69
c 342.32793 52.59453 67.03973 0.0054884 1.44581826 0.00461752
t 69
c 342.32678 56.62097 67.04063 0.00553169 1.44582177 0.00466203
t 69
c 342.32563 60.6474 67.04152 0.00557498 1.44582527 0.00470654
t 69
c 342.32448 64.67384 67.04242 0.00561827 1.44582878 0.00475105
t 69
c 342.32333 68.70028 67.04332 0.00566156 1.44583228 0.00479557
t 69
c 342.32218 72.72672 67.04422 0.00570485 1.44583579 0.00484008
t 69
c 342.32103 76.75315 67.04512 0.00574814 1.44583929 0.00488459
t 69
c 342.31988 80.77959 67.04602 0.00579144 1.4458428 0.0049291
t 69
c 342.31872 84.80603 67.04692 0.00583473 1.4458463 0.00497361
t 69
c 342.31757 88.83247 67.04782 0.00587802 1.44584981 0.00501813
t 69
c 342.31642 92.8589 67.04872 0.00592131 1.44585331 0.00506264
t 69
c 342.31527 96.88534 67.04962 0.0059646 1.44585682 0.00510715
t 69
c 342.31412 100.91178 67.05052 0.00600789 1.44586033 0.00515166
t 69
c 342.31297 104.93822 67.05141 0.00605118 1.44586383 0.00519618
t 69
c 342.31182 108.96465 67.05231 0.00609447 1.44586734 0.00524069
t 69
s 0.500
c 342.31182 108.96465 67.05231 0.00609447 1.44586734 0.00524069
t 69
c 342.30926 108.96515 62.99036 0.0060836 1.44589502 0.00523193
t 69
c 342.30669 108.96565 58.9284 0.00607274 1.44592271 0.00522318
t 69
c 342.30413 108.96614 54.86644 0.00606187 1.44595039 0.00521442
t 69
c 342.30157 108.96664 50.80449 0.006051 1.44597808 0.00520567
t 69
c 342.29901 108.96714 46.74253 0.00604013 1.44600577 0.00519691
t 69
c 342.29645 108.96763 42.68057 0.00602926 1.44603345 0.00518816
t 69
c 342.29389 108.96813 38.61861 0.00601839 1.44606114 0.0051794
t 69
c 342.29132 108.96862 34.55666 0.00600752 1.44608882 0.00517065
t 69
c 342.28876 108.96912 30.4947 0.00599666 1.44611651 0.00516189
t 69
c 342.2862 108.96962 26.43274 0.00598579 1.4461442 0.00515314
t 69
s 0.500
c 342.2862 108.96962 26.43274 0.00598579 1.4461442 0.00515314
t 69
c 342.2862 108.96962 26.43274 0.00598579 1.4461442 0.00515314
t 70
c 342.2862 108.96962 26.43274 0.00598579 1.4461442 0.00515314
t 71
c 342.2862 108.96962 26.43274 0.00598579 1.4461442 0.00515314
t 72
c 342.2862 108.96962 26.43274 0.00598579 1.4461442 0.00515314
t 73
c 342.2862 108.96962 26.43274 0.00598579 1.4461442 0.00515314
t 74
c 342.2862 108.96962 26.43274 0.00598579 1.4461442 0.00515314
t 75
c 342.2862 108.96962 26.43274 0.00598579 1.4461442 0.00515314
t 76
c 342.2862 108.96962 26.43274 0.00598579 1.4461442 0.00515314
t 77
c 342.2862 108.96962 26.43274 0.00598579 1.4461442 0.00515314
t 78
c 342.2862 108.96962 26.43274 0.00598579 1.4461442 0.00515314
t 79
c 342.2862 108.96962 26.43274 0.00598579 1.4461442 0.00515314
t 80
c 342.2862 108.96962 26.43274 0.00598579 1.4461442 0.00515314
t 81
c 342.2862 108.96962 26.43274 0.00598579 1.4461442 0.00515314
t 82
c 342.2862 108.96962 26.43274 0.00598579 1.4461442 0.00515314
t 83
c 342.2862 108.96962 26.43274 0.00598579 1.4461442 0.00515314
t 84
c 342.2862 108.96962 26.43274 0.00598579 1.4461442 0.00515314
t 85
c 342.2862 108.96962 26.43274 0.00598579 1.4461442 0.00515314
t 86
c 342.2862 108.96962 26.43274 0.00598579 1.4461442 0.00515314
t 87
c 342.2862 108.96962 26.43274 0.00598579 1.4461442 0.00515314
t 88
c 342.2862 108.96962 26.43274 0.00598579 1.4461442 0.00515314
t 89
c 342.2862 108.96962 26.43274 0.00598579 1.4461442 0.00515314
t 90
c 342.2862 108.96962 26.43274 0.00598579 1.4461442 0.00515314
t 91
c 342.2862 108.96962 26.43274 0.00598579 1.4461442 0.00515314
t 92
c 342.2862 108.96962 26.43274 0.00598579 1.4461442 0.00515314
t 93
c 342.2862 108.96962 26.43274 0.00598579 1.4461442 0.00515314
t 94
c 342.2862 108.96962 26.43274 0.00598579 1.4461442 0.00515314
t 95
c 342.2862 108.96962 26.43274 0.00598579 1.4461442 0.00515314
t 96
c 342.2862 108.96962 26.43274 0.00598579 1.4461442 0.00515314
t 97
c 342.2862 108.96962 26.43274 0.00598579 1.4461442 0.00515314
t 98
c 342.2862 108.96962 26.43274 0.00598579 1.4461442 0.00515314
t 99
c 342.2862 108.96962 26.43274 0.00598579 1.4461442 0.00515314
t 100
c 342.2862 108.96962 26.43274 0.00598579 1.4461442 0.00515314
t 101
c 342.2862 108.96962 26.43274 0.00598579 1.4461442 0.00515314
t 102
c 342.2862 108.96962 26.43274 0.00598579 1.4461442 0.00515314
t 103
c 342.2862 108.96962 26.43274 0.00598579 1.4461442 0.00515314
t 103
c 342.2862 108.96962 26.43274 0.00598579 1.4461442 0.00515314
t 105
c 342.2862 108.96962 26.43274 0.00598579 1.4461442 0.00515314
t 105
c 342.2862 108.96962 26.43274 0.00598579 1.4461442 0.00515314
t 106
c 342.2862 108.96962 26.43274 0.00598579 1.4461442 0.00515314
t 107
c 342.2862 108.96962 26.43274 0.00598579 1.4461442 0.00515314
t 108
c 342.2862 108.96962 26.43274 0.00598579 1.4461442 0.00515314
t 109
c 342.2862 108.96962 26.43274 0.00598579 1.4461442 0.00515314
t 110
c 342.2862 108.96962 26.43274 0.00598579 1.4461442 0.00515314
t 111
c 342.2862 108.96962 26.43274 0.00598579 1.4461442 0.00515314
t 112
c 342.2862 108.96962 26.43274 0.00598579 1.4461442 0.00515314
t 113
c 342.2862 108.96962 26.43274 0.00598579 1.4461442 0.00515314
t 114
c 342.2862 108.96962 26.43274 0.00598579 1.4461442 0.00515314
t 115
c 342.2862 108.96962 26.43274 0.00598579 1.4461442 0.00515314
t 116
c 342.2862 108.96962 26.43274 0.00598579 1.4461442 0.00515314
t 117
c 342.2862 108.96962 26.43274 0.00598579 1.4461442 0.00515314
t 118
c 342.2862 108.96962 26.43274 0.00598579 1.4461442 0.00515314
t 119
c 342.2862 108.96962 26.43274 0.00598579 1.4461442 0.00515314
t 120
c 342.2862 108.96962 26.43274 0.00598579 1.4461442 0.00515314
t 121
c 342.2862 108.96962 26.43274 0.00598579 1.4461442 0.00515314
t 122
c 342.2862 108.96962 26.43274 0.00598579 1.4461442 0.00515314
t 123
c 342.2862 108.96962 26.43274 0.00598579 1.4461442 0.00515314
t 124
c 342.2862 108.96962 26.43274 0.00598579 1.4461442 0.00515314
t 125
c 342.2862 108.96962 26.43274 0.00598579 1.4461442 0.00515314
t 126
c 342.2862 108.96962 26.43274 0.00598579 1.4461442 0.00515314
t 127
c 342.2862 108.96962 26.43274 0.00598579 1.4461442 0.00515314
t 128
c 342.2862 108.96962 26.43274 0.00598579 1.4461442 0.00515314
t 129
c 342.2862 108.96962 26.43274 0.00598579 1.4461442 0.00515314
t 130
c 342.2862 108.96962 26.43274 0.00598579 1.4461442 0.00515314
t 131
c 342.2862 108.96962 26.43274 0.00598579 1.4461442 0.00515314
t 132
c 342.2862 108.96962 26.43274 0.00598579 1.4461442 0.00515314
t 133
s 0.500
c 342.2862 108.96962 26.43274 0.00598579 1.4461442 0.00515314
t 134
c 342.2862 108.96962 26.43274 0.00598579 1.4461442 0.00515314
t 133
c 342.2862 108.96962 26.43274 0.00598579 1.4461442 0.00515314
t 132
c 342.2862 108.96962 26.43274 0.00598579 1.4461442 0.00515314
t 131
c 342.2862 108.96962 26.43274 0.00598579 1.4461442 0.00515314
t 130
c 342.2862 108.96962 26.43274 0.00598579 1.4461442 0.00515314
t 129
c 342.2862 108.96962 26.43274 0.00598579 1.4461442 0.00515314
t 128
c 342.2862 108.96962 26.43274 0.00598579 1.4461442 0.00515314
t 127
c 342.2862 108.96962 26.43274 0.00598579 1.4461442 0.00515314
t 126
c 342.2862 108.96962 26.43274 0.00598579 1.4461442 0.00515314
t 124
c 342.2862 108.96962 26.43274 0.00598579 1.4461442 0.00515314
t 123
c 342.2862 108.96962 26.43274 0.00598579 1.4461442 0.00515314
t 123
c 342.2862 108.96962 26.43274 0.00598579 1.4461442 0.00515314
t 122
c 342.2862 108.96962 26.43274 0.00598579 1.4461442 0.00515314
t 121
c 342.2862 108.96962 26.43274 0.00598579 1.4461442 0.00515314
t 120
c 342.2862 108.96962 26.43274 0.00598579 1.4461442 0.00515314
t 119
c 342.2862 108.96962 26.43274 0.00598579 1.4461442 0.00515314
t 118
c 342.2862 108.96962 26.43274 0.00598579 1.4461442 0.00515314
t 116
c 342.2862 108.96962 26.43274 0.00598579 1.4461442 0.00515314
t 116
c 342.2862 108.96962 26.43274 0.00598579 1.4461442 0.00515314
t 115
c 342.2862 108.96962 26.43274 0.00598579 1.4461442 0.00515314
t 114
c 342.2862 108.96962 26.43274 0.00598579 1.4461442 0.00515314
t 113
c 342.2862 108.96962 26.43274 0.00598579 1.4461442 0.00515314
t 111
c 342.2862 108.96962 26.43274 0.00598579 1.4461442 0.00515314
t 110
c 342.2862 108.96962 26.43274 0.00598579 1.4461442 0.00515314
t 110
c 342.2862 108.96962 26.43274 0.00598579 1.4461442 0.00515314
t 109
c 342.2862 108.96962 26.43274 0.00598579 1.4461442 0.00515314
t 108
c 342.2862 108.96962 26.43274 0.00598579 1.4461442 0.00515314
t 107
c 342.2862 108.96962 26.43274 0.00598579 1.4461442 0.00515314
t 106
c 342.2862 108.96962 26.43274 0.00598579 1.4461442 0.00515314
t 105
c 342.2862 108.96962 26.43274 0.00598579 1.4461442 0.00515314
t 104
c 342.2862 108.96962 26.43274 0.00598579 1.4461442 0.00515314
t 103
c 342.2862 108.96962 26.43274 0.00598579 1.4461442 0.00515314
t 102
c 342.2862 108.96962 26.43274 0.00598579 1.4461442 0.00515314
t 101
c 342.2862 108.96962 26.43274 0.00598579 1.4461442 0.00515314
t 100
c 342.2862 108.96962 26.43274 0.00598579 1.4461442 0.00515314
t 99
c 342.2862 108.96962 26.43274 0.00598579 1.4461442 0.00515314
t 98
c 342.2862 108.96962 26.43274 0.00598579 1.4461442 0.00515314
t 97
c 342.2862 108.96962 26.43274 0.00598579 1.4461442 0.00515314
t 96
c 342.2862 108.96962 26.43274 0.00598579 1.4461442 0.00515314
t 95
c 342.2862 108.96962 26.43274 0.00598579 1.4461442 0.00515314
t 94
c 342.2862 108.96962 26.43274 0.00598579 1.4461442 0.00515314
t 93
c 342.2862 108.96962 26.43274 0.00598579 1.4461442 0.00515314
t 92
c 342.2862 108.96962 26.43274 0.00598579 1.4461442 0.00515314
t 91
c 342.2862 108.96962 26.43274 0.00598579 1.4461442 0.00515314
t 90
c 342.2862 108.96962 26.43274 0.00598579 1.4461442 0.00515314
t 89
c 342.2862 108.96962 26.43274 0.00598579 1.4461442 0.00515314
t 88
c 342.2862 108.96962 26.43274 0.00598579 1.4461442 0.00515314
t 87
c 342.2862 108.96962 26.43274 0.00598579 1.4461442 0.00515314
t 86
c 342.2862 108.96962 26.43274 0.00598579 1.4461442 0.00515314
t 85
c 342.2862 108.96962 26.43274 0.00598579 1.4461442 0.00515314
t 84
c 342.2862 108.96962 26.43274 0.00598579 1.4461442 0.00515314
t 83
c 342.2862 108.96962 26.43274 0.00598579 1.4461442 0.00515314
t 82
c 342.2862 108.96962 26.43274 0.00598579 1.4461442 0.00515314
t 81
c 342.2862 108.96962 26.43274 0.00598579 1.4461442 0.00515314
t 80
c 342.2862 108.96962 26.43274 0.00598579 1.4461442 0.00515314
t 79
c 342.2862 108.96962 26.43274 0.00598579 1.4461442 0.00515314
t 78
c 342.2862 108.96962 26.43274 0.00598579 1.4461442 0.00515314
t 77
c 342.2862 108.96962 26.43274 0.00598579 1.4461442 0.00515314
t 76
c 342.2862 108.96962 26.43274 0.00598579 1.4461442 0.00515314
t 75
c 342.2862 108.96962 26.43274 0.00598579 1.4461442 0.00515314
t 74
c 342.2862 108.96962 26.43274 0.00598579 1.4461442 0.00515314
t 73
c 342.2862 108.96962 26.43274 0.00598579 1.4461442 0.00515314
t 72
c 342.2862 108.96962 26.43274 0.00598579 1.4461442 0.00515314
t 71
c 342.2862 108.96962 26.43274 0.00598579 1.4461442 0.00515314
t 70
c 342.2862 108.96962 26.43274 0.00598579 1.4461442 0.00515314
t 69
c 342.2862 108.96962 26.43274 0.00598579 1.4461442 0.00515314
t 68
c 342.2862 108.96962 26.43274 0.00598579 1.4461442 0.00515314
t 67
c 342.2862 108.96962 26.43274 0.00598579 1.4461442 0.00515314
t 66
c 342.2862 108.96962 26.43274 0.00598579 1.4461442 0.00515314
t 65
c 342.2862 108.96962 26.43274 0.00598579 1.4461442 0.00515314
t 64
c 342.2862 108.96962 26.43274 0.00598579 1.4461442 0.00515314
t 63
s 0.500
c 342.2862 108.96962 26.43274 0.00598579 1.4461442 0.00515314
t 63
c 342.28819 105.11275 27.52926 0.00588573 1.44613068 0.0050726
t 63
c 342.29018 101.25589 28.62577 0.00578567 1.44611717 0.00499206
t 63
c 342.29217 97.39903 29.72229 0.00568561 1.44610365 0.00491153
t 63
c 342.29416 93.54216 30.8188 0.00558555 1.44609014 0.00483099
t 63
c 342.29615 89.6853 31.91532 0.00548549 1.44607663 0.00475046
t 63
c 342.29814 85.82844 33.01183 0.00538543 1.44606311 0.00466992
t 63
c 342.30013 81.97157 34.10835 0.00528537 1.4460496 0.00458938
t 63
c 342.30212 78.11471 35.20486 0.00518531 1.44603609 0.00450885
t 63
c 342.30411 74.25785 36.30138 0.00508525 1.44602257 0.00442831
t 63
c 342.3061 70.40098 37.39789 0.00498519 1.44600906 0.00434778
t 63
c 342.30809 66.54412 38.49441 0.00488513 1.44599554 0.00426724
t 63
c 342.31008 62.68726 39.59092 0.00478507 1.44598203 0.00418671
t 63
c 342.31208 58.8304 40.68744 0.00468501 1.44596852 0.00410617
t 63
c 342.31407 54.97353 41.78395 0.00458496 1.445955 0.00402563
t 63
c 342.31606 51.11667 42.88047 0.0044849 1.44594149 0.0039451
t 63
c 342.31805 47.25981 43.97698 0.00438484 1.44592797 0.00386456
t 63
c 342.32004 43.40294 45.0735 0.00428478 1.44591446 0.00378403
t 63
c 342.32203 39.54608 46.17001 0.00418472 1.44590095 0.00370349
t 63
c 342.32402 35.68922 47.26653 0.00408466 1.44588743 0.00362295
t 63
c 342.32601 31.83235 48.36304 0.0039846 1.44587392 0.00354242
t 63
c 342.328 27.97549 49.45956 0.00388454 1.44586041 0.00346188
t 63
c 342.32999 24.11863 50.55607 0.00378448 1.44584689 0.00338135
t 63
c 342.33198 20.26176 51.65258 0.00368442 1.44583338 0.00330081
t 63
c 342.33397 16.4049 52.7491 0.00358436 1.44581986 0.00322028
t 63
c 342.33596 12.54804 53.84561 0.0034843 1.44580635 0.00313974
t 63
c 342.33795 8.69117 54.94213 0.00338424 1.44579284 0.0030592
t 63
c 342.33994 4.83431 56.03864 0.00328418 1.44577932 0.00297867
t 63
c 342.34193 0.97745 57.13516 0.00318412 1.44576581 0.00289813
t 63
c 342.34392 -2.87942 58.23167 0.00308406 1.44575229 0.0028176
t 63
c 342.34591 -6.73628 59.32819 0.00298401 1.44573878 0.00273706
t 63
c 342.3479 -10.59314 60.4247 0.00288395 1.44572527 0.00265652
t 63
c 342.34989 -14.45001 61.52122 0.00278389 1.44571175 0.00257599
t 63
c 342.35188 -18.30687 62.61773 0.00268383 1.44569824 0.00249545
t 63
c 342.35387 -22.16373 63.71425 0.00258377 1.44568473 0.00241492
t 63
c 342.35586 -26.0206 64.81076 0.00248371 1.44567121 0.00233438
t 63
c 342.35785 -29.87746 65.90728 0.00238365 1.4456577 0.00225385
t 63
c 342.35984 -33.73432 67.00379 0.00228359 1.44564418 0.00217331
t 63
c 342.36183 -37.59119 68.10031 0.00218353 1.44563067 0.00209277
t 63
c 342.36382 -41.44805 69.19682 0.00208347 1.44561716 0.00201224
t 63
c 342.36581 -45.30491 70.29334 0.00198341 1.44560364 0.0019317
t 63
c 342.3678 -49.16178 71.38985 0.00188335 1.44559013 0.00185117
t 63
c 342.36979 -53.01864 72.48637 0.00178329 1.44557661 0.00177063
t 63
c 342.37178 -56.8755 73.58288 0.00168323 1.4455631 0.00169009
t 63
c 342.37377 -60.73237 74.6794 0.00158317 1.44554959 0.00160956
t 63
c 342.37576 -64.58923 75.77591 0.00148311 1.44553607 0.00152902
t 63
s 0.500
c 342.37576 -64.58923 75.77591 0.00148311 1.44553607 0.00152902
t 63
c 342.37639 -64.5899 71.57722 0.00144438 1.445531 0.00149504
t 63
c 342.37703 -64.59057 67.37853 0.00140564 1.44552592 0.00146107
t 63
c 342.37766 -64.59125 63.17984 0.0013669 1.44552084 0.00142709
t 63
c 342.37829 -64.59192 58.98115 0.00132817 1.44551577 0.00139311
t 63
c 342.37892 -64.59259 54.78247 0.00128943 1.44551069 0.00135913
t 63
c 342.37955 -64.59326 50.58378 0.00125069 1.44550561 0.00132515
t 63
c 342.38018 -64.59393 46.38509 0.00121196 1.44550054 0.00129117
t 63
c 342.38081 -64.5946 42.1864 0.00117322 1.44549546 0.00125719
t 63
c 342.38144 -64.59528 37.98771 0.00113448 1.44549038 0.00122321
t 63
c 342.38207 -64.59595 33.78902 0.00109575 1.4454853 0.00118924
t 63
c 342.3827 -64.59662 29.59033 0.00105701 1.44548023 0.00115526
t 63
c 342.38333 -64.59729 25.39164 0.00101827 1.44547515 0.00112128
t 63
s 0.500
c 342.38333 -64.59729 25.39164 0.00101827 1.44547515 0.00112128
t 63
c 342.38333 -64.59729 25.39164 0.00101827 1.44547515 0.00112128
t 64
c 342.38333 -64.59729 25.39164 0.00101827 1.44547515 0.00112128
t 65
c 342.38333 -64.59729 25.39164 0.00101827 1.44547515 0.00112128
t 66
c 342.38333 -64.59729 25.39164 0.00101827 1.44547515 0.00112128
t 67
c 342.38333 -64.59729 25.39164 0.00101827 1.44547515 0.00112128
t 68
c 342.38333 -64.59729 25.39164 0.00101827 1.44547515 0.00112128
t 69
c 342.38333 -64.59729 25.39164 0.00101827 1.44547515 0.00112128
t 70
c 342.38333 -64.59729 25.39164 0.00101827 1.44547515 0.00112128
t 71
c 342.38333 -64.59729 25.39164 0.00101827 1.44547515 0.00112128
t 72
c 342.38333 -64.59729 25.39164 0.00101827 1.44547515 0.00112128
t 73
c 342.38333 -64.59729 25.39164 0.00101827 1.44547515 0.00112128
t 74
c 342.38333 -64.59729 25.39164 0.00101827 1.44547515 0.00112128
t 75
c 342.38333 -64.59729 25.39164 0.00101827 1.44547515 0.00112128
t 75
c 342.38333 -64.59729 25.39164 0.00101827 1.44547515 0.00112128
t 77
c 342.38333 -64.59729 25.39164 0.00101827 1.44547515 0.00112128
t 78
c 342.38333 -64.59729 25.39164 0.00101827 1.44547515 0.00112128
t 79
c 342.38333 -64.59729 25.39164 0.00101827 1.44547515 0.00112128
t 80
c 342.38333 -64.59729 25.39164 0.00101827 1.44547515 0.00112128
t 81
c 342.38333 -64.59729 25.39164 0.00101827 1.44547515 0.00112128
t 82
c 342.38333 -64.59729 25.39164 0.00101827 1.44547515 0.00112128
t 83
c 342.38333 -64.59729 25.39164 0.00101827 1.44547515 0.00112128
t 84
c 342.38333 -64.59729 25.39164 0.00101827 1.44547515 0.00112128
t 85
c 342.38333 -64.59729 25.39164 0.00101827 1.44547515 0.00112128
t 86
c 342.38333 -64.59729 25.39164 0.00101827 1.44547515 0.00112128
t 87
c 342.38333 -64.59729 25.39164 0.00101827 1.44547515 0.00112128
t 88
c 342.38333 -64.59729 25.39164 0.00101827 1.44547515 0.00112128
t 88
c 342.38333 -64.59729 25.39164 0.00101827 1.44547515 0.00112128
t 89
c 342.38333 -64.59729 25.39164 0.00101827 1.44547515 0.00112128
t 91
c 342.38333 -64.59729 25.39164 0.00101827 1.44547515 0.00112128
t 91
c 342.38333 -64.59729 25.39164 0.00101827 1.44547515 0.00112128
t 93
c 342.38333 -64.59729 25.39164 0.00101827 1.44547515 0.00112128
t 93
c 342.38333 -64.59729 25.39164 0.00101827 1.44547515 0.00112128
t 95
c 342.38333 -64.59729 25.39164 0.00101827 1.44547515 0.00112128
t 96
c 342.38333 -64.59729 25.39164 0.00101827 1.44547515 0.00112128
t 97
c 342.38333 -64.59729 25.39164 0.00101827 1.44547515 0.00112128
t 98
c 342.38333 -64.59729 25.39164 0.00101827 1.44547515 0.00112128
t 99
c 342.38333 -64.59729 25.39164 0.00101827 1.44547515 0.00112128
t 100
c 342.38333 -64.59729 25.39164 0.00101827 1.44547515 0.00112128
t 101
c 342.38333 -64.59729 25.39164 0.00101827 1.44547515 0.00112128
t 102
c 342.38333 -64.59729 25.39164 0.00101827 1.44547515 0.00112128
t 103
c 342.38333 -64.59729 25.39164 0.00101827 1.44547515 0.00112128
t 104
c 342.38333 -64.59729 25.39164 0.00101827 1.44547515 0.00112128
t 105
c 342.38333 -64.59729 25.39164 0.00101827 1.44547515 0.00112128
t 106
c 342.38333 -64.59729 25.39164 0.00101827 1.44547515 0.00112128
t 107
c 342.38333 -64.59729 25.39164 0.00101827 1.44547515 0.00112128
t 108
c 342.38333 -64.59729 25.39164 0.00101827 1.44547515 0.00112128
t 109
c 342.38333 -64.59729 25.39164 0.00101827 1.44547515 0.00112128
t 110
c 342.38333 -64.59729 25.39164 0.00101827 1.44547515 0.00112128
t 111
c 342.38333 -64.59729 25.39164 0.00101827 1.44547515 0.00112128
t 112
c 342.38333 -64.59729 25.39164 0.00101827 1.44547515 0.00112128
t 113
c 342.38333 -64.59729 25.39164 0.00101827 1.44547515 0.00112128
t 114
c 342.38333 -64.59729 25.39164 0.00101827 1.44547515 0.00112128
t 115
c 342.38333 -64.59729 25.39164 0.00101827 1.44547515 0.00112128
t 116
c 342.38333 -64.59729 25.39164 0.00101827 1.44547515 0.00112128
t 117
c 342.38333 -64.59729 25.39164 0.00101827 1.44547515 0.00112128
t 118
c 342.38333 -64.59729 25.39164 0.00101827 1.44547515 0.00112128
t 119
s 0.500
c 342.38333 -64.59729 25.39164 0.00101827 1.44547515 0.00112128
t 119
c 342.38202 -64.59763 29.5347 0.00097756 1.44547056 0.00108545
t 119
c 342.38072 -64.59797 33.67776 0.00093685 1.44546596 0.00104962
t 119
c 342.37941 -64.59831 37.82082 0.00089614 1.44546137 0.00101378
t 119
c 342.3781 -64.59865 41.96388 0.00085544 1.44545678 0.00097795
t 119
c 342.3768 -64.59898 46.10695 0.00081473 1.44545218 0.00094212
t 119
c 342.37549 -64.59932 50.25001 0.00077402 1.44544759 0.00090629
t 119
c 342.37418 -64.59966 54.39307 0.00073331 1.44544299 0.00087046
t 119
c 342.37287 -64.6 58.53613 0.0006926 1.4454384 0.00083463
t 119
c 342.37157 -64.60034 62.67919 0.00065189 1.44543381 0.0007988
t 119
