c 235.14148 -18.46699 26.81772 0.0 1.81892995 0.0
t 130
c 235.14148 -18.46699 27.0194 0.0 1.81892995 0.0
t 130
c 235.14148 -18.46699 27.22108 0.0 1.81892995 0.0
t 130
c 235.14148 -18.46699 27.42276 0.0 1.81892995 0.0
t 130
c 235.14148 -18.46699 27.62444 0.0 1.81892995 0.0
t 130
c 235.14148 -18.46699 27.82612 0.0 1.81892995 0.0
t 130
c 235.14148 -18.46699 28.0278 0.0 1.81892995 0.0
t 130
c 235.14148 -18.46699 28.22948 0.0 1.81892995 0.0
t 130
c 235.14148 -18.46699 28.43116 0.0 1.81892995 0.0
t 130
c 235.14148 -18.46699 28.63284 0.0 1.81892995 0.0
t 130
c 235.14148 -18.46699 28.83452 0.0 1.81892995 0.0
t 130
c 235.14148 -18.46699 29.03621 0.0 1.81892995 0.0
t 130
c 235.14148 -18.46699 29.23789 0.0 1.81892995 0.0
t 130
c 235.14148 -18.46699 29.43957 0.0 1.81892995 0.0
t 130
c 235.14148 -18.46699 29.64125 0.0 1.81892995 0.0
t 130
c 235.14148 -18.46699 29.84293 0.0 1.81892995 0.0
t 130
c 235.14148 -18.46699 30.04461 0.0 1.81892995 0.0
t 130
c 235.14148 -18.46699 30.24629 0.0 1.81892995 0.0
t 130
c 235.14148 -18.46699 30.44797 0.0 1.81892995 0.0
t 130
c 235.14148 -18.46699 30.64965 0.0 1.81892995 0.0
t 130
c 235.14148 -18.46699 30.85133 0.0 1.81892995 0.0
t 130
c 235.14148 -18.46699 31.05301 0.0 1.81892995 0.0
t 130
c 235.14148 -18.46699 31.25469 0.0 1.81892995 0.0
t 130
c 235.14148 -18.46699 31.45637 0.0 1.81892995 0.0
t 130
c 235.14148 -18.46699 31.65805 0.0 1.81892995 0.0
t 130
c 235.14148 -18.46699 31.85973 0.0 1.81892995 0.0
t 130
c 235.14148 -18.46699 32.06141 0.0 1.81892995 0.0
t 130
c 235.14148 -18.46699 32.26309 0.0 1.81892995 0.0
t 130
c 235.14148 -18.46699 32.46477 0.0 1.81892995 0.0
t 130
c 235.14148 -18.46699 32.66645 0.0 1.81892995 0.0
t 130
c 235.14148 -18.46699 32.86813 0.0 1.81892995 0.0
t 130
c 235.14148 -18.46699 33.06981 0.0 1.81892995 0.0
t 130
c 235.14148 -18.46699 33.2715 0.0 1.81892995 0.0
t 130
c 235.14148 -18.46699 33.47318 0.0 1.81892995 0.0
t 130
c 235.14148 -18.46699 33.67486 0.0 1.81892995 0.0
t 130
c 235.14148 -18.46699 33.87654 0.0 1.81892995 0.0
t 130
c 235.14148 -18.46699 34.07822 0.0 1.81892995 0.0
t 130
c 235.14148 -18.46699 34.2799 0.0 1.81892995 0.0
t 130
c 235.14148 -18.46699 34.48158 0.0 1.81892995 0.0
t 130
c 235.14148 -18.46699 34.68326 0.0 1.81892995 0.0
t 130
c 235.14148 -18.46699 34.88494 0.0 1.81892995 0.0
t 130
c 235.14148 -18.46699 35.08662 0.0 1.81892995 0.0
t 130
c 235.14148 -18.46699 35.2883 0.0 1.81892995 0.0
t 130
c 235.14148 -18.46699 35.48998 0.0 1.81892995 0.0
t 130
c 235.14148 -18.46699 35.69166 0.0 1.81892995 0.0
t 130
c 235.14148 -18.46699 35.89334 0.0 1.81892995 0.0
t 130
c 235.14148 -18.46699 36.09502 0.0 1.81892995 0.0
t 130
c 235.14148 -18.46699 36.2967 0.0 1.81892995 0.0
t 130
c 235.14148 -18.46699 36.49838 0.0 1.81892995 0.0
t 130
c 235.14148 -18.46699 36.70006 0.0 1.81892995 0.0
t 130
c 235.14148 -18.46699 36.90174 0.0 1.81892995 0.0
t 130
c 235.14148 -18.46699 37.10342 0.0 1.81892995 0.0
t 130
c 235.14148 -18.46699 37.3051 0.0 1.81892995 0.0
t 130
c 235.14148 -18.46699 37.50679 0.0 1.81892995 0.0
t 130
c 235.14148 -18.46699 37.70847 0.0 1.81892995 0.0
t 130
c 235.14148 -18.46699 37.91015 0.0 1.81892995 0.0
t 130
c 235.14148 -18.46699 38.11183 0.0 1.81892995 0.0
t 130
c 235.14148 -18.46699 38.31351 0.0 1.81892995 0.0
t 130
c 235.14148 -18.46699 38.51519 0.0 1.81892995 0.0
t 130
c 235.14148 -18.46699 38.71687 0.0 1.81892995 0.0
t 130
c 235.14148 -18.46699 38.91855 0.0 1.81892995 0.0
t 130
c 235.14148 -18.46699 39.12023 0.0 1.81892995 0.0
t 130
c 235.14148 -18.46699 39.32191 0.0 1.81892995 0.0
t 130
c 235.14148 -18.46699 39.52359 0.0 1.81892995 0.0
t 130
c 235.14148 -18.46699 39.72527 0.0 1.81892995 0.0
t 130
c 235.14148 -18.46699 39.92695 0.0 1.81892995 0.0
t 130
c 235.14148 -18.46699 40.12863 0.0 1.81892995 0.0
t 130
c 235.14148 -18.46699 40.33031 0.0 1.81892995 0.0
t 130
c 235.14148 -18.46699 40.53199 0.0 1.81892995 0.0
t 130
c 235.14148 -18.46699 40.73367 0.0 1.81892995 0.0
t 130
c 235.14148 -18.46699 40.93535 0.0 1.81892995 0.0
t 130
c 235.14148 -18.46699 41.13703 0.0 1.81892995 0.0
t 130
c 235.14148 -18.46699 41.33871 0.0 1.81892995 0.0
t 130
c 235.14148 -18.46699 41.5404 0.0 1.81892995 0.0
t 130
c 235.14148 -18.46699 41.74208 0.0 1.81892995 0.0
t 130
c 235.14148 -18.46699 41.94376 0.0 1.81892995 0.0
t 130
c 235.14148 -18.46699 42.14544 0.0 1.81892995 0.0
t 130
c 235.14148 -18.46699 42.34712 0.0 1.81892995 0.0
t 130
c 235.14148 -18.46699 42.5488 0.0 1.81892995 0.0
t 130
c 235.14148 -18.46699 42.75048 0.0 1.81892995 0.0
t 130
c 235.14148 -18.46699 42.95216 0.0 1.81892995 0.0
t 130
c 235.14148 -18.46699 43.15384 0.0 1.81892995 0.0
t 130
c 235.14148 -18.46699 43.35552 0.0 1.81892995 0.0
t 130
c 235.14148 -18.46699 43.5572 0.0 1.81892995 0.0
t 130
c 235.14148 -18.46699 43.75888 0.0 1.81892995 0.0
t 130
c 235.14148 -18.46699 43.96056 0.0 1.81892995 0.0
t 130
c 235.14148 -18.46699 44.16224 0.0 1.81892995 0.0
t 130
c 235.14148 -18.46699 44.36392 0.0 1.81892995 0.0
t 130
c 235.14148 -18.46699 44.5656 0.0 1.81892995 0.0
t 130
c 235.14148 -18.46699 44.76728 0.0 1.81892995 0.0
t 130
c 235.14148 -18.46699 44.96896 0.0 1.81892995 0.0
t 130
c 235.14148 -18.46699 45.17064 0.0 1.81892995 0.0
t 130
c 235.14148 -18.46699 45.37232 0.0 1.81892995 0.0
t 130
c 235.14148 -18.46699 45.574 0.0 1.81892995 0.0
t 130
c 235.14148 -18.46699 45.77569 0.0 1.81892995 0.0
t 130
c 235.14148 -18.46699 45.97737 0.0 1.81892995 0.0
t 130
c 235.14148 -18.46699 46.17905 0.0 1.81892995 0.0
t 130
c 235.14148 -18.46699 46.38073 0.0 1.81892995 0.0
t 130
c 235.14148 -18.46699 46.58241 0.0 1.81892995 0.0
t 130
c 235.14148 -18.46699 46.78409 0.0 1.81892995 0.0
t 130
c 235.14148 -18.46699 46.98577 0.0 1.81892995 0.0
t 130
c 235.14148 -18.46699 47.18745 0.0 1.81892995 0.0
t 130
c 235.14148 -18.46699 47.38913 0.0 1.81892995 0.0
t 130
c 235.14148 -18.46699 47.59081 0.0 1.81892995 0.0
t 130
c 235.14148 -18.46699 47.79249 0.0 1.81892995 0.0
t 130
c 235.14148 -18.46699 47.99417 0.0 1.81892995 0.0
t 130
c 235.14148 -18.46699 48.19585 0.0 1.81892995 0.0
t 130
c 235.14148 -18.46699 48.39753 0.0 1.81892995 0.0
t 130
c 235.14148 -18.46699 48.59921 0.0 1.81892995 0.0
t 130
c 235.14148 -18.46699 48.80089 0.0 1.81892995 0.0
t 130
c 235.14148 -18.46699 49.00257 0.0 1.81892995 0.0
t 130
c 235.14148 -18.46699 49.20425 0.0 1.81892995 0.0
t 130
c 235.14148 -18.46699 49.40593 0.0 1.81892995 0.0
t 130
c 235.14148 -18.46699 49.60761 0.0 1.81892995 0.0
t 130
c 235.14148 -18.46699 49.80929 0.0 1.81892995 0.0
t 130
c 235.14148 -18.46699 50.01098 0.0 1.81892995 0.0
t 130
c 235.14148 -18.46699 50.21266 0.0 1.81892995 0.0
t 130
c 235.14148 -18.46699 50.41434 0.0 1.81892995 0.0
t 130
c 235.14148 -18.46699 50.61602 0.0 1.81892995 0.0
t 130
c 235.14148 -18.46699 50.8177 0.0 1.81892995 0.0
t 130
c 235.14148 -18.46699 51.01938 0.0 1.81892995 0.0
t 130
c 235.14148 -18.46699 51.22106 0.0 1.81892995 0.0
t 130
c 235.14148 -18.46699 51.42274 0.0 1.81892995 0.0
t 130
c 235.14148 -18.46699 51.62442 0.0 1.81892995 0.0
t 130
c 235.14148 -18.46699 51.8261 0.0 1.81892995 0.0
t 130
c 235.14148 -18.46699 52.02778 0.0 1.81892995 0.0
t 130
c 235.14148 -18.46699 52.22946 0.0 1.81892995 0.0
t 130
c 235.14148 -18.46699 52.43114 0.0 1.81892995 0.0
t 130
c 235.14148 -18.46699 52.63282 0.0 1.81892995 0.0
t 130
c 235.14148 -18.46699 52.8345 0.0 1.81892995 0.0
t 130
c 235.14148 -18.46699 53.03618 0.0 1.81892995 0.0
t 130
c 235.14148 -18.46699 53.23786 0.0 1.81892995 0.0
t 130
c 235.14148 -18.46699 53.43954 0.0 1.81892995 0.0
t 130
c 235.14148 -18.46699 53.64122 0.0 1.81892995 0.0
t 130
c 235.14148 -18.46699 53.8429 0.0 1.81892995 0.0
t 130
c 235.14148 -18.46699 54.04458 0.0 1.81892995 0.0
t 130
c 235.14148 -18.46699 54.24627 0.0 1.81892995 0.0
t 130
c 235.14148 -18.46699 54.44795 0.0 1.81892995 0.0
t 130
c 235.14148 -18.46699 54.64963 0.0 1.81892995 0.0
t 130
c 235.14148 -18.46699 54.85131 0.0 1.81892995 0.0
t 130
c 235.14148 -18.46699 55.05299 0.0 1.81892995 0.0
t 130
c 235.14148 -18.46699 55.25467 0.0 1.81892995 0.0
t 130
c 235.14148 -18.46699 55.45635 0.0 1.81892995 0.0
t 130
c 235.14148 -18.46699 55.65803 0.0 1.81892995 0.0
t 130
c 235.14148 -18.46699 55.85971 0.0 1.81892995 0.0
t 130
c 235.14148 -18.46699 56.06139 0.0 1.81892995 0.0
t 130
c 235.14148 -18.46699 56.26307 0.0 1.81892995 0.0
t 130
c 235.14148 -18.46699 56.46475 0.0 1.81892995 0.0
t 130
c 235.14148 -18.46699 56.66643 0.0 1.81892995 0.0
t 130
c 235.14148 -18.46699 56.86811 0.0 1.81892995 0.0
t 130
c 235.14148 -18.46699 57.06979 0.0 1.81892995 0.0
t 130
c 235.14148 -18.46699 57.27147 0.0 1.81892995 0.0
t 130
c 235.14148 -18.46699 57.47315 0.0 1.81892995 0.0
t 130
c 235.14148 -18.46699 57.67483 0.0 1.81892995 0.0
t 130
c 235.14148 -18.46699 57.87651 0.0 1.81892995 0.0
t 130
c 235.14148 -18.46699 58.07819 0.0 1.81892995 0.0
t 130
c 235.14148 -18.46699 58.27987 0.0 1.81892995 0.0
t 130
c 235.14148 -18.46699 58.48156 0.0 1.81892995 0.0
t 130
c 235.14148 -18.46699 58.68324 0.0 1.81892995 0.0
t 130
c 235.14148 -18.46699 58.88492 0.0 1.81892995 0.0
t 130
c 235.14148 -18.46699 59.0866 0.0 1.81892995 0.0
t 130
c 235.14148 -18.46699 59.28828 0.0 1.81892995 0.0
t 130
c 235.14148 -18.46699 59.48996 0.0 1.81892995 0.0
t 130
c 235.14148 -18.46699 59.69164 0.0 1.81892995 0.0
t 130
c 235.14148 -18.46699 59.89332 0.0 1.81892995 0.0
t 130
c 235.14148 -18.46699 60.095 0.0 1.81892995 0.0
t 130
c 235.14148 -18.46699 60.29668 0.0 1.81892995 0.0
t 130
c 235.14148 -18.46699 60.49836 0.0 1.81892995 0.0
t 130
c 235.14148 -18.46699 60.70004 0.0 1.81892995 0.0
t 130
c 235.14148 -18.46699 60.90172 0.0 1.81892995 0.0
t 130
c 235.14148 -18.46699 61.1034 0.0 1.81892995 0.0
t 130
c 235.14148 -18.46699 61.30508 0.0 1.81892995 0.0
t 130
c 235.14148 -18.46699 61.50676 0.0 1.81892995 0.0
t 130
c 235.14148 -18.46699 61.70844 0.0 1.81892995 0.0
t 130
c 235.14148 -18.46699 61.91012 0.0 1.81892995 0.0
t 130
c 235.14148 -18.46699 62.1118 0.0 1.81892995 0.0
t 130
c 235.14148 -18.46699 62.31348 0.0 1.81892995 0.0
t 130
c 235.14148 -18.46699 62.51516 0.0 1.81892995 0.0
t 130
c 235.14148 -18.46699 62.71685 0.0 1.81892995 0.0
t 130
c 235.14148 -18.46699 62.91853 0.0 1.81892995 0.0
t 130
c 235.14148 -18.46699 63.12021 0.0 1.81892995 0.0
t 130
c 235.14148 -18.46699 63.32189 0.0 1.81892995 0.0
t 130
c 235.14148 -18.46699 63.52357 0.0 1.81892995 0.0
t 130
c 235.14148 -18.46699 63.72525 0.0 1.81892995 0.0
t 130
c 235.14148 -18.46699 63.92693 0.0 1.81892995 0.0
t 130
c 235.14148 -18.46699 64.12861 0.0 1.81892995 0.0
t 130
c 235.14148 -18.46699 64.33029 0.0 1.81892995 0.0
t 130
c 235.14148 -18.46699 64.53197 0.0 1.81892995 0.0
t 130
c 235.14148 -18.46699 64.73365 0.0 1.81892995 0.0
t 130
c 235.14148 -18.46699 64.93533 0.0 1.81892995 0.0
t 130
c 235.14148 -18.46699 65.13701 0.0 1.81892995 0.0
t 130
c 235.14148 -18.46699 65.33869 0.0 1.81892995 0.0
t 130
c 235.14148 -18.46699 65.54037 0.0 1.81892995 0.0
t 130
c 235.14148 -18.46699 65.74205 0.0 1.81892995 0.0
t 130
c 235.14148 -18.46699 65.94373 0.0 1.81892995 0.0
t 130
c 235.14148 -18.46699 66.14541 0.0 1.81892995 0.0
t 130
c 235.14148 -18.46699 66.34709 0.0 1.81892995 0.0
t 130
c 235.14148 -18.46699 66.54877 0.0 1.81892995 0.0
t 130
c 235.14148 -18.46699 66.75046 0.0 1.81892995 0.0
t 130
c 235.14148 -18.46699 66.95214 0.0 1.81892995 0.0
t 130
c 235.14148 -18.46699 67.15382 0.0 1.81892995 0.0
t 130
c 235.14148 -18.46699 67.3555 0.0 1.81892995 0.0
t 130
c 235.14148 -18.46699 67.55718 0.0 1.81892995 0.0
t 130
c 235.14148 -18.46699 67.75886 0.0 1.81892995 0.0
t 130
c 235.14148 -18.46699 67.96054 0.0 1.81892995 0.0
t 130
c 235.14148 -18.46699 68.16222 0.0 1.81892995 0.0
t 130
c 235.14148 -18.46699 68.3639 0.0 1.81892995 0.0
t 130
c 235.14148 -18.46699 68.56558 0.0 1.81892995 0.0
t 130
c 235.14148 -18.46699 68.76726 0.0 1.81892995 0.0
t 130
c 235.14148 -18.46699 68.96894 0.0 1.81892995 0.0
t 130
c 235.14148 -18.46699 69.17062 0.0 1.81892995 0.0
t 130
c 235.14148 -18.46699 69.3723 0.0 1.81892995 0.0
t 130
c 235.14148 -18.46699 69.57398 0.0 1.81892995 0.0
t 130
c 235.14148 -18.46699 69.77566 0.0 1.81892995 0.0
t 130
c 235.14148 -18.46699 69.97734 0.0 1.81892995 0.0
t 130
c 235.14148 -18.46699 70.17902 0.0 1.81892995 0.0
t 130
c 235.14148 -18.46699 70.3807 0.0 1.81892995 0.0
t 130
c 235.14148 -18.46699 70.58238 0.0 1.81892995 0.0
t 130
c 235.14148 -18.46699 70.78406 0.0 1.81892995 0.0
t 130
c 235.14148 -18.46699 70.98575 0.0 1.81892995 0.0
t 130
c 235.14148 -18.46699 71.18743 0.0 1.81892995 0.0
t 130
c 235.14148 -18.46699 71.38911 0.0 1.81892995 0.0
t 130
c 235.14148 -18.46699 71.59079 0.0 1.81892995 0.0
t 130
c 235.14148 -18.46699 71.79247 0.0 1.81892995 0.0
t 130
c 235.14148 -18.46699 71.99415 0.0 1.81892995 0.0
t 130
c 235.14148 -18.46699 72.19583 0.0 1.81892995 0.0
t 130
c 235.14148 -18.46699 72.39751 0.0 1.81892995 0.0
t 130
c 235.14148 -18.46699 72.59919 0.0 1.81892995 0.0
t 130
c 235.14148 -18.46699 72.80087 0.0 1.81892995 0.0
t 130
c 235.14148 -18.46699 73.00255 0.0 1.81892995 0.0
t 130
c 235.14148 -18.46699 73.20423 0.0 1.81892995 0.0
t 130
c 235.14148 -18.46699 73.40591 0.0 1.81892995 0.0
t 130
c 235.14148 -18.46699 73.60759 0.0 1.81892995 0.0
t 130
c 235.14148 -18.46699 73.80927 0.0 1.81892995 0.0
t 130
c 235.14148 -18.46699 74.01095 0.0 1.81892995 0.0
t 130
c 235.14148 -18.46699 74.21263 0.0 1.81892995 0.0
t 130
c 235.14148 -18.46699 74.41431 0.0 1.81892995 0.0
t 130
c 235.14148 -18.46699 74.61599 0.0 1.81892995 0.0
t 130
c 235.14148 -18.46699 74.81767 0.0 1.81892995 0.0
t 130
c 235.14148 -18.46699 75.01935 0.0 1.81892995 0.0
t 130
c 235.14148 -18.46699 75.22104 0.0 1.81892995 0.0
t 130
c 235.14148 -18.46699 75.42272 0.0 1.81892995 0.0
t 130
c 235.14148 -18.46699 75.6244 0.0 1.81892995 0.0
t 130
c 235.14148 -18.46699 75.82608 0.0 1.81892995 0.0
t 130
c 235.14148 -18.46699 76.02776 0.0 1.81892995 0.0
t 130
c 235.14148 -18.46699 76.22944 0.0 1.81892995 0.0
t 130
c 235.14148 -18.46699 76.43112 0.0 1.81892995 0.0
t 130
c 235.14148 -18.46699 76.6328 0.0 1.81892995 0.0
t 130
c 235.14148 -18.46699 76.83448 0.0 1.81892995 0.0
t 130
c 235.14148 -18.46699 77.03616 0.0 1.81892995 0.0
t 130
c 235.14148 -18.46699 77.23784 0.0 1.81892995 0.0
t 130
c 235.14148 -18.46699 77.43952 0.0 1.81892995 0.0
t 130
c 235.14148 -18.46699 77.6412 0.0 1.81892995 0.0
t 130
c 235.14148 -18.46699 77.84288 0.0 1.81892995 0.0
t 130
c 235.14148 -18.46699 78.04456 0.0 1.81892995 0.0
t 130
c 235.14148 -18.46699 78.24624 0.0 1.81892995 0.0
t 130
c 235.14148 -18.46699 78.44792 0.0 1.81892995 0.0
t 130
c 235.14148 -18.46699 78.6496 0.0 1.81892995 0.0
t 130
c 235.14148 -18.46699 78.85128 0.0 1.81892995 0.0
t 130
c 235.14148 -18.46699 79.05296 0.0 1.81892995 0.0
t 130
c 235.14148 -18.46699 79.25464 0.0 1.81892995 0.0
t 130
c 235.14148 -18.46699 79.45633 0.0 1.81892995 0.0
t 130
c 235.14148 -18.46699 79.65801 0.0 1.81892995 0.0
t 130
c 235.14148 -18.46699 79.85969 0.0 1.81892995 0.0
t 130
c 235.14148 -18.46699 80.06137 0.0 1.81892995 0.0
t 130
c 235.14148 -18.46699 80.26305 0.0 1.81892995 0.0
t 130
c 235.14148 -18.46699 80.46473 0.0 1.81892995 0.0
t 130
c 235.14148 -18.46699 80.66641 0.0 1.81892995 0.0
t 130
c 235.14148 -18.46699 80.86809 0.0 1.81892995 0.0
t 130
c 235.14148 -18.46699 81.06977 0.0 1.81892995 0.0
t 130
c 235.14148 -18.46699 81.27145 0.0 1.81892995 0.0
t 130
c 235.14148 -18.46699 81.47313 0.0 1.81892995 0.0
t 130
c 235.14148 -18.46699 81.67481 0.0 1.81892995 0.0
t 130
c 235.14148 -18.46699 81.87649 0.0 1.81892995 0.0
t 130
c 235.14148 -18.46699 82.07817 0.0 1.81892995 0.0
t 130
c 235.14148 -18.46699 82.27985 0.0 1.81892995 0.0
t 130
c 235.14148 -18.46699 82.48153 0.0 1.81892995 0.0
t 130
c 235.14148 -18.46699 82.68321 0.0 1.81892995 0.0
t 130
c 235.14148 -18.46699 82.88489 0.0 1.81892995 0.0
t 130
c 235.14148 -18.46699 83.08657 0.0 1.81892995 0.0
t 130
c 235.14148 -18.46699 83.28825 0.0 1.81892995 0.0
t 130
c 235.14148 -18.46699 83.48993 0.0 1.81892995 0.0
t 130
c 235.14148 -18.46699 83.69162 0.0 1.81892995 0.0
t 130
c 235.14148 -18.46699 83.8933 0.0 1.81892995 0.0
t 130
c 235.14148 -18.46699 84.09498 0.0 1.81892995 0.0
t 130
c 235.14148 -18.46699 84.29666 0.0 1.81892995 0.0
t 130
c 235.14148 -18.46699 84.49834 0.0 1.81892995 0.0
t 130
c 235.14148 -18.46699 84.70002 0.0 1.81892995 0.0
t 130
c 235.14148 -18.46699 84.9017 0.0 1.81892995 0.0
t 130
c 235.14148 -18.46699 85.10338 0.0 1.81892995 0.0
t 130
c 235.14148 -18.46699 85.30506 0.0 1.81892995 0.0
t 130
c 235.14148 -18.46699 85.50674 0.0 1.81892995 0.0
t 130
c 235.14148 -18.46699 85.70842 0.0 1.81892995 0.0
t 130
c 235.14148 -18.46699 85.9101 0.0 1.81892995 0.0
t 130
c 235.14148 -18.46699 86.11178 0.0 1.81892995 0.0
t 130
c 235.14148 -18.46699 86.31346 0.0 1.81892995 0.0
t 130
c 235.14148 -18.46699 86.51514 0.0 1.81892995 0.0
t 130
c 235.14148 -18.46699 86.71682 0.0 1.81892995 0.0
t 130
c 235.14148 -18.46699 86.9185 0.0 1.81892995 0.0
t 130
c 235.14148 -18.46699 87.12018 0.0 1.81892995 0.0
t 130
c 235.14148 -18.46699 87.32186 0.0 1.81892995 0.0
t 130
c 235.14148 -18.46699 87.52354 0.0 1.81892995 0.0
t 130
c 235.14148 -18.46699 87.72522 0.0 1.81892995 0.0
t 130
c 235.14148 -18.46699 87.92691 0.0 1.81892995 0.0
t 130
c 235.14148 -18.46699 88.12859 0.0 1.81892995 0.0
t 130
c 235.14148 -18.46699 88.33027 0.0 1.81892995 0.0
t 130
c 235.14148 -18.46699 88.53195 0.0 1.81892995 0.0
t 130
c 235.14148 -18.46699 88.73363 0.0 1.81892995 0.0
t 130
c 235.14148 -18.46699 88.93531 0.0 1.81892995 0.0
t 130
c 235.14148 -18.46699 89.13699 0.0 1.81892995 0.0
t 130
c 235.14148 -18.46699 89.33867 0.0 1.81892995 0.0
t 130
c 235.14148 -18.46699 89.54035 0.0 1.81892995 0.0
t 130
c 235.14148 -18.46699 89.74203 0.0 1.81892995 0.0
t 130
c 235.14148 -18.46699 89.94371 0.0 1.81892995 0.0
t 130
c 235.14148 -18.46699 90.14539 0.0 1.81892995 0.0
t 130
c 235.14148 -18.46699 90.34707 0.0 1.81892995 0.0
t 130
c 235.14148 -18.46699 90.54875 0.0 1.81892995 0.0
t 130
c 235.14148 -18.46699 90.75043 0.0 1.81892995 0.0
t 130
c 235.14148 -18.46699 90.95211 0.0 1.81892995 0.0
t 130
c 235.14148 -18.46699 91.15379 0.0 1.81892995 0.0
t 130
c 235.14148 -18.46699 91.35547 0.0 1.81892995 0.0
t 130
c 235.14148 -18.46699 91.55715 0.0 1.81892995 0.0
t 130
c 235.14148 -18.46699 91.75883 0.0 1.81892995 0.0
t 130
c 235.14148 -18.46699 91.96052 0.0 1.81892995 0.0
t 130
c 235.14148 -18.46699 92.1622 0.0 1.81892995 0.0
t 130
c 235.14148 -18.46699 92.36388 0.0 1.81892995 0.0
t 130
c 235.14148 -18.46699 92.56556 0.0 1.81892995 0.0
t 130
c 235.14148 -18.46699 92.76724 0.0 1.81892995 0.0
t 130
c 235.14148 -18.46699 92.96892 0.0 1.81892995 0.0
t 130
c 235.14148 -18.46699 93.1706 0.0 1.81892995 0.0
t 130
c 235.14148 -18.46699 93.37228 0.0 1.81892995 0.0
t 130
c 235.14148 -18.46699 93.57396 0.0 1.81892995 0.0
t 130
c 235.14148 -18.46699 93.77564 0.0 1.81892995 0.0
t 130
c 235.14148 -18.46699 93.97732 0.0 1.81892995 0.0
t 130
c 235.14148 -18.46699 94.179 0.0 1.81892995 0.0
t 130
c 235.14148 -18.46699 94.38068 0.0 1.81892995 0.0
t 130
c 235.14148 -18.46699 94.58236 0.0 1.81892995 0.0
t 130
c 235.14148 -18.46699 94.78404 0.0 1.81892995 0.0
t 130
c 235.14148 -18.46699 94.98572 0.0 1.81892995 0.0
t 130
c 235.14148 -18.46699 95.1874 0.0 1.81892995 0.0
t 130
c 235.14148 -18.46699 95.38908 0.0 1.81892995 0.0
t 130
c 235.14148 -18.46699 95.59076 0.0 1.81892995 0.0
t 130
c 235.14148 -18.46699 95.79244 0.0 1.81892995 0.0
t 130
c 235.14148 -18.46699 95.99412 0.0 1.81892995 0.0
t 130
c 235.14148 -18.46699 96.19581 0.0 1.81892995 0.0
t 130
c 235.14148 -18.46699 96.39749 0.0 1.81892995 0.0
t 130
c 235.14148 -18.46699 96.59917 0.0 1.81892995 0.0
t 130
c 235.14148 -18.46699 96.80085 0.0 1.81892995 0.0
t 130
c 235.14148 -18.46699 97.00253 0.0 1.81892995 0.0
t 130
c 235.14148 -18.46699 97.20421 0.0 1.81892995 0.0
t 130
c 235.14148 -18.46699 97.40589 0.0 1.81892995 0.0
t 130
c 235.14148 -18.46699 97.60757 0.0 1.81892995 0.0
t 130
c 235.14148 -18.46699 97.80925 0.0 1.81892995 0.0
t 130
c 235.14148 -18.46699 98.01093 0.0 1.81892995 0.0
t 130
c 235.14148 -18.46699 98.21261 0.0 1.81892995 0.0
t 130
c 235.14148 -18.46699 98.41429 0.0 1.81892995 0.0
t 130
c 235.14148 -18.46699 98.61597 0.0 1.81892995 0.0
t 130
c 235.14148 -18.46699 98.81765 0.0 1.81892995 0.0
t 130
c 235.14148 -18.46699 99.01933 0.0 1.81892995 0.0
t 130
c 235.14148 -18.46699 99.22101 0.0 1.81892995 0.0
t 130
c 235.14148 -18.46699 99.42269 0.0 1.81892995 0.0
t 130
c 235.14148 -18.46699 99.62437 0.0 1.81892995 0.0
t 130
c 235.14148 -18.46699 99.82605 0.0 1.81892995 0.0
t 130
c 235.14148 -18.46699 100.02773 0.0 1.81892995 0.0
t 130
c 235.14148 -18.46699 100.22941 0.0 1.81892995 0.0
t 130
c 235.14148 -18.46699 100.4311 0.0 1.81892995 0.0
t 130
c 235.14148 -18.46699 100.63278 0.0 1.81892995 0.0
t 130
c 235.14148 -18.46699 100.83446 0.0 1.81892995 0.0
t 130
c 235.14148 -18.46699 101.03614 0.0 1.81892995 0.0
t 130
c 235.14148 -18.46699 101.23782 0.0 1.81892995 0.0
t 130
c 235.14148 -18.46699 101.4395 0.0 1.81892995 0.0
t 130
c 235.14148 -18.46699 101.64118 0.0 1.81892995 0.0
t 130
c 235.14148 -18.46699 101.84286 0.0 1.81892995 0.0
t 130
c 235.14148 -18.46699 102.04454 0.0 1.81892995 0.0
t 130
c 235.14148 -18.46699 102.24622 0.0 1.81892995 0.0
t 130
c 235.14148 -18.46699 102.4479 0.0 1.81892995 0.0
t 130
c 235.14148 -18.46699 102.64958 0.0 1.81892995 0.0
t 130
c 235.14148 -18.46699 102.85126 0.0 1.81892995 0.0
t 130
c 235.14148 -18.46699 103.05294 0.0 1.81892995 0.0
t 130
c 235.14148 -18.46699 103.25462 0.0 1.81892995 0.0
t 130
c 235.14148 -18.46699 103.4563 0.0 1.81892995 0.0
t 130
c 235.14148 -18.46699 103.65798 0.0 1.81892995 0.0
t 130
c 235.14148 -18.46699 103.85966 0.0 1.81892995 0.0
t 130
c 235.14148 -18.46699 104.06134 0.0 1.81892995 0.0
t 130
c 235.14148 -18.46699 104.26302 0.0 1.81892995 0.0
t 130
c 235.14148 -18.46699 104.4647 0.0 1.81892995 0.0
t 130
c 235.14148 -18.46699 104.66639 0.0 1.81892995 0.0
t 130
c 235.14148 -18.46699 104.86807 0.0 1.81892995 0.0
t 130
c 235.14148 -18.46699 105.06975 0.0 1.81892995 0.0
t 130
c 235.14148 -18.46699 105.27143 0.0 1.81892995 0.0
t 130
c 235.14148 -18.46699 105.47311 0.0 1.81892995 0.0
t 130
c 235.14148 -18.46699 105.67479 0.0 1.81892995 0.0
t 130
c 235.14148 -18.46699 105.87647 0.0 1.81892995 0.0
t 130
c 235.14148 -18.46699 106.07815 0.0 1.81892995 0.0
t 130
c 235.14148 -18.46699 106.27983 0.0 1.81892995 0.0
t 130
c 235.14148 -18.46699 106.48151 0.0 1.81892995 0.0
t 130
c 235.14148 -18.46699 106.68319 0.0 1.81892995 0.0
t 130
c 235.14148 -18.46699 106.88487 0.0 1.81892995 0.0
t 130
c 235.14148 -18.46699 107.08655 0.0 1.81892995 0.0
t 130
c 235.14148 -18.46699 107.28823 0.0 1.81892995 0.0
t 130
c 235.14148 -18.46699 107.48991 0.0 1.81892995 0.0
t 130
c 235.14148 -18.46699 107.69159 0.0 1.81892995 0.0
t 130
c 235.14148 -18.46699 107.89327 0.0 1.81892995 0.0
t 130
c 235.14148 -18.46699 108.09495 0.0 1.81892995 0.0
t 130
c 235.14148 -18.46699 108.29663 0.0 1.81892995 0.0
t 130
c 235.14148 -18.46699 108.49831 0.0 1.81892995 0.0
t 130
c 235.14148 -18.46699 108.69999 0.0 1.81892995 0.0
t 130
c 235.14148 -18.46699 108.90168 0.0 1.81892995 0.0
t 130
c 235.14148 -18.46699 109.10336 0.0 1.81892995 0.0
t 130
c 235.14148 -18.46699 109.30504 0.0 1.81892995 0.0
t 130
c 235.14148 -18.46699 109.50672 0.0 1.81892995 0.0
t 130
c 235.14148 -18.46699 109.7084 0.0 1.81892995 0.0
t 130
c 235.14148 -18.46699 109.91008 0.0 1.81892995 0.0
t 130
c 235.14148 -18.46699 110.11176 0.0 1.81892995 0.0
t 130
c 235.14148 -18.46699 110.31344 0.0 1.81892995 0.0
t 130
c 235.14148 -18.46699 110.51512 0.0 1.81892995 0.0
t 130
c 235.14148 -18.46699 110.7168 0.0 1.81892995 0.0
t 130
c 235.14148 -18.46699 110.91848 0.0 1.81892995 0.0
t 130
c 235.14148 -18.46699 111.12016 0.0 1.81892995 0.0
t 130
c 235.14148 -18.46699 111.32184 0.0 1.81892995 0.0
t 130
c 235.14148 -18.46699 111.52352 0.0 1.81892995 0.0
t 130
c 235.14148 -18.46699 111.7252 0.0 1.81892995 0.0
t 130
c 235.14148 -18.46699 111.92688 0.0 1.81892995 0.0
t 130
c 235.14148 -18.46699 112.12856 0.0 1.81892995 0.0
t 130
c 235.14148 -18.46699 112.33024 0.0 1.81892995 0.0
t 130
c 235.14148 -18.46699 112.53192 0.0 1.81892995 0.0
t 130
c 235.14148 -18.46699 112.7336 0.0 1.81892995 0.0
t 130
c 235.14148 -18.46699 112.93528 0.0 1.81892995 0.0
t 130
c 235.14148 -18.46699 113.13697 0.0 1.81892995 0.0
t 130
c 235.14148 -18.46699 113.33865 0.0 1.81892995 0.0
t 130
c 235.14148 -18.46699 113.54033 0.0 1.81892995 0.0
t 130
c 235.14148 -18.46699 113.74201 0.0 1.81892995 0.0
t 130
c 235.14148 -18.46699 113.94369 0.0 1.81892995 0.0
t 130
c 235.14148 -18.46699 114.14537 0.0 1.81892995 0.0
t 130
c 235.14148 -18.46699 114.34705 0.0 1.81892995 0.0
t 130
c 235.14148 -18.46699 114.54873 0.0 1.81892995 0.0
t 130
c 235.14148 -18.46699 114.75041 0.0 1.81892995 0.0
t 130
c 235.14148 -18.46699 114.95209 0.0 1.81892995 0.0
t 130
c 235.14148 -18.46699 115.15377 0.0 1.81892995 0.0
t 130
c 235.14148 -18.46699 115.35545 0.0 1.81892995 0.0
t 130
c 235.14148 -18.46699 115.55713 0.0 1.81892995 0.0
t 130
c 235.14148 -18.46699 115.75881 0.0 1.81892995 0.0
t 130
c 235.14148 -18.46699 115.96049 0.0 1.81892995 0.0
t 130
c 235.14148 -18.46699 116.16217 0.0 1.81892995 0.0
t 130
c 235.14148 -18.46699 116.36385 0.0 1.81892995 0.0
t 130
c 235.14148 -18.46699 116.56553 0.0 1.81892995 0.0
t 130
c 235.14148 -18.46699 116.76721 0.0 1.81892995 0.0
t 130
c 235.14148 -18.46699 116.96889 0.0 1.81892995 0.0
t 130
c 235.14148 -18.46699 117.17058 0.0 1.81892995 0.0
t 130
c 235.14148 -18.46699 117.37226 0.0 1.81892995 0.0
t 130
c 235.14148 -18.46699 117.57394 0.0 1.81892995 0.0
t 130
c 235.14148 -18.46699 117.77562 0.0 1.81892995 0.0
t 130
c 235.14148 -18.46699 117.9773 0.0 1.81892995 0.0
t 130
c 235.14148 -18.46699 118.17898 0.0 1.81892995 0.0
t 130
c 235.14148 -18.46699 118.38066 0.0 1.81892995 0.0
t 130
c 235.14148 -18.46699 118.58234 0.0 1.81892995 0.0
t 130
c 235.14148 -18.46699 118.78402 0.0 1.81892995 0.0
t 130
c 235.14148 -18.46699 118.9857 0.0 1.81892995 0.0
t 130
c 235.14148 -18.46699 119.18738 0.0 1.81892995 0.0
t 130
c 235.14148 -18.46699 119.38906 0.0 1.81892995 0.0
t 130
c 235.14148 -18.46699 119.59074 0.0 1.81892995 0.0
t 130
c 235.14148 -18.46699 119.79242 0.0 1.81892995 0.0
t 130
c 235.14148 -18.46699 119.9941 0.0 1.81892995 0.0
t 130
c 235.14148 -18.46699 120.19578 0.0 1.81892995 0.0
t 130
c 235.14148 -18.46699 120.39746 0.0 1.81892995 0.0
t 130
c 235.14148 -18.46699 120.59914 0.0 1.81892995 0.0
t 130
c 235.14148 -18.46699 120.80082 0.0 1.81892995 0.0
t 130
c 235.14148 -18.46699 121.0025 0.0 1.81892995 0.0
t 130
c 235.14148 -18.46699 121.20418 0.0 1.81892995 0.0
t 130
c 235.14148 -18.46699 121.40587 0.0 1.81892995 0.0
t 130
c 235.14148 -18.46699 121.60755 0.0 1.81892995 0.0
t 130
c 235.14148 -18.46699 121.80923 0.0 1.81892995 0.0
t 130
c 235.14148 -18.46699 122.01091 0.0 1.81892995 0.0
t 130
c 235.14148 -18.46699 122.21259 0.0 1.81892995 0.0
t 130
c 235.14148 -18.46699 122.41427 0.0 1.81892995 0.0
t 130
c 235.14148 -18.46699 122.61595 0.0 1.81892995 0.0
t 130
c 235.14148 -18.46699 122.81763 0.0 1.81892995 0.0
t 130
c 235.14148 -18.46699 123.01931 0.0 1.81892995 0.0
t 130
c 235.14148 -18.46699 123.22099 0.0 1.81892995 0.0
t 130
c 235.14148 -18.46699 123.42267 0.0 1.81892995 0.0
t 130
c 235.14148 -18.46699 123.62435 0.0 1.81892995 0.0
t 130
c 235.14148 -18.46699 123.82603 0.0 1.81892995 0.0
t 130
c 235.14148 -18.46699 124.02771 0.0 1.81892995 0.0
t 130
c 235.14148 -18.46699 124.22939 0.0 1.81892995 0.0
t 130
c 235.14148 -18.46699 124.43107 0.0 1.81892995 0.0
t 130
c 235.14148 -18.46699 124.63275 0.0 1.81892995 0.0
t 130
c 235.14148 -18.46699 124.83443 0.0 1.81892995 0.0
t 130
c 235.14148 -18.46699 125.03611 0.0 1.81892995 0.0
t 130
c 235.14148 -18.46699 125.23779 0.0 1.81892995 0.0
t 130
c 235.14148 -18.46699 125.43947 0.0 1.81892995 0.0
t 130
c 235.14148 -18.46699 125.64116 0.0 1.81892995 0.0
t 130
c 235.14148 -18.46699 125.84284 0.0 1.81892995 0.0
t 130
c 235.14148 -18.46699 126.04452 0.0 1.81892995 0.0
t 130
c 235.14148 -18.46699 126.2462 0.0 1.81892995 0.0
t 130
c 235.14148 -18.46699 126.44788 0.0 1.81892995 0.0
t 130
c 235.14148 -18.46699 126.64956 0.0 1.81892995 0.0
t 130
c 235.14148 -18.46699 126.85124 0.0 1.81892995 0.0
t 130
c 235.14148 -18.46699 127.05292 0.0 1.81892995 0.0
t 130
c 235.14148 -18.46699 127.2546 0.0 1.81892995 0.0
t 130
c 235.14148 -18.46699 127.45628 0.0 1.81892995 0.0
t 130
c 235.14148 -18.46699 127.65796 0.0 1.81892995 0.0
t 130
