c 326.0 0.0 334.0 -0.0068314 0.0 0.0
c 326.0 0.0 334.0 -0.0034752 0.0 0.0
c 326.0 0.0 334.0 -0.000119 0.0 0.0
c 326.0 0.0 334.0 0.0032372 0.0 0.0
c 326.0 0.0 334.0 0.0065934 0.0 0.0
c 326.0 0.0 334.0 0.0099496 0.0 0.0
c 326.0 0.0 334.0 0.01330581 0.0 0.0
c 326.0 0.0 334.0 0.01666201 0.0 0.0
c 326.0 0.0 334.0 0.02001821 0.0 0.0
c 326.0 0.0 334.0 0.02337441 0.0 0.0
c 326.0 0.0 334.0 0.02673061 0.0 0.0
c 326.0 0.0 334.0 0.03008681 0.0 0.0
c 326.0 0.0 334.0 0.03344301 0.0 0.0
c 326.0 0.0 334.0 0.03679921 0.0 0.0
c 326.0 0.0 334.0 0.04015541 0.0 0.0
c 326.0 0.0 334.0 0.04351161 0.0 0.0
c 326.0 0.0 334.0 0.04686781 0.0 0.0
c 326.0 0.0 334.0 0.05022402 0.0 0.0
c 326.0 0.0 334.0 0.05358022 0.0 0.0
c 326.0 0.0 334.0 0.05693642 0.0 0.0
c 326.0 0.0 334.0 0.06029262 0.0 0.0
c 326.0 0.0 334.0 0.06364882 0.0 0.0
c 326.0 0.0 334.0 0.06700502 0.0 0.0
c 326.0 0.0 334.0 0.07036122 0.0 0.0
c 326.0 0.0 334.0 0.07371742 0.0 0.0
c 326.0 0.0 334.0 0.07707362 0.0 0.0
c 326.0 0.0 334.0 0.08042982 0.0 0.0
c 326.0 0.0 334.0 0.08378602 0.0 0.0
c 326.0 0.0 334.0 0.08714223 0.0 0.0
c 326.0 0.0 334.0 0.09049843 0.0 0.0
c 326.0 0.0 334.0 0.09385463 0.0 0.0
c 326.0 0.0 334.0 0.09721083 0.0 0.0
c 326.0 0.0 334.0 0.10056703 0.0 0.0
c 326.0 0.0 334.0 0.10392323 0.0 0.0
c 326.0 0.0 334.0 0.10727943 0.0 0.0
c 326.0 0.0 334.0 0.11063563 0.0 0.0
c 326.0 0.0 334.0 0.11399183 0.0 0.0
c 326.0 0.0 334.0 0.11734803 0.0 0.0
c 326.0 0.0 334.0 0.12070423 0.0 0.0
c 326.0 0.0 334.0 0.12406044 0.0 0.0
c 326.0 0.0 334.0 0.12741664 0.0 0.0
c 326.0 0.0 334.0 0.13077284 0.0 0.0
c 326.0 0.0 334.0 0.13412904 0.0 0.0
c 326.0 0.0 334.0 0.13748524 0.0 0.0
c 326.0 0.0 334.0 0.14084144 0.0 0.0
c 326.0 0.0 334.0 0.14419764 0.0 0.0
c 326.0 0.0 334.0 0.14755384 0.0 0.0
c 326.0 0.0 334.0 0.15091004 0.0 0.0
c 326.0 0.0 334.0 0.15426624 0.0 0.0
c 326.0 0.0 334.0 0.15762244 0.0 0.0
c 326.0 0.0 334.0 0.16097865 0.0 0.0
c 326.0 0.0 334.0 0.16433485 0.0 0.0
c 326.0 0.0 334.0 0.16769105 0.0 0.0
c 326.0 0.0 334.0 0.17104725 0.0 0.0
c 326.0 0.0 334.0 0.17440345 0.0 0.0
c 326.0 0.0 334.0 0.17775965 0.0 0.0
c 326.0 0.0 334.0 0.18111585 0.0 0.0
c 326.0 0.0 334.0 0.18447205 0.0 0.0
c 326.0 0.0 334.0 0.18782825 0.0 0.0
c 326.0 0.0 334.0 0.19118445 0.0 0.0
c 326.0 0.0 334.0 0.19454066 0.0 0.0
c 326.0 0.0 334.0 0.19789686 0.0 0.0
c 326.0 0.0 334.0 0.20125306 0.0 0.0
c 326.0 0.0 334.0 0.20460926 0.0 0.0
c 326.0 0.0 334.0 0.20796546 0.0 0.0
c 326.0 0.0 334.0 0.21132166 0.0 0.0
c 326.0 0.0 334.0 0.21467786 0.0 0.0
c 326.0 0.0 334.0 0.21803406 0.0 0.0
c 326.0 0.0 334.0 0.22139026 0.0 0.0
c 326.0 0.0 334.0 0.22474646 0.0 0.0
c 326.0 0.0 334.0 0.22810266 0.0 0.0
c 326.0 0.0 334.0 0.23145887 0.0 0.0
c 326.0 0.0 334.0 0.23481507 0.0 0.0
c 326.0 0.0 334.0 0.23817127 0.0 0.0
c 326.0 0.0 334.0 0.24152747 0.0 0.0
c 326.0 0.0 334.0 0.24488367 0.0 0.0
c 326.0 0.0 334.0 0.24823987 0.0 0.0
c 326.0 0.0 334.0 0.25159607 0.0 0.0
c 326.0 0.0 334.0 0.25495227 0.0 0.0
c 326.0 0.0 334.0 0.25830847 0.0 0.0
c 326.0 0.0 334.0 0.26166467 0.0 0.0
c 326.0 0.0 334.0 0.26502087 0.0 0.0
c 326.0 0.0 334.0 0.26837708 0.0 0.0
c 326.0 0.0 334.0 0.27173328 0.0 0.0
c 326.0 0.0 334.0 0.27508948 0.0 0.0
c 326.0 0.0 334.0 0.27844568 0.0 0.0
c 326.0 0.0 334.0 0.28180188 0.0 0.0
c 326.0 0.0 334.0 0.28515808 0.0 0.0
c 326.0 0.0 334.0 0.28851428 0.0 0.0
c 326.0 0.0 334.0 0.29187048 0.0 0.0
c 326.0 0.0 334.0 0.29522668 0.0 0.0
c 326.0 0.0 334.0 0.29858288 0.0 0.0
c 326.0 0.0 334.0 0.30193908 0.0 0.0
c 326.0 0.0 334.0 0.30529529 0.0 0.0
c 326.0 0.0 334.0 0.30865149 0.0 0.0
c 326.0 0.0 334.0 0.31200769 0.0 0.0
c 326.0 0.0 334.0 0.31536389 0.0 0.0
c 326.0 0.0 334.0 0.31872009 0.0 0.0
c 326.0 0.0 334.0 0.32207629 0.0 0.0
c 326.0 0.0 334.0 0.32543249 0.0 0.0
c 326.0 0.0 334.0 0.32878869 0.0 0.0
c 326.0 0.0 334.0 0.33214489 0.0 0.0
c 326.0 0.0 334.0 0.33550109 0.0 0.0
c 326.0 0.0 334.0 0.33885729 0.0 0.0
c 326.0 0.0 334.0 0.3422135 0.0 0.0
c 326.0 0.0 334.0 0.3455697 0.0 0.0
c 326.0 0.0 334.0 0.3489259 0.0 0.0
c 326.0 0.0 334.0 0.3522821 0.0 0.0
c 326.0 0.0 334.0 0.3556383 0.0 0.0
c 326.0 0.0 334.0 0.3589945 0.0 0.0
c 326.0 0.0 334.0 0.3623507 0.0 0.0
c 326.0 0.0 334.0 0.3657069 0.0 0.0
c 326.0 0.0 334.0 0.3690631 0.0 0.0
c 326.0 0.0 334.0 0.3724193 0.0 0.0
c 326.0 0.0 334.0 0.3757755 0.0 0.0
c 326.0 0.0 334.0 0.37913171 0.0 0.0
c 326.0 0.0 334.0 0.38248791 0.0 0.0
c 326.0 0.0 334.0 0.38584411 0.0 0.0
c 326.0 0.0 334.0 0.38920031 0.0 0.0
c 326.0 0.0 334.0 0.39255651 0.0 0.0
c 326.0 0.0 334.0 0.39591271 0.0 0.0
c 326.0 0.0 334.0 0.39926891 0.0 0.0
c 326.0 0.0 334.0 0.40262511 0.0 0.0
c 326.0 0.0 334.0 0.40598131 0.0 0.0
c 326.0 0.0 334.0 0.40933751 0.0 0.0
c 326.0 0.0 334.0 0.41269371 0.0 0.0
c 326.0 0.0 334.0 0.41604992 0.0 0.0
c 326.0 0.0 334.0 0.41940612 0.0 0.0
c 326.0 0.0 334.0 0.42276232 0.0 0.0
c 326.0 0.0 334.0 0.42611852 0.0 0.0
c 326.0 0.0 334.0 0.42947472 0.0 0.0
c 326.0 0.0 334.0 0.43283092 0.0 0.0
c 326.0 0.0 334.0 0.43618712 0.0 0.0
c 326.0 0.0 334.0 0.43954332 0.0 0.0
c 326.0 0.0 334.0 0.44289952 0.0 0.0
c 326.0 0.0 334.0 0.44625572 0.0 0.0
c 326.0 0.0 334.0 0.44961192 0.0 0.0
c 326.0 0.0 334.0 0.45296813 0.0 0.0
c 326.0 0.0 334.0 0.45632433 0.0 0.0
c 326.0 0.0 334.0 0.45968053 0.0 0.0
c 326.0 0.0 334.0 0.46303673 0.0 0.0
c 326.0 0.0 334.0 0.46639293 0.0 0.0
c 326.0 0.0 334.0 0.46974913 0.0 0.0
c 326.0 0.0 334.0 0.47310533 0.0 0.0
c 326.0 0.0 334.0 0.47646153 0.0 0.0
c 326.0 0.0 334.0 0.47981773 0.0 0.0
c 326.0 0.0 334.0 0.48317393 0.0 0.0
c 326.0 0.0 334.0 0.48653013 0.0 0.0
c 326.0 0.0 334.0 0.48988634 0.0 0.0
c 326.0 0.0 334.0 0.49324254 0.0 0.0
c 326.0 0.0 334.0 0.49659874 0.0 0.0
c 326.0 0.0 334.0 0.49995494 0.0 0.0
c 326.0 0.0 334.0 0.50331114 0.0 0.0
c 326.0 0.0 334.0 0.50666734 0.0 0.0
c 326.0 0.0 334.0 0.51002354 0.0 0.0
c 326.0 0.0 334.0 0.51337974 0.0 0.0
c 326.0 0.0 334.0 0.51673594 0.0 0.0
c 326.0 0.0 334.0 0.52009214 0.0 0.0
c 326.0 0.0 334.0 0.52344835 0.0 0.0
c 326.0 0.0 334.0 0.52680455 0.0 0.0
c 326.0 0.0 334.0 0.53016075 0.0 0.0
c 326.0 0.0 334.0 0.53351695 0.0 0.0
c 326.0 0.0 334.0 0.53687315 0.0 0.0
c 326.0 0.0 334.0 0.54022935 0.0 0.0
c 326.0 0.0 334.0 0.54358555 0.0 0.0
c 326.0 0.0 334.0 0.54694175 0.0 0.0
c 326.0 0.0 334.0 0.55029795 0.0 0.0
c 326.0 0.0 334.0 0.55365415 0.0 0.0
c 326.0 0.0 334.0 0.55701035 0.0 0.0
c 326.0 0.0 334.0 0.56036656 0.0 0.0
c 326.0 0.0 334.0 0.56372276 0.0 0.0
c 326.0 0.0 334.0 0.56707896 0.0 0.0
c 326.0 0.0 334.0 0.57043516 0.0 0.0
c 326.0 0.0 334.0 0.57379136 0.0 0.0
c 326.0 0.0 334.0 0.57714756 0.0 0.0
c 326.0 0.0 334.0 0.58050376 0.0 0.0
c 326.0 0.0 334.0 0.58385996 0.0 0.0
c 326.0 0.0 334.0 0.58721616 0.0 0.0
c 326.0 0.0 334.0 0.59057236 0.0 0.0
c 326.0 0.0 334.0 0.59392856 0.0 0.0
c 326.0 0.0 334.0 0.59728477 0.0 0.0
c 326.0 0.0 334.0 0.60064097 0.0 0.0
c 326.0 0.0 334.0 0.60399717 0.0 0.0
c 326.0 0.0 334.0 0.60735337 0.0 0.0
c 326.0 0.0 334.0 0.61070957 0.0 0.0
c 326.0 0.0 334.0 0.61406577 0.0 0.0
c 326.0 0.0 334.0 0.61742197 0.0 0.0
c 326.0 0.0 334.0 0.62077817 0.0 0.0
c 326.0 0.0 334.0 0.62413437 0.0 0.0
c 326.0 0.0 334.0 0.62749057 0.0 0.0
c 326.0 0.0 334.0 0.63084677 0.0 0.0
c 326.0 0.0 334.0 0.63420298 0.0 0.0
c 326.0 0.0 334.0 0.63755918 0.0 0.0
c 326.0 0.0 334.0 0.64091538 0.0 0.0
c 326.0 0.0 334.0 0.64427158 0.0 0.0
c 326.0 0.0 334.0 0.64762778 0.0 0.0
c 326.0 0.0 334.0 0.65098398 0.0 0.0
c 326.0 0.0 334.0 0.65434018 0.0 0.0
c 326.0 0.0 334.0 0.65769638 0.0 0.0
c 326.0 0.0 334.0 0.66105258 0.0 0.0
c 326.0 0.0 334.0 0.66440878 0.0 0.0
c 326.0 0.0 334.0 0.66776498 0.0 0.0
c 326.0 0.0 334.0 0.67112119 0.0 0.0
c 326.0 0.0 334.0 0.67447739 0.0 0.0
c 326.0 0.0 334.0 0.67783359 0.0 0.0
c 326.0 0.0 334.0 0.68118979 0.0 0.0
c 326.0 0.0 334.0 0.68454599 0.0 0.0
c 326.0 0.0 334.0 0.68790219 0.0 0.0
c 326.0 0.0 334.0 0.69125839 0.0 0.0
c 326.0 0.0 334.0 0.69461459 0.0 0.0
c 326.0 0.0 334.0 0.69797079 0.0 0.0
c 326.0 0.0 334.0 0.70132699 0.0 0.0
c 326.0 0.0 334.0 0.70468319 0.0 0.0
c 326.0 0.0 334.0 0.7080394 0.0 0.0
c 326.0 0.0 334.0 0.7113956 0.0 0.0
c 326.0 0.0 334.0 0.7147518 0.0 0.0
c 326.0 0.0 334.0 0.718108 0.0 0.0
c 326.0 0.0 334.0 0.7214642 0.0 0.0
c 326.0 0.0 334.0 0.7248204 0.0 0.0
c 326.0 0.0 334.0 0.7281766 0.0 0.0
c 326.0 0.0 334.0 0.7315328 0.0 0.0
c 326.0 0.0 334.0 0.734889 0.0 0.0
c 326.0 0.0 334.0 0.7382452 0.0 0.0
c 326.0 0.0 334.0 0.7416014 0.0 0.0
c 326.0 0.0 334.0 0.74495761 0.0 0.0
c 326.0 0.0 334.0 0.74831381 0.0 0.0
c 326.0 0.0 334.0 0.75167001 0.0 0.0
c 326.0 0.0 334.0 0.75502621 0.0 0.0
c 326.0 0.0 334.0 0.75838241 0.0 0.0
c 326.0 0.0 334.0 0.76173861 0.0 0.0
c 326.0 0.0 334.0 0.76509481 0.0 0.0
c 326.0 0.0 334.0 0.76845101 0.0 0.0
c 326.0 0.0 334.0 0.77180721 0.0 0.0
c 326.0 0.0 334.0 0.77516341 0.0 0.0
c 326.0 0.0 334.0 0.77851961 0.0 0.0
c 326.0 0.0 334.0 0.78187582 0.0 0.0
c 326.0 0.0 334.0 0.78523202 0.0 0.0
c 326.0 0.0 334.0 0.78858822 0.0 0.0
c 326.0 0.0 334.0 0.79194442 0.0 0.0
c 326.0 0.0 334.0 0.79530062 0.0 0.0
c 326.0 0.0 334.0 0.79865682 0.0 0.0
c 326.0 0.0 334.0 0.80201302 0.0 0.0
c 326.0 0.0 334.0 0.80536922 0.0 0.0
c 326.0 0.0 334.0 0.80872542 0.0 0.0
c 326.0 0.0 334.0 0.81208162 0.0 0.0
c 326.0 0.0 334.0 0.81543783 0.0 0.0
c 326.0 0.0 334.0 0.81879403 0.0 0.0
c 326.0 0.0 334.0 0.82215023 0.0 0.0
c 326.0 0.0 334.0 0.82550643 0.0 0.0
c 326.0 0.0 334.0 0.82886263 0.0 0.0
c 326.0 0.0 334.0 0.83221883 0.0 0.0
c 326.0 0.0 334.0 0.83557503 0.0 0.0
c 326.0 0.0 334.0 0.83893123 0.0 0.0
c 326.0 0.0 334.0 0.84228743 0.0 0.0
c 326.0 0.0 334.0 0.84564363 0.0 0.0
c 326.0 0.0 334.0 0.84899983 0.0 0.0
c 326.0 0.0 334.0 0.85235604 0.0 0.0
c 326.0 0.0 334.0 0.85571224 0.0 0.0
c 326.0 0.0 334.0 0.85906844 0.0 0.0
c 326.0 0.0 334.0 0.86242464 0.0 0.0
c 326.0 0.0 334.0 0.86578084 0.0 0.0
c 326.0 0.0 334.0 0.86913704 0.0 0.0
c 326.0 0.0 334.0 0.87249324 0.0 0.0
c 326.0 0.0 334.0 0.87584944 0.0 0.0
c 326.0 0.0 334.0 0.87920564 0.0 0.0
c 326.0 0.0 334.0 0.88256184 0.0 0.0
c 326.0 0.0 334.0 0.88591804 0.0 0.0
c 326.0 0.0 334.0 0.88927425 0.0 0.0
c 326.0 0.0 334.0 0.89263045 0.0 0.0
c 326.0 0.0 334.0 0.89598665 0.0 0.0
c 326.0 0.0 334.0 0.89934285 0.0 0.0
c 326.0 0.0 334.0 0.90269905 0.0 0.0
c 326.0 0.0 334.0 0.90605525 0.0 0.0
c 326.0 0.0 334.0 0.90941145 0.0 0.0
c 326.0 0.0 334.0 0.91276765 0.0 0.0
c 326.0 0.0 334.0 0.91612385 0.0 0.0
c 326.0 0.0 334.0 0.91948005 0.0 0.0
c 326.0 0.0 334.0 0.92283625 0.0 0.0
c 326.0 0.0 334.0 0.92619246 0.0 0.0
c 326.0 0.0 334.0 0.92954866 0.0 0.0
c 326.0 0.0 334.0 0.93290486 0.0 0.0
c 326.0 0.0 334.0 0.93626106 0.0 0.0
c 326.0 0.0 334.0 0.93961726 0.0 0.0
c 326.0 0.0 334.0 0.94297346 0.0 0.0
c 326.0 0.0 334.0 0.94632966 0.0 0.0
c 326.0 0.0 334.0 0.94968586 0.0 0.0
c 326.0 0.0 334.0 0.95304206 0.0 0.0
c 326.0 0.0 334.0 0.95639826 0.0 0.0
c 326.0 0.0 334.0 0.95975446 0.0 0.0
c 326.0 0.0 334.0 0.96311067 0.0 0.0
c 326.0 0.0 334.0 0.96646687 0.0 0.0
c 326.0 0.0 334.0 0.96982307 0.0 0.0
c 326.0 0.0 334.0 0.97317927 0.0 0.0
c 326.0 0.0 334.0 0.97653547 0.0 0.0
c 326.0 0.0 334.0 0.97989167 0.0 0.0
c 326.0 0.0 334.0 0.98324787 0.0 0.0
c 326.0 0.0 334.0 0.98660407 0.0 0.0
c 326.0 0.0 334.0 0.98996027 0.0 0.0
c 326.0 0.0 334.0 0.99331647 0.0 0.0
c 326.0 0.0 334.0 0.99667267 0.0 0.0
c 326.0 0.0 334.0 1.00002888 0.0 0.0
c 326.0 0.0 334.0 1.00338508 0.0 0.0
c 326.0 0.0 334.0 1.00674128 0.0 0.0
c 326.0 0.0 334.0 1.01009748 0.0 0.0
c 326.0 0.0 334.0 1.01345368 0.0 0.0
c 326.0 0.0 334.0 1.01680988 0.0 0.0
c 326.0 0.0 334.0 1.02016608 0.0 0.0
c 326.0 0.0 334.0 1.02352228 0.0 0.0
c 326.0 0.0 334.0 1.02687848 0.0 0.0
c 326.0 0.0 334.0 1.03023468 0.0 0.0
c 326.0 0.0 334.0 1.03359088 0.0 0.0
c 326.0 0.0 334.0 1.03694709 0.0 0.0
c 326.0 0.0 334.0 1.04030329 0.0 0.0
c 326.0 0.0 334.0 1.04365949 0.0 0.0
c 326.0 0.0 334.0 1.04701569 0.0 0.0
c 326.0 0.0 334.0 1.05037189 0.0 0.0
c 326.0 0.0 334.0 1.05372809 0.0 0.0
c 326.0 0.0 334.0 1.05708429 0.0 0.0
c 326.0 0.0 334.0 1.06044049 0.0 0.0
c 326.0 0.0 334.0 1.06379669 0.0 0.0
c 326.0 0.0 334.0 1.06715289 0.0 0.0
c 326.0 0.0 334.0 1.07050909 0.0 0.0
c 326.0 0.0 334.0 1.0738653 0.0 0.0
c 326.0 0.0 334.0 1.0772215 0.0 0.0
c 326.0 0.0 334.0 1.0805777 0.0 0.0
c 326.0 0.0 334.0 1.0839339 0.0 0.0
c 326.0 0.0 334.0 1.0872901 0.0 0.0
c 326.0 0.0 334.0 1.0906463 0.0 0.0
c 326.0 0.0 334.0 1.0940025 0.0 0.0
c 326.0 0.0 334.0 1.0973587 0.0 0.0
c 326.0 0.0 334.0 1.1007149 0.0 0.0
c 326.0 0.0 334.0 1.1040711 0.0 0.0
c 326.0 0.0 334.0 1.1074273 0.0 0.0
c 326.0 0.0 334.0 1.11078351 0.0 0.0
c 326.0 0.0 334.0 1.11413971 0.0 0.0
c 326.0 0.0 334.0 1.11749591 0.0 0.0
c 326.0 0.0 334.0 1.12085211 0.0 0.0
c 326.0 0.0 334.0 1.12420831 0.0 0.0
c 326.0 0.0 334.0 1.12756451 0.0 0.0
c 326.0 0.0 334.0 1.13092071 0.0 0.0
c 326.0 0.0 334.0 1.13427691 0.0 0.0
c 326.0 0.0 334.0 1.13763311 0.0 0.0
c 326.0 0.0 334.0 1.14098931 0.0 0.0
c 326.0 0.0 334.0 1.14434552 0.0 0.0
c 326.0 0.0 334.0 1.14770172 0.0 0.0
c 326.0 0.0 334.0 1.15105792 0.0 0.0
c 326.0 0.0 334.0 1.15441412 0.0 0.0
c 326.0 0.0 334.0 1.15777032 0.0 0.0
c 326.0 0.0 334.0 1.16112652 0.0 0.0
c 326.0 0.0 334.0 1.16448272 0.0 0.0
c 326.0 0.0 334.0 1.16783892 0.0 0.0
c 326.0 0.0 334.0 1.17119512 0.0 0.0
c 326.0 0.0 334.0 1.17455132 0.0 0.0
c 326.0 0.0 334.0 1.17790752 0.0 0.0
c 326.0 0.0 334.0 1.18126373 0.0 0.0
c 326.0 0.0 334.0 1.18461993 0.0 0.0
c 326.0 0.0 334.0 1.18797613 0.0 0.0
c 326.0 0.0 334.0 1.19133233 0.0 0.0
c 326.0 0.0 334.0 1.19468853 0.0 0.0
c 326.0 0.0 334.0 1.19804473 0.0 0.0
c 326.0 0.0 334.0 1.20140093 0.0 0.0
c 326.0 0.0 334.0 1.20475713 0.0 0.0
c 326.0 0.0 334.0 1.20811333 0.0 0.0
c 326.0 0.0 334.0 1.21146953 0.0 0.0
c 326.0 0.0 334.0 1.21482573 0.0 0.0
c 326.0 0.0 334.0 1.21818194 0.0 0.0
c 326.0 0.0 334.0 1.22153814 0.0 0.0
c 326.0 0.0 334.0 1.22489434 0.0 0.0
c 326.0 0.0 334.0 1.22825054 0.0 0.0
c 326.0 0.0 334.0 1.23160674 0.0 0.0
c 326.0 0.0 334.0 1.23496294 0.0 0.0
c 326.0 0.0 334.0 1.23831914 0.0 0.0
c 326.0 0.0 334.0 1.24167534 0.0 0.0
c 326.0 0.0 334.0 1.24503154 0.0 0.0
c 326.0 0.0 334.0 1.24838774 0.0 0.0
c 326.0 0.0 334.0 1.25174394 0.0 0.0
c 326.0 0.0 334.0 1.25510015 0.0 0.0
c 326.0 0.0 334.0 1.25845635 0.0 0.0
c 326.0 0.0 334.0 1.26181255 0.0 0.0
c 326.0 0.0 334.0 1.26516875 0.0 0.0
c 326.0 0.0 334.0 1.26852495 0.0 0.0
c 326.0 0.0 334.0 1.27188115 0.0 0.0
c 326.0 0.0 334.0 1.27523735 0.0 0.0
c 326.0 0.0 334.0 1.27859355 0.0 0.0
c 326.0 0.0 334.0 1.28194975 0.0 0.0
c 326.0 0.0 334.0 1.28530595 0.0 0.0
c 326.0 0.0 334.0 1.28866215 0.0 0.0
c 326.0 0.0 334.0 1.29201836 0.0 0.0
c 326.0 0.0 334.0 1.29537456 0.0 0.0
c 326.0 0.0 334.0 1.29873076 0.0 0.0
c 326.0 0.0 334.0 1.30208696 0.0 0.0
c 326.0 0.0 334.0 1.30544316 0.0 0.0
c 326.0 0.0 334.0 1.30879936 0.0 0.0
c 326.0 0.0 334.0 1.31215556 0.0 0.0
c 326.0 0.0 334.0 1.31551176 0.0 0.0
c 326.0 0.0 334.0 1.31886796 0.0 0.0
c 326.0 0.0 334.0 1.32222416 0.0 0.0
c 326.0 0.0 334.0 1.32558036 0.0 0.0
c 326.0 0.0 334.0 1.32893657 0.0 0.0
c 326.0 0.0 334.0 1.33229277 0.0 0.0
c 326.0 0.0 334.0 1.33564897 0.0 0.0
c 326.0 0.0 334.0 1.33900517 0.0 0.0
c 326.0 0.0 334.0 1.34236137 0.0 0.0
c 326.0 0.0 334.0 1.34571757 0.0 0.0
c 326.0 0.0 334.0 1.34907377 0.0 0.0
c 326.0 0.0 334.0 1.35242997 0.0 0.0
c 326.0 0.0 334.0 1.35578617 0.0 0.0
c 326.0 0.0 334.0 1.35914237 0.0 0.0
c 326.0 0.0 334.0 1.36249857 0.0 0.0
c 326.0 0.0 334.0 1.36585478 0.0 0.0
c 326.0 0.0 334.0 1.36921098 0.0 0.0
c 326.0 0.0 334.0 1.37256718 0.0 0.0
c 326.0 0.0 334.0 1.37592338 0.0 0.0
c 326.0 0.0 334.0 1.37927958 0.0 0.0
c 326.0 0.0 334.0 1.38263578 0.0 0.0
c 326.0 0.0 334.0 1.38599198 0.0 0.0
c 326.0 0.0 334.0 1.38934818 0.0 0.0
c 326.0 0.0 334.0 1.39270438 0.0 0.0
c 326.0 0.0 334.0 1.39606058 0.0 0.0
c 326.0 0.0 334.0 1.39941678 0.0 0.0
c 326.0 0.0 334.0 1.40277299 0.0 0.0
c 326.0 0.0 334.0 1.40612919 0.0 0.0
c 326.0 0.0 334.0 1.40948539 0.0 0.0
c 326.0 0.0 334.0 1.41284159 0.0 0.0
c 326.0 0.0 334.0 1.41619779 0.0 0.0
c 326.0 0.0 334.0 1.41955399 0.0 0.0
c 326.0 0.0 334.0 1.42291019 0.0 0.0
c 326.0 0.0 334.0 1.42626639 0.0 0.0
c 326.0 0.0 334.0 1.42962259 0.0 0.0
c 326.0 0.0 334.0 1.43297879 0.0 0.0
c 326.0 0.0 334.0 1.43633499 0.0 0.0
c 326.0 0.0 334.0 1.4396912 0.0 0.0
c 326.0 0.0 334.0 1.4430474 0.0 0.0
c 326.0 0.0 334.0 1.4464036 0.0 0.0
c 326.0 0.0 334.0 1.4497598 0.0 0.0
c 326.0 0.0 334.0 1.453116 0.0 0.0
c 326.0 0.0 334.0 1.4564722 0.0 0.0
c 326.0 0.0 334.0 1.4598284 0.0 0.0
c 326.0 0.0 334.0 1.4631846 0.0 0.0
c 326.0 0.0 334.0 1.4665408 0.0 0.0
c 326.0 0.0 334.0 1.469897 0.0 0.0
c 326.0 0.0 334.0 1.47325321 0.0 0.0
c 326.0 0.0 334.0 1.47660941 0.0 0.0
c 326.0 0.0 334.0 1.47996561 0.0 0.0
c 326.0 0.0 334.0 1.48332181 0.0 0.0
c 326.0 0.0 334.0 1.48667801 0.0 0.0
c 326.0 0.0 334.0 1.49003421 0.0 0.0
c 326.0 0.0 334.0 1.49339041 0.0 0.0
c 326.0 0.0 334.0 1.49674661 0.0 0.0
c 326.0 0.0 334.0 1.50010281 0.0 0.0
c 326.0 0.0 334.0 1.50345901 0.0 0.0
c 326.0 0.0 334.0 1.50681521 0.0 0.0
c 326.0 0.0 334.0 1.51017142 0.0 0.0
c 326.0 0.0 334.0 1.51352762 0.0 0.0
c 326.0 0.0 334.0 1.51688382 0.0 0.0
c 326.0 0.0 334.0 1.52024002 0.0 0.0
c 326.0 0.0 334.0 1.52359622 0.0 0.0
c 326.0 0.0 334.0 1.52695242 0.0 0.0
c 326.0 0.0 334.0 1.53030862 0.0 0.0
c 326.0 0.0 334.0 1.53366482 0.0 0.0
c 326.0 0.0 334.0 1.53702102 0.0 0.0
c 326.0 0.0 334.0 1.54037722 0.0 0.0
c 326.0 0.0 334.0 1.54373342 0.0 0.0
c 326.0 0.0 334.0 1.54708963 0.0 0.0
c 326.0 0.0 334.0 1.55044583 0.0 0.0
c 326.0 0.0 334.0 1.55380203 0.0 0.0
c 326.0 0.0 334.0 1.55715823 0.0 0.0
c 326.0 0.0 334.0 1.56051443 0.0 0.0
c 326.0 0.0 334.0 1.56387063 0.0 0.0
c 326.0 0.0 334.0 1.56722683 0.0 0.0
c 326.0 0.0 334.0 1.57058303 0.0 0.0
c 326.0 0.0 334.0 1.57393923 0.0 0.0
c 326.0 0.0 334.0 1.57729543 0.0 0.0
c 326.0 0.0 334.0 1.58065163 0.0 0.0
c 326.0 0.0 334.0 1.58400784 0.0 0.0
c 326.0 0.0 334.0 1.58736404 0.0 0.0
c 326.0 0.0 334.0 1.59072024 0.0 0.0
c 326.0 0.0 334.0 1.59407644 0.0 0.0
c 326.0 0.0 334.0 1.59743264 0.0 0.0
c 326.0 0.0 334.0 1.60078884 0.0 0.0
c 326.0 0.0 334.0 1.60414504 0.0 0.0
c 326.0 0.0 334.0 1.60750124 0.0 0.0
c 326.0 0.0 334.0 1.61085744 0.0 0.0
c 326.0 0.0 334.0 1.61421364 0.0 0.0
c 326.0 0.0 334.0 1.61756984 0.0 0.0
c 326.0 0.0 334.0 1.62092605 0.0 0.0
c 326.0 0.0 334.0 1.62428225 0.0 0.0
c 326.0 0.0 334.0 1.62763845 0.0 0.0
c 326.0 0.0 334.0 1.63099465 0.0 0.0
c 326.0 0.0 334.0 1.63435085 0.0 0.0
c 326.0 0.0 334.0 1.63770705 0.0 0.0
