c 326.51201 0.0 88.00976 0.0 1.4658956 0.0
t 100
c 326.51201 0.0 87.3369 0.0 1.4658956 0.0
t 100
c 326.51201 0.0 86.66405 0.0 1.4658956 0.0
t 100
c 326.51201 0.0 85.9912 0.0 1.4658956 0.0
t 100
c 326.51201 0.0 85.31835 0.0 1.4658956 0.0
t 101
c 326.51201 0.0 84.6455 0.0 1.4658956 0.0
t 101
c 326.51201 0.0 83.97265 0.0 1.4658956 0.0
t 101
c 326.51201 0.0 83.2998 0.0 1.4658956 0.0
t 102
c 326.51201 0.0 82.62695 0.0 1.4658956 0.0
t 102
c 326.51201 0.0 81.9541 0.0 1.4658956 0.0
t 102
c 326.51201 0.0 81.28125 0.0 1.4658956 0.0
t 102
c 326.51201 0.0 80.6084 0.0 1.4658956 0.0
t 103
c 326.51201 0.0 79.93555 0.0 1.4658956 0.0
t 103
c 326.51201 0.0 79.2627 0.0 1.4658956 0.0
t 103
c 326.51201 0.0 78.58985 0.0 1.4658956 0.0
t 104
c 326.51201 0.0 77.917 0.0 1.4658956 0.0
t 104
c 326.51201 0.0 77.24415 0.0 1.4658956 0.0
t 104
c 326.51201 0.0 76.5713 0.0 1.4658956 0.0
t 105
c 326.51201 0.0 75.89845 0.0 1.4658956 0.0
t 105
c 326.51201 0.0 75.2256 0.0 1.4658956 0.0
t 105
c 326.51201 0.0 74.55274 0.0 1.4658956 0.0
t 105
c 326.51201 0.0 73.87989 0.0 1.4658956 0.0
t 106
c 326.51201 0.0 73.20704 0.0 1.4658956 0.0
t 106
c 326.51201 0.0 72.53419 0.0 1.4658956 0.0
t 106
c 326.51201 0.0 71.86134 0.0 1.4658956 0.0
t 107
c 326.51201 0.0 71.18849 0.0 1.4658956 0.0
t 107
c 326.51201 0.0 70.51564 0.0 1.4658956 0.0
t 107
c 326.51201 0.0 69.84279 0.0 1.4658956 0.0
t 108
c 326.51201 0.0 69.16994 0.0 1.4658956 0.0
t 108
c 326.51201 0.0 68.49709 0.0 1.4658956 0.0
t 108
c 326.51201 0.0 67.82424 0.0 1.4658956 0.0
t 108
c 326.51201 0.0 67.15139 0.0 1.4658956 0.0
t 109
c 326.51201 0.0 66.47854 0.0 1.4658956 0.0
t 109
c 326.51201 0.0 65.80569 0.0 1.4658956 0.0
t 109
c 326.51201 0.0 65.13284 0.0 1.4658956 0.0
t 110
c 326.51201 0.0 64.45999 0.0 1.4658956 0.0
t 110
c 326.51201 0.0 63.78714 0.0 1.4658956 0.0
t 110
c 326.51201 0.0 63.11429 0.0 1.4658956 0.0
t 111
c 326.51201 0.0 62.44144 0.0 1.4658956 0.0
t 111
c 326.51201 0.0 61.76858 0.0 1.4658956 0.0
t 111
c 326.51201 0.0 61.09573 0.0 1.4658956 0.0
t 111
c 326.51201 0.0 60.42288 0.0 1.4658956 0.0
t 112
c 326.51201 0.0 59.75003 0.0 1.4658956 0.0
t 112
c 326.51201 0.0 59.07718 0.0 1.4658956 0.0
t 112
c 326.51201 0.0 58.40433 0.0 1.4658956 0.0
t 113
c 326.51201 0.0 57.73148 0.0 1.4658956 0.0
t 113
c 326.51201 0.0 57.05863 0.0 1.4658956 0.0
t 113
c 326.51201 0.0 56.38578 0.0 1.4658956 0.0
t 114
c 326.51201 0.0 55.71293 0.0 1.4658956 0.0
t 114
c 326.51201 0.0 55.04008 0.0 1.4658956 0.0
t 114
c 326.51201 0.0 54.36723 0.0 1.4658956 0.0
t 114
c 326.51201 0.0 53.69438 0.0 1.4658956 0.0
t 115
c 326.51201 0.0 53.02153 0.0 1.4658956 0.0
t 115
c 326.51201 0.0 52.34868 0.0 1.4658956 0.0
t 115
c 326.51201 0.0 51.67583 0.0 1.4658956 0.0
t 116
c 326.51201 0.0 51.00298 0.0 1.4658956 0.0
t 116
c 326.51201 0.0 50.33013 0.0 1.4658956 0.0
t 116
c 326.51201 0.0 49.65728 0.0 1.4658956 0.0
t 117
c 326.51201 0.0 48.98443 0.0 1.4658956 0.0
t 117
c 326.51201 0.0 48.31157 0.0 1.4658956 0.0
t 117
c 326.51201 0.0 47.63872 0.0 1.4658956 0.0
t 117
c 326.51201 0.0 46.96587 0.0 1.4658956 0.0
t 118
c 326.51201 0.0 46.29302 0.0 1.4658956 0.0
t 118
c 326.51201 0.0 45.62017 0.0 1.4658956 0.0
t 118
c 326.51201 0.0 44.94732 0.0 1.4658956 0.0
t 119
c 326.51201 0.0 44.27447 0.0 1.4658956 0.0
t 119
c 326.51201 0.0 43.60162 0.0 1.4658956 0.0
t 119
c 326.51201 0.0 42.92877 0.0 1.4658956 0.0
t 120
c 326.51201 0.0 42.25592 0.0 1.4658956 0.0
t 120
c 326.51201 0.0 41.58307 0.0 1.4658956 0.0
t 120
c 326.51201 0.0 40.91022 0.0 1.4658956 0.0
t 120
c 326.51201 0.0 40.23737 0.0 1.4658956 0.0
t 121
c 326.51201 0.0 39.56452 0.0 1.4658956 0.0
t 121
c 326.51201 0.0 38.89167 0.0 1.4658956 0.0
t 121
c 326.51201 0.0 38.21882 0.0 1.4658956 0.0
t 122
c 326.51201 0.0 37.54597 0.0 1.4658956 0.0
t 122
c 326.51201 0.0 36.87312 0.0 1.4658956 0.0
t 122
c 326.51201 0.0 36.20027 0.0 1.4658956 0.0
t 123
c 326.51201 0.0 35.52741 0.0 1.4658956 0.0
t 123
c 326.51201 0.0 34.85456 0.0 1.4658956 0.0
t 123
c 326.51201 0.0 34.18171 0.0 1.4658956 0.0
t 123
c 326.51201 0.0 33.50886 0.0 1.4658956 0.0
t 124
c 326.51201 0.0 32.83601 0.0 1.4658956 0.0
t 124
c 326.51201 0.0 32.16316 0.0 1.4658956 0.0
t 124
c 326.51201 0.0 31.49031 0.0 1.4658956 0.0
t 125
c 326.51201 0.0 30.81746 0.0 1.4658956 0.0
t 125
c 326.51201 0.0 30.14461 0.0 1.4658956 0.0
t 125
c 326.51201 0.0 29.47176 0.0 1.4658956 0.0
t 126
c 326.51201 0.0 28.79891 0.0 1.4658956 0.0
t 126
c 326.51201 0.0 28.12606 0.0 1.4658956 0.0
t 126
c 326.51201 0.0 27.45321 0.0 1.4658956 0.0
t 126
c 326.51201 0.0 26.78036 0.0 1.4658956 0.0
t 127
c 326.51201 0.0 26.10751 0.0 1.4658956 0.0
t 127
c 326.51201 0.0 25.43466 0.0 1.4658956 0.0
t 127
c 326.51201 0.0 24.76181 0.0 1.4658956 0.0
t 128
c 326.51201 0.0 24.08896 0.0 1.4658956 0.0
t 128
c 326.51201 0.0 23.41611 0.0 1.4658956 0.0
t 128
c 326.51201 0.0 22.74326 0.0 1.4658956 0.0
t 129
c 326.51201 0.0 22.0704 0.0 1.4658956 0.0
t 129
c 326.51201 0.0 21.39755 0.0 1.4658956 0.0
t 129
c 326.51201 0.0 20.7247 0.0 1.4658956 0.0
t 129
c 326.51201 0.0 20.05185 0.0 1.4658956 0.0
t 130
c 326.51201 0.0 19.379 0.0 1.4658956 0.0
t 130
c 326.51201 0.0 18.70615 0.0 1.4658956 0.0
t 130
c 326.51201 0.0 18.0333 0.0 1.4658956 0.0
t 131
c 326.51201 0.0 17.36045 0.0 1.4658956 0.0
t 131
c 326.51201 0.0 16.6876 0.0 1.4658956 0.0
t 131
c 326.51201 0.0 16.01475 0.0 1.4658956 0.0
t 132
c 326.51201 0.0 16.01475 0.0 1.4658956 0.0
t 132
c 326.29691 0.0 15.65101 0.0 1.4658956 0.01126655
t 129
c 326.08182 0.0 15.28727 0.0 1.4658956 0.0225331
t 127
c 325.86672 0.0 14.92353 0.0 1.4658956 0.03379966
t 125
c 325.65163 0.0 14.55979 0.0 1.4658956 0.04506621
t 122
c 325.43653 0.0 14.19605 0.0 1.4658956 0.05633276
t 120
c 325.22144 0.0 13.83231 0.0 1.4658956 0.06759931
t 118
c 325.00635 0.0 13.46857 0.0 1.4658956 0.07886587
t 115
c 324.79125 0.0 13.10483 0.0 1.4658956 0.09013242
t 113
c 324.57616 0.0 12.74109 0.0 1.4658956 0.10139897
t 111
c 324.36106 0.0 12.37735 0.0 1.4658956 0.11266552
t 108
c 324.14597 0.0 12.01361 0.0 1.4658956 0.12393208
t 106
c 323.93088 0.0 11.64987 0.0 1.4658956 0.13519863
t 104
c 323.71578 0.0 11.28613 0.0 1.4658956 0.14646518
t 101
c 323.50069 0.0 10.92239 0.0 1.4658956 0.15773173
t 99
c 323.28559 0.0 10.55865 0.0 1.4658956 0.16899829
t 97
c 323.0705 0.0 10.19491 0.0 1.4658956 0.18026484
t 94
c 322.85541 0.0 9.83117 0.0 1.4658956 0.19153139
t 92
c 322.64031 0.0 9.46743 0.0 1.4658956 0.20279794
t 89
c 322.42522 0.0 9.10369 0.0 1.4658956 0.2140645
t 87
c 322.21012 0.0 8.73995 0.0 1.4658956 0.22533105
t 85
c 321.99503 0.0 8.37621 0.0 1.4658956 0.2365976
t 82
c 321.99503 0.0 8.37621 0.0 1.4658956 0.2365976
t 83
c 321.63381 0.50433 8.62438 0.0 1.4658956 0.2365976
t 83
c 321.27259 1.00865 8.87254 0.0 1.4658956 0.2365976
t 83
c 320.91138 1.51298 9.12071 0.0 1.4658956 0.2365976
t 83
c 320.55016 2.0173 9.36888 0.0 1.4658956 0.2365976
t 83
c 320.18894 2.52163 9.61705 0.0 1.4658956 0.2365976
t 83
c 319.82772 3.02595 9.86521 0.0 1.4658956 0.2365976
t 83
c 319.46651 3.53028 10.11338 0.0 1.4658956 0.2365976
t 83
c 319.10529 4.0346 10.36155 0.0 1.4658956 0.2365976
t 83
c 318.74407 4.53893 10.60972 0.0 1.4658956 0.2365976
t 83
c 318.38285 5.04326 10.85788 0.0 1.4658956 0.2365976
t 83
c 318.02164 5.54758 11.10605 0.0 1.4658956 0.2365976
t 83
c 317.66042 6.05191 11.35422 0.0 1.4658956 0.2365976
t 83
c 317.2992 6.55623 11.60238 0.0 1.4658956 0.2365976
t 83
c 316.93798 7.06056 11.85055 0.0 1.4658956 0.2365976
t 83
c 316.57677 7.56488 12.09872 0.0 1.4658956 0.2365976
t 82
c 316.21555 8.06921 12.34689 0.0 1.4658956 0.2365976
t 83
c 315.85433 8.57353 12.59505 0.0 1.4658956 0.2365976
t 83
c 315.49311 9.07786 12.84322 0.0 1.4658956 0.2365976
t 83
c 315.1319 9.58219 13.09139 0.0 1.4658956 0.2365976
t 83
c 314.77068 10.08651 13.33956 0.0 1.4658956 0.2365976
t 83
c 314.40946 10.59084 13.58772 0.0 1.4658956 0.2365976
t 83
c 314.04824 11.09516 13.83589 0.0 1.4658956 0.2365976
t 83
c 313.68703 11.59949 14.08406 0.0 1.4658956 0.2365976
t 83
c 313.32581 12.10381 14.33222 0.0 1.4658956 0.2365976
t 83
c 312.96459 12.60814 14.58039 0.0 1.4658956 0.2365976
t 83
c 312.60337 13.11246 14.82856 0.0 1.4658956 0.2365976
t 83
c 312.24216 13.61679 15.07673 0.0 1.4658956 0.2365976
t 83
c 311.88094 14.12111 15.32489 0.0 1.4658956 0.2365976
t 83
c 311.51972 14.62544 15.57306 0.0 1.4658956 0.2365976
t 83
c 311.1585 15.12977 15.82123 0.0 1.4658956 0.2365976
t 83
c 310.79729 15.63409 16.0694 0.0 1.4658956 0.2365976
t 83
c 310.43607 16.13842 16.31756 0.0 1.4658956 0.2365976
t 83
c 310.07485 16.64274 16.56573 0.0 1.4658956 0.2365976
t 83
c 309.71363 17.14707 16.8139 0.0 1.4658956 0.2365976
t 83
c 309.35242 17.65139 17.06206 0.0 1.4658956 0.2365976
t 83
c 308.9912 18.15572 17.31023 0.0 1.4658956 0.2365976
t 83
c 308.62998 18.66004 17.5584 0.0 1.4658956 0.2365976
t 83
c 308.26876 19.16437 17.80657 0.0 1.4658956 0.2365976
t 83
c 307.90755 19.6687 18.05473 0.0 1.4658956 0.2365976
t 83
c 307.54633 20.17302 18.3029 0.0 1.4658956 0.2365976
t 83
c 307.18511 20.67735 18.55107 0.0 1.4658956 0.2365976
t 83
c 306.82389 21.18167 18.79924 0.0 1.4658956 0.2365976
t 83
c 306.46268 21.686 19.0474 0.0 1.4658956 0.2365976
t 83
c 306.10146 22.19032 19.29557 0.0 1.4658956 0.2365976
t 83
c 305.74024 22.69465 19.54374 0.0 1.4658956 0.2365976
t 83
c 305.37902 23.19897 19.79191 0.0 1.4658956 0.2365976
t 83
c 305.01781 23.7033 20.04007 0.0 1.4658956 0.2365976
t 83
c 304.65659 24.20763 20.28824 0.0 1.4658956 0.2365976
t 83
c 304.29537 24.71195 20.53641 0.0 1.4658956 0.2365976
t 83
c 303.93415 25.21628 20.78457 0.0 1.4658956 0.2365976
t 83
c 303.57294 25.7206 21.03274 0.0 1.4658956 0.2365976
t 83
c 303.21172 26.22493 21.28091 0.0 1.4658956 0.2365976
t 83
c 302.8505 26.72925 21.52908 0.0 1.4658956 0.2365976
t 83
c 302.48928 27.23358 21.77724 0.0 1.4658956 0.2365976
t 83
c 302.12807 27.7379 22.02541 0.0 1.4658956 0.2365976
t 83
c 301.76685 28.24223 22.27358 0.0 1.4658956 0.2365976
t 83
c 301.40563 28.74656 22.52175 0.0 1.4658956 0.2365976
t 83
c 301.04441 29.25088 22.76991 0.0 1.4658956 0.2365976
t 83
c 300.68319 29.75521 23.01808 0.0 1.4658956 0.2365976
t 83
c 300.32198 30.25953 23.26625 0.0 1.4658956 0.2365976
t 83
c 299.96076 30.76386 23.51441 0.0 1.4658956 0.2365976
t 83
c 299.59954 31.26818 23.76258 0.0 1.4658956 0.2365976
t 83
c 299.23832 31.77251 24.01075 0.0 1.4658956 0.2365976
t 83
c 298.87711 32.27683 24.25892 0.0 1.4658956 0.2365976
t 83
c 298.51589 32.78116 24.50708 0.0 1.4658956 0.2365976
t 83
c 298.15467 33.28549 24.75525 0.0 1.4658956 0.2365976
t 83
c 297.79345 33.78981 25.00342 0.0 1.4658956 0.2365976
t 83
c 297.43224 34.29414 25.25159 0.0 1.4658956 0.2365976
t 83
c 297.07102 34.79846 25.49975 0.0 1.4658956 0.2365976
t 83
c 296.7098 35.30279 25.74792 0.0 1.4658956 0.2365976
t 83
c 296.34858 35.80711 25.99609 0.0 1.4658956 0.2365976
t 83
c 295.98737 36.31144 26.24425 0.0 1.4658956 0.2365976
t 83
c 295.62615 36.81576 26.49242 0.0 1.4658956 0.2365976
t 83
c 295.26493 37.32009 26.74059 0.0 1.4658956 0.2365976
t 83
c 294.90371 37.82441 26.98876 0.0 1.4658956 0.2365976
t 83
c 294.5425 38.32874 27.23692 0.0 1.4658956 0.2365976
t 83
c 294.18128 38.83307 27.48509 0.0 1.4658956 0.2365976
t 83
c 293.82006 39.33739 27.73326 0.0 1.4658956 0.2365976
t 83
c 293.45884 39.84172 27.98143 0.0 1.4658956 0.2365976
t 83
c 293.09763 40.34604 28.22959 0.0 1.4658956 0.2365976
t 83
c 292.73641 40.85037 28.47776 0.0 1.4658956 0.2365976
t 83
c 292.37519 41.35469 28.72593 0.0 1.4658956 0.2365976
t 83
c 292.01397 41.85902 28.97409 0.0 1.4658956 0.2365976
t 83
c 291.65276 42.36334 29.22226 0.0 1.4658956 0.2365976
t 83
c 291.29154 42.86767 29.47043 0.0 1.4658956 0.2365976
t 83
c 290.93032 43.372 29.7186 0.0 1.4658956 0.2365976
t 83
c 290.5691 43.87632 29.96676 0.0 1.4658956 0.2365976
t 83
c 290.20789 44.38065 30.21493 0.0 1.4658956 0.2365976
t 83
c 289.84667 44.88497 30.4631 0.0 1.4658956 0.2365976
t 83
c 289.48545 45.3893 30.71127 0.0 1.4658956 0.2365976
t 83
c 289.12423 45.89362 30.95943 0.0 1.4658956 0.2365976
t 83
c 288.76302 46.39795 31.2076 0.0 1.4658956 0.2365976
t 83
c 288.4018 46.90227 31.45577 0.0 1.4658956 0.2365976
t 83
c 288.04058 47.4066 31.70393 0.0 1.4658956 0.2365976
t 83
c 287.67936 47.91093 31.9521 0.0 1.4658956 0.2365976
t 83
c 287.31815 48.41525 32.20027 0.0 1.4658956 0.2365976
t 83
c 286.95693 48.91958 32.44844 0.0 1.4658956 0.2365976
t 83
c 286.59571 49.4239 32.6966 0.0 1.4658956 0.2365976
t 83
c 286.23449 49.92823 32.94477 0.0 1.4658956 0.2365976
t 83
c 285.87328 50.43255 33.19294 0.0 1.4658956 0.2365976
t 83
c 285.51206 50.93688 33.44111 0.0 1.4658956 0.2365976
t 83
c 285.15084 51.4412 33.68927 0.0 1.4658956 0.2365976
t 83
c 284.78962 51.94553 33.93744 0.0 1.4658956 0.2365976
t 83
c 284.42841 52.44986 34.18561 0.0 1.4658956 0.2365976
t 83
c 284.06719 52.95418 34.43377 0.0 1.4658956 0.2365976
t 83
c 283.70597 53.45851 34.68194 0.0 1.4658956 0.2365976
t 83
c 283.34475 53.96283 34.93011 0.0 1.4658956 0.2365976
t 83
c 282.98354 54.46716 35.17828 0.0 1.4658956 0.2365976
t 83
c 282.62232 54.97148 35.42644 0.0 1.4658956 0.2365976
t 83
c 282.2611 55.47581 35.67461 0.0 1.4658956 0.2365976
t 83
c 281.89988 55.98013 35.92278 0.0 1.4658956 0.2365976
t 83
c 281.53867 56.48446 36.17095 0.0 1.4658956 0.2365976
t 83
c 281.17745 56.98879 36.41911 0.0 1.4658956 0.2365976
t 83
c 280.81623 57.49311 36.66728 0.0 1.4658956 0.2365976
t 83
c 280.45501 57.99744 36.91545 0.0 1.4658956 0.2365976
t 83
c 280.0938 58.50176 37.16362 0.0 1.4658956 0.2365976
t 83
c 279.73258 59.00609 37.41178 0.0 1.4658956 0.2365976
t 83
c 279.37136 59.51041 37.65995 0.0 1.4658956 0.2365976
t 83
c 279.01014 60.01474 37.90812 0.0 1.4658956 0.2365976
t 83
c 278.64892 60.51906 38.15628 0.0 1.4658956 0.2365976
t 83
c 278.28771 61.02339 38.40445 0.0 1.4658956 0.2365976
t 83
c 277.92649 61.52771 38.65262 0.0 1.4658956 0.2365976
t 83
c 277.56527 62.03204 38.90079 0.0 1.4658956 0.2365976
t 83
c 277.20405 62.53637 39.14895 0.0 1.4658956 0.2365976
t 83
c 276.84284 63.04069 39.39712 0.0 1.4658956 0.2365976
t 83
c 276.48162 63.54502 39.64529 0.0 1.4658956 0.2365976
t 83
c 276.1204 64.04934 39.89346 0.0 1.4658956 0.2365976
t 83
c 275.75918 64.55367 40.14162 0.0 1.4658956 0.2365976
t 83
c 275.39797 65.05799 40.38979 0.0 1.4658956 0.2365976
t 83
c 275.03675 65.56232 40.63796 0.0 1.4658956 0.2365976
t 83
c 274.67553 66.06664 40.88612 0.0 1.4658956 0.2365976
t 83
c 274.31431 66.57097 41.13429 0.0 1.4658956 0.2365976
t 83
c 273.9531 67.0753 41.38246 0.0 1.4658956 0.2365976
t 83
c 273.59188 67.57962 41.63063 0.0 1.4658956 0.2365976
t 83
c 273.23066 68.08395 41.87879 0.0 1.4658956 0.2365976
t 83
c 272.86944 68.58827 42.12696 0.0 1.4658956 0.2365976
t 83
c 272.50823 69.0926 42.37513 0.0 1.4658956 0.2365976
t 83
c 272.14701 69.59692 42.6233 0.0 1.4658956 0.2365976
t 83
c 271.78579 70.10125 42.87146 0.0 1.4658956 0.2365976
t 83
c 271.42457 70.60557 43.11963 0.0 1.4658956 0.2365976
t 83
c 271.06336 71.1099 43.3678 0.0 1.4658956 0.2365976
t 83
c 270.70214 71.61423 43.61596 0.0 1.4658956 0.2365976
t 83
c 270.34092 72.11855 43.86413 0.0 1.4658956 0.2365976
t 83
c 269.9797 72.62288 44.1123 0.0 1.4658956 0.2365976
t 83
c 269.61849 73.1272 44.36047 0.0 1.4658956 0.2365976
t 83
c 269.25727 73.63153 44.60863 0.0 1.4658956 0.2365976
t 83
c 268.89605 74.13585 44.8568 0.0 1.4658956 0.2365976
t 83
c 268.53483 74.64018 45.10497 0.0 1.4658956 0.2365976
t 83
c 268.17362 75.1445 45.35314 0.0 1.4658956 0.2365976
t 83
c 267.8124 75.64883 45.6013 0.0 1.4658956 0.2365976
t 83
c 267.45118 76.15316 45.84947 0.0 1.4658956 0.2365976
t 83
c 267.08996 76.65748 46.09764 0.0 1.4658956 0.2365976
t 83
c 266.72875 77.16181 46.3458 0.0 1.4658956 0.2365976
t 83
c 266.36753 77.66613 46.59397 0.0 1.4658956 0.2365976
t 83
c 266.00631 78.17046 46.84214 0.0 1.4658956 0.2365976
t 83
c 265.64509 78.67478 47.09031 0.0 1.4658956 0.2365976
t 83
c 265.28388 79.17911 47.33847 0.0 1.4658956 0.2365976
t 83
c 264.92266 79.68343 47.58664 0.0 1.4658956 0.2365976
t 83
c 264.56144 80.18776 47.83481 0.0 1.4658956 0.2365976
t 83
c 264.20022 80.69209 48.08298 0.0 1.4658956 0.2365976
t 83
c 263.83901 81.19641 48.33114 0.0 1.4658956 0.2365976
t 83
c 263.47779 81.70074 48.57931 0.0 1.4658956 0.2365976
t 83
c 263.11657 82.20506 48.82748 0.0 1.4658956 0.2365976
t 83
c 262.75535 82.70939 49.07564 0.0 1.4658956 0.2365976
t 83
c 262.39414 83.21371 49.32381 0.0 1.4658956 0.2365976
t 83
c 262.03292 83.71804 49.57198 0.0 1.4658956 0.2365976
t 83
c 261.6717 84.22236 49.82015 0.0 1.4658956 0.2365976
t 83
c 261.31048 84.72669 50.06831 0.0 1.4658956 0.2365976
t 83
c 260.94927 85.23102 50.31648 0.0 1.4658956 0.2365976
t 83
c 260.58805 85.73534 50.56465 0.0 1.4658956 0.2365976
t 83
c 260.22683 86.23967 50.81282 0.0 1.4658956 0.2365976
t 83
c 259.86561 86.74399 51.06098 0.0 1.4658956 0.2365976
t 83
c 259.5044 87.24832 51.30915 0.0 1.4658956 0.2365976
t 83
c 259.14318 87.75264 51.55732 0.0 1.4658956 0.2365976
t 83
c 258.78196 88.25697 51.80548 0.0 1.4658956 0.2365976
t 83
c 258.42074 88.76129 52.05365 0.0 1.4658956 0.2365976
t 83
c 258.05952 89.26562 52.30182 0.0 1.4658956 0.2365976
t 83
c 257.69831 89.76994 52.54999 0.0 1.4658956 0.2365976
t 83
c 257.33709 90.27427 52.79815 0.0 1.4658956 0.2365976
t 83
c 256.97587 90.7786 53.04632 0.0 1.4658956 0.2365976
t 83
c 256.61465 91.28292 53.29449 0.0 1.4658956 0.2365976
t 83
c 256.25344 91.78725 53.54266 0.0 1.4658956 0.2365976
t 83
c 255.89222 92.29157 53.79082 0.0 1.4658956 0.2365976
t 83
c 255.531 92.7959 54.03899 0.0 1.4658956 0.2365976
t 83
c 255.16978 93.30022 54.28716 0.0 1.4658956 0.2365976
t 83
c 254.80857 93.80455 54.53533 0.0 1.4658956 0.2365976
t 83
c 254.44735 94.30887 54.78349 0.0 1.4658956 0.2365976
t 83
c 254.08613 94.8132 55.03166 0.0 1.4658956 0.2365976
t 83
c 253.72491 95.31753 55.27983 0.0 1.4658956 0.2365976
t 83
c 253.3637 95.82185 55.52799 0.0 1.4658956 0.2365976
t 83
c 253.00248 96.32618 55.77616 0.0 1.4658956 0.2365976
t 83
c 252.64126 96.8305 56.02433 0.0 1.4658956 0.2365976
t 83
c 252.28004 97.33483 56.2725 0.0 1.4658956 0.2365976
t 83
c 251.91883 97.83915 56.52066 0.0 1.4658956 0.2365976
t 83
c 251.55761 98.34348 56.76883 0.0 1.4658956 0.2365976
t 83
c 251.19639 98.8478 57.017 0.0 1.4658956 0.2365976
t 83
c 250.83517 99.35213 57.26517 0.0 1.4658956 0.2365976
t 83
c 250.47396 99.85646 57.51333 0.0 1.4658956 0.2365976
t 83
c 250.11274 100.36078 57.7615 0.0 1.4658956 0.2365976
t 83
c 249.75152 100.86511 58.00967 0.0 1.4658956 0.2365976
t 83
c 249.3903 101.36943 58.25783 0.0 1.4658956 0.2365976
t 83
c 249.02909 101.87376 58.506 0.0 1.4658956 0.2365976
t 83
c 248.66787 102.37808 58.75417 0.0 1.4658956 0.2365976
t 83
c 248.30665 102.88241 59.00234 0.0 1.4658956 0.2365976
t 83
c 247.94543 103.38673 59.2505 0.0 1.4658956 0.2365976
t 83
c 247.58422 103.89106 59.49867 0.0 1.4658956 0.2365976
t 83
c 247.223 104.39539 59.74684 0.0 1.4658956 0.2365976
t 83
c 246.86178 104.89971 59.99501 0.0 1.4658956 0.2365976
t 83
c 246.50056 105.40404 60.24317 0.0 1.4658956 0.2365976
t 83
c 246.13935 105.90836 60.49134 0.0 1.4658956 0.2365976
t 83
c 245.77813 106.41269 60.73951 0.0 1.4658956 0.2365976
t 83
c 245.41691 106.91701 60.98767 0.0 1.4658956 0.2365976
t 83
c 245.05569 107.42134 61.23584 0.0 1.4658956 0.2365976
t 83
c 244.69448 107.92566 61.48401 0.0 1.4658956 0.2365976
t 83
c 244.33326 108.42999 61.73218 0.0 1.4658956 0.2365976
t 83
c 243.97204 108.93432 61.98034 0.0 1.4658956 0.2365976
t 83
c 243.61082 109.43864 62.22851 0.0 1.4658956 0.2365976
t 83
c 243.24961 109.94297 62.47668 0.0 1.4658956 0.2365976
t 83
c 242.88839 110.44729 62.72485 0.0 1.4658956 0.2365976
t 83
c 242.52717 110.95162 62.97301 0.0 1.4658956 0.2365976
t 83
c 242.16595 111.45594 63.22118 0.0 1.4658956 0.2365976
t 83
c 241.80474 111.96027 63.46935 0.0 1.4658956 0.2365976
t 83
c 241.44352 112.46459 63.71751 0.0 1.4658956 0.2365976
t 83
c 241.0823 112.96892 63.96568 0.0 1.4658956 0.2365976
t 83
c 240.72108 113.47324 64.21385 0.0 1.4658956 0.2365976
t 83
c 240.35987 113.97757 64.46202 0.0 1.4658956 0.2365976
t 83
c 239.99865 114.4819 64.71018 0.0 1.4658956 0.2365976
t 83
c 239.63743 114.98622 64.95835 0.0 1.4658956 0.2365976
t 83
c 239.27621 115.49055 65.20652 0.0 1.4658956 0.2365976
t 83
c 238.915 115.99487 65.45469 0.0 1.4658956 0.2365976
t 83
c 238.55378 116.4992 65.70285 0.0 1.4658956 0.2365976
t 83
c 238.19256 117.00352 65.95102 0.0 1.4658956 0.2365976
t 83
c 237.83134 117.50785 66.19919 0.0 1.4658956 0.2365976
t 83
c 237.47012 118.01217 66.44735 0.0 1.4658956 0.2365976
t 83
c 237.10891 118.5165 66.69552 0.0 1.4658956 0.2365976
t 83
c 236.74769 119.02083 66.94369 0.0 1.4658956 0.2365976
t 83
c 236.38647 119.52515 67.19186 0.0 1.4658956 0.2365976
t 83
c 236.02525 120.02948 67.44002 0.0 1.4658956 0.2365976
t 83
c 235.66404 120.5338 67.68819 0.0 1.4658956 0.2365976
t 83
c 235.30282 121.03813 67.93636 0.0 1.4658956 0.2365976
t 83
c 234.9416 121.54245 68.18453 0.0 1.4658956 0.2365976
t 83
c 234.58038 122.04678 68.43269 0.0 1.4658956 0.2365976
t 83
c 234.21917 122.5511 68.68086 0.0 1.4658956 0.2365976
t 83
c 233.85795 123.05543 68.92903 0.0 1.4658956 0.2365976
t 83
c 233.49673 123.55976 69.17719 0.0 1.4658956 0.2365976
t 83
c 233.13551 124.06408 69.42536 0.0 1.4658956 0.2365976
t 83
c 232.7743 124.56841 69.67353 0.0 1.4658956 0.2365976
t 83
c 232.41308 125.07273 69.9217 0.0 1.4658956 0.2365976
t 83
c 232.05186 125.57706 70.16986 0.0 1.4658956 0.2365976
t 83
c 231.69064 126.08138 70.41803 0.0 1.4658956 0.2365976
t 83
c 231.32943 126.58571 70.6662 0.0 1.4658956 0.2365976
t 83
c 230.96821 127.09003 70.91437 0.0 1.4658956 0.2365976
t 83
c 230.60699 127.59436 71.16253 0.0 1.4658956 0.2365976
t 83
c 230.24577 128.09869 71.4107 0.0 1.4658956 0.2365976
t 83
c 229.88456 128.60301 71.65887 0.0 1.4658956 0.2365976
t 83
c 229.52334 129.10734 71.90704 0.0 1.4658956 0.2365976
t 83
c 229.16212 129.61166 72.1552 0.0 1.4658956 0.2365976
t 83
c 228.8009 130.11599 72.40337 0.0 1.4658956 0.2365976
t 83
c 228.43969 130.62031 72.65154 0.0 1.4658956 0.2365976
t 83
c 228.07847 131.12464 72.8997 0.0 1.4658956 0.2365976
t 83
c 227.71725 131.62896 73.14787 0.0 1.4658956 0.2365976
t 83
c 227.35603 132.13329 73.39604 0.0 1.4658956 0.2365976
t 83
c 226.99482 132.63762 73.64421 0.0 1.4658956 0.2365976
t 83
c 226.6336 133.14194 73.89237 0.0 1.4658956 0.2365976
t 83
c 226.27238 133.64627 74.14054 0.0 1.4658956 0.2365976
t 83
c 225.91116 134.15059 74.38871 0.0 1.4658956 0.2365976
t 83
c 225.54995 134.65492 74.63688 0.0 1.4658956 0.2365976
t 83
c 225.18873 135.15924 74.88504 0.0 1.4658956 0.2365976
t 83
c 224.82751 135.66357 75.13321 0.0 1.4658956 0.2365976
t 83
c 224.46629 136.16789 75.38138 0.0 1.4658956 0.2365976
t 83
c 224.10508 136.67222 75.62954 0.0 1.4658956 0.2365976
t 83
c 223.74386 137.17654 75.87771 0.0 1.4658956 0.2365976
t 83
c 223.38264 137.68087 76.12588 0.0 1.4658956 0.2365976
t 83
c 223.02142 138.1852 76.37405 0.0 1.4658956 0.2365976
t 83
c 222.66021 138.68952 76.62221 0.0 1.4658956 0.2365976
t 83
c 222.29899 139.19385 76.87038 0.0 1.4658956 0.2365976
t 83
c 221.93777 139.69817 77.11855 0.0 1.4658956 0.2365976
t 83
c 221.57655 140.2025 77.36672 0.0 1.4658956 0.2365976
t 83
c 221.21534 140.70682 77.61488 0.0 1.4658956 0.2365976
t 83
c 220.85412 141.21115 77.86305 0.0 1.4658956 0.2365976
t 83
c 220.4929 141.71547 78.11122 0.0 1.4658956 0.2365976
t 83
c 220.13168 142.2198 78.35938 0.0 1.4658956 0.2365976
t 83
c 219.77047 142.72413 78.60755 0.0 1.4658956 0.2365976
t 83
c 219.40925 143.22845 78.85572 0.0 1.4658956 0.2365976
t 83
c 219.04803 143.73278 79.10389 0.0 1.4658956 0.2365976
t 83
c 218.68681 144.2371 79.35205 0.0 1.4658956 0.2365976
t 83
c 218.3256 144.74143 79.60022 0.0 1.4658956 0.2365976
t 83
c 217.96438 145.24575 79.84839 0.0 1.4658956 0.2365976
t 83
c 217.60316 145.75008 80.09656 0.0 1.4658956 0.2365976
t 83
c 217.24194 146.2544 80.34472 0.0 1.4658956 0.2365976
t 83
c 216.88073 146.75873 80.59289 0.0 1.4658956 0.2365976
t 83
c 216.88072 146.75873 80.59289 0.0 1.4658956 0.2365976
t 83
c 216.88072 147.28829 80.18397 0.0 1.4658956 0.2365976
t 83
c 216.88072 147.81785 79.77506 0.0 1.4658956 0.2365976
t 83
c 216.88072 148.34741 79.36614 0.0 1.4658956 0.2365976
t 83
c 216.88072 148.87697 78.95723 0.0 1.4658956 0.2365976
t 82
c 216.88072 149.40653 78.54831 0.0 1.4658956 0.2365976
t 83
c 216.88072 149.93609 78.1394 0.0 1.4658956 0.2365976
t 83
c 216.88072 150.46566 77.73048 0.0 1.4658956 0.2365976
t 83
c 216.88072 150.99522 77.32157 0.0 1.4658956 0.2365976
t 83
c 216.88072 151.52478 76.91265 0.0 1.4658956 0.2365976
t 83
c 216.88072 152.05434 76.50374 0.0 1.4658956 0.2365976
t 83
c 216.88072 152.5839 76.09482 0.0 1.4658956 0.2365976
t 83
c 216.88072 153.11346 75.68591 0.0 1.4658956 0.2365976
t 83
c 216.88072 153.64302 75.27699 0.0 1.4658956 0.2365976
t 83
c 216.88072 154.17258 74.86808 0.0 1.4658956 0.2365976
t 83
c 216.88072 154.70214 74.45916 0.0 1.4658956 0.2365976
t 83
c 216.88072 155.2317 74.05025 0.0 1.4658956 0.2365976
t 83
c 216.88072 155.76126 73.64133 0.0 1.4658956 0.2365976
t 83
c 216.88072 156.29082 73.23242 0.0 1.4658956 0.2365976
t 83
c 216.88072 156.82038 72.8235 0.0 1.4658956 0.2365976
t 83
c 216.88072 157.34994 72.41459 0.0 1.4658956 0.2365976
t 83
c 216.88072 157.87951 72.00567 0.0 1.4658956 0.2365976
t 83
c 216.88072 158.40907 71.59676 0.0 1.4658956 0.2365976
t 83
c 216.88072 158.93863 71.18784 0.0 1.4658956 0.2365976
t 83
c 216.88072 159.46819 70.77893 0.0 1.4658956 0.2365976
t 83
c 216.88072 159.99775 70.37001 0.0 1.4658956 0.2365976
t 83
c 216.88072 160.52731 69.9611 0.0 1.4658956 0.2365976
t 83
c 216.88072 161.05687 69.55218 0.0 1.4658956 0.2365976
t 83
c 216.88072 161.58643 69.14327 0.0 1.4658956 0.2365976
t 83
c 216.88072 162.11599 68.73435 0.0 1.4658956 0.2365976
t 83
c 216.88072 162.64555 68.32544 0.0 1.4658956 0.2365976
t 83
c 216.88072 163.17511 67.91652 0.0 1.4658956 0.2365976
t 83
c 216.88072 163.70467 67.50761 0.0 1.4658956 0.2365976
t 83
c 216.88072 164.23423 67.09869 0.0 1.4658956 0.2365976
t 83
c 216.88072 164.76379 66.68978 0.0 1.4658956 0.2365976
t 83
c 216.88072 165.29336 66.28086 0.0 1.4658956 0.2365976
t 83
c 216.88072 165.82292 65.87195 0.0 1.4658956 0.2365976
t 83
c 216.88072 166.35248 65.46303 0.0 1.4658956 0.2365976
t 83
c 216.88072 166.88204 65.05412 0.0 1.4658956 0.2365976
t 83
c 216.88072 167.4116 64.6452 0.0 1.4658956 0.2365976
t 83
c 216.88072 167.94116 64.23629 0.0 1.4658956 0.2365976
t 83
c 216.88072 168.47072 63.82737 0.0 1.4658956 0.2365976
t 83
c 216.88072 169.00028 63.41846 0.0 1.4658956 0.2365976
t 83
c 216.88072 169.52984 63.00954 0.0 1.4658956 0.2365976
t 83
c 216.88072 170.0594 62.60063 0.0 1.4658956 0.2365976
t 83
c 216.88072 170.58896 62.19171 0.0 1.4658956 0.2365976
t 83
c 216.88072 171.11852 61.7828 0.0 1.4658956 0.2365976
t 83
c 216.88072 171.64808 61.37388 0.0 1.4658956 0.2365976
t 83
c 216.88072 172.17764 60.96497 0.0 1.4658956 0.2365976
t 83
c 216.88072 172.70721 60.55605 0.0 1.4658956 0.2365976
t 83
c 216.88072 173.23677 60.14714 0.0 1.4658956 0.2365976
t 83
c 216.88072 173.76633 59.73822 0.0 1.4658956 0.2365976
t 83
c 216.88072 174.29589 59.32931 0.0 1.4658956 0.2365976
t 83
c 216.88072 174.82545 58.92039 0.0 1.4658956 0.2365976
t 83
c 216.88072 175.35501 58.51148 0.0 1.4658956 0.2365976
t 83
c 216.88072 175.88457 58.10256 0.0 1.4658956 0.2365976
t 83
c 216.88072 176.41413 57.69365 0.0 1.4658956 0.2365976
t 83
c 216.88072 176.94369 57.28473 0.0 1.4658956 0.2365976
t 83
c 216.88072 177.47325 56.87582 0.0 1.4658956 0.2365976
t 83
c 216.88072 178.00281 56.4669 0.0 1.4658956 0.2365976
t 83
c 216.88072 178.53237 56.05799 0.0 1.4658956 0.2365976
t 83
c 216.88072 179.06193 55.64907 0.0 1.4658956 0.2365976
t 83
c 216.88072 179.59149 55.24016 0.0 1.4658956 0.2365976
t 83
c 216.88072 180.12106 54.83124 0.0 1.4658956 0.2365976
t 83
c 216.88072 180.65062 54.42233 0.0 1.4658956 0.2365976
t 83
c 216.88072 181.18018 54.01341 0.0 1.4658956 0.2365976
t 83
c 216.88072 181.70974 53.6045 0.0 1.4658956 0.2365976
t 83
c 216.88072 182.2393 53.19558 0.0 1.4658956 0.2365976
t 83
c 216.88072 182.76886 52.78667 0.0 1.4658956 0.2365976
t 83
c 216.88072 183.29842 52.37775 0.0 1.4658956 0.2365976
t 83
c 216.88072 183.82798 51.96884 0.0 1.4658956 0.2365976
t 83
c 216.88072 184.35754 51.55992 0.0 1.4658956 0.2365976
t 83
c 216.88072 184.8871 51.15101 0.0 1.4658956 0.2365976
t 83
c 216.88072 185.41666 50.74209 0.0 1.4658956 0.2365976
t 83
c 216.88072 185.94622 50.33318 0.0 1.4658956 0.2365976
t 83
c 216.88072 186.47578 49.92426 0.0 1.4658956 0.2365976
t 83
c 216.88072 187.00534 49.51535 0.0 1.4658956 0.2365976
t 83
c 216.88072 187.53491 49.10643 0.0 1.4658956 0.2365976
t 83
c 216.88072 188.06447 48.69752 0.0 1.4658956 0.2365976
t 83
c 216.88072 188.59403 48.2886 0.0 1.4658956 0.2365976
t 83
c 216.88072 189.12359 47.87969 0.0 1.4658956 0.2365976
t 83
c 216.88072 189.65315 47.47077 0.0 1.4658956 0.2365976
t 83
c 216.88072 190.18271 47.06186 0.0 1.4658956 0.2365976
t 83
c 216.88072 190.71227 46.65294 0.0 1.4658956 0.2365976
t 83
c 216.88072 191.24183 46.24403 0.0 1.4658956 0.2365976
t 83
c 216.88072 191.77139 45.83511 0.0 1.4658956 0.2365976
t 83
c 216.88072 192.30095 45.4262 0.0 1.4658956 0.2365976
t 83
c 216.88072 192.83051 45.01728 0.0 1.4658956 0.2365976
t 83
c 216.88072 193.36007 44.60837 0.0 1.4658956 0.2365976
t 83
c 216.88072 193.88963 44.19945 0.0 1.4658956 0.2365976
t 83
c 216.88072 194.41919 43.79054 0.0 1.4658956 0.2365976
t 83
c 216.88072 194.94876 43.38162 0.0 1.4658956 0.2365976
t 83
c 216.88072 195.47832 42.97271 0.0 1.4658956 0.2365976
t 83
c 216.88072 196.00788 42.56379 0.0 1.4658956 0.2365976
t 83
c 216.88072 196.53744 42.15488 0.0 1.4658956 0.2365976
t 83
c 216.88072 197.067 41.74596 0.0 1.4658956 0.2365976
t 83
c 216.88072 197.59656 41.33705 0.0 1.4658956 0.2365976
t 83
c 216.88072 198.12612 40.92813 0.0 1.4658956 0.2365976
t 83
c 216.88072 198.65568 40.51922 0.0 1.4658956 0.2365976
t 83
c 216.88072 199.18524 40.1103 0.0 1.4658956 0.2365976
t 83
c 216.88072 199.7148 39.70139 0.0 1.4658956 0.2365976
t 83
c 216.88072 200.24436 39.29247 0.0 1.4658956 0.2365976
t 83
c 216.88072 200.77392 38.88356 0.0 1.4658956 0.2365976
t 83
c 216.88072 201.30348 38.47464 0.0 1.4658956 0.2365976
t 83
c 216.88072 201.83304 38.06573 0.0 1.4658956 0.2365976
t 83
c 216.88072 202.36261 37.65681 0.0 1.4658956 0.2365976
t 83
c 216.88072 202.89217 37.2479 0.0 1.4658956 0.2365976
t 83
c 216.88072 203.42173 36.83898 0.0 1.4658956 0.2365976
t 83
c 216.88072 203.95129 36.43007 0.0 1.4658956 0.2365976
t 83
c 216.88072 204.48085 36.02115 0.0 1.4658956 0.2365976
t 83
c 216.88072 205.01041 35.61224 0.0 1.4658956 0.2365976
t 83
c 216.88072 205.53997 35.20332 0.0 1.4658956 0.2365976
t 83
c 216.88072 206.06953 34.79441 0.0 1.4658956 0.2365976
t 83
c 216.88072 206.59909 34.38549 0.0 1.4658956 0.2365976
t 83
c 216.88072 207.12865 33.97658 0.0 1.4658956 0.2365976
t 83
c 216.88072 207.65821 33.56766 0.0 1.4658956 0.2365976
t 83
c 216.88072 208.18777 33.15875 0.0 1.4658956 0.2365976
t 83
c 216.88072 208.71733 32.74983 0.0 1.4658956 0.2365976
t 83
c 216.88072 209.24689 32.34092 0.0 1.4658956 0.2365976
t 83
c 216.88072 209.77646 31.932 0.0 1.4658956 0.2365976
t 83
c 216.88072 210.30602 31.52309 0.0 1.4658956 0.2365976
t 83
c 216.88072 210.83558 31.11417 0.0 1.4658956 0.2365976
t 83
c 216.88072 211.36514 30.70526 0.0 1.4658956 0.2365976
t 83
c 216.88072 211.8947 30.29634 0.0 1.4658956 0.2365976
t 83
c 216.88072 212.42426 29.88743 0.0 1.4658956 0.2365976
t 83
c 216.88072 212.95382 29.47851 0.0 1.4658956 0.2365976
t 83
c 216.88072 213.48338 29.0696 0.0 1.4658956 0.2365976
t 83
c 216.88072 214.01294 28.66068 0.0 1.4658956 0.2365976
t 83
c 216.88072 214.5425 28.25177 0.0 1.4658956 0.2365976
t 83
c 216.88072 215.07206 27.84285 0.0 1.4658956 0.2365976
t 83
c 216.88072 215.60162 27.43394 0.0 1.4658956 0.2365976
t 83
c 216.88072 216.13118 27.02502 0.0 1.4658956 0.2365976
t 83
c 216.88072 216.66074 26.61611 0.0 1.4658956 0.2365976
t 83
c 216.88072 217.19031 26.20719 0.0 1.4658956 0.2365976
t 83
c 216.88072 217.71987 25.79828 0.0 1.4658956 0.2365976
t 83
c 216.88072 218.24943 25.38936 0.0 1.4658956 0.2365976
t 83
c 216.88072 218.77899 24.98045 0.0 1.4658956 0.2365976
t 83
c 216.88072 219.30855 24.57153 0.0 1.4658956 0.2365976
t 83
c 216.88072 219.83811 24.16262 0.0 1.4658956 0.2365976
t 83
c 216.88072 220.36767 23.7537 0.0 1.4658956 0.2365976
t 83
c 216.88072 220.36767 23.7537 0.0 1.4658956 0.2365976
t 83
c 216.88072 220.36767 23.7537 0.0 1.4658956 0.2365976
t 84
c 216.88072 220.36767 23.7537 0.0 1.4658956 0.2365976
t 85
c 216.88072 220.36767 23.7537 0.0 1.4658956 0.2365976
t 86
c 216.88072 220.36767 23.7537 0.0 1.4658956 0.2365976
t 87
c 216.88072 220.36767 23.7537 0.0 1.4658956 0.2365976
t 88
c 216.88072 220.36767 23.7537 0.0 1.4658956 0.2365976
t 89
c 216.88072 220.36767 23.7537 0.0 1.4658956 0.2365976
t 90
c 216.88072 220.36767 23.7537 0.0 1.4658956 0.2365976
t 91
c 216.88072 220.36767 23.7537 0.0 1.4658956 0.2365976
t 92
c 216.88072 220.36767 23.7537 0.0 1.4658956 0.2365976
t 93
c 216.88072 220.36767 23.7537 0.0 1.4658956 0.2365976
t 94
c 216.88072 220.36767 23.7537 0.0 1.4658956 0.2365976
t 95
c 216.88072 220.36767 23.7537 0.0 1.4658956 0.2365976
t 96
c 216.88072 220.36767 23.7537 0.0 1.4658956 0.2365976
t 97
c 216.88072 220.36767 23.7537 0.0 1.4658956 0.2365976
t 98
c 216.88072 220.36767 23.7537 0.0 1.4658956 0.2365976
t 99
c 216.88072 220.36767 23.7537 0.0 1.4658956 0.2365976
t 100
c 216.88072 220.36767 23.7537 0.0 1.4658956 0.2365976
t 101
c 216.88072 220.36767 23.7537 0.0 1.4658956 0.2365976
t 102
c 216.88072 220.36767 23.7537 0.0 1.4658956 0.2365976
t 103
c 216.88072 220.36767 23.7537 0.0 1.4658956 0.2365976
t 104
c 216.88072 220.36767 23.7537 0.0 1.4658956 0.2365976
t 105
c 216.88072 220.36767 23.7537 0.0 1.4658956 0.2365976
t 106
c 216.88072 220.36767 23.7537 0.0 1.4658956 0.2365976
t 107
c 216.88072 220.36767 23.7537 0.0 1.4658956 0.2365976
t 108
c 216.88072 220.36767 23.7537 0.0 1.4658956 0.2365976
t 109
c 216.88072 220.36767 23.7537 0.0 1.4658956 0.2365976
t 110
c 216.88072 220.36767 23.7537 0.0 1.4658956 0.2365976
t 111
c 216.88072 220.36767 23.7537 0.0 1.4658956 0.2365976
t 112
c 216.88072 220.36767 23.7537 0.0 1.4658956 0.2365976
t 113
c 216.88072 220.36767 23.7537 0.0 1.4658956 0.2365976
t 114
c 216.88072 220.36767 23.7537 0.0 1.4658956 0.2365976
t 115
c 216.88072 220.36767 23.7537 0.0 1.4658956 0.2365976
t 116
c 216.88072 220.36767 23.7537 0.0 1.4658956 0.2365976
t 117
c 216.88072 220.36767 23.7537 0.0 1.4658956 0.2365976
t 118
c 216.88072 220.36767 23.7537 0.0 1.4658956 0.2365976
t 119
c 216.88072 220.36767 23.7537 0.0 1.4658956 0.2365976
t 120
c 216.88072 220.36767 23.7537 0.0 1.4658956 0.2365976
t 121
c 216.88072 220.36767 23.7537 0.0 1.4658956 0.2365976
t 122
c 216.88072 220.36767 23.7537 0.0 1.4658956 0.2365976
t 123
c 216.88072 220.36767 23.7537 0.0 1.4658956 0.2365976
t 124
c 216.88072 220.36767 23.7537 0.0 1.4658956 0.2365976
t 125
c 216.88072 220.36767 23.7537 0.0 1.4658956 0.2365976
t 126
c 216.88072 220.36767 23.7537 0.0 1.4658956 0.2365976
t 127
c 216.88072 220.36767 23.7537 0.0 1.4658956 0.2365976
t 128
c 216.88072 220.36767 23.7537 0.0 1.4658956 0.2365976
t 129
c 216.88072 220.36767 23.7537 0.0 1.4658956 0.2365976
t 130
c 216.88072 220.36767 23.7537 0.0 1.4658956 0.2365976
t 131
c 216.88072 220.36767 23.7537 0.0 1.4658956 0.2365976
t 132
c 216.88072 220.36767 23.7537 0.0 1.4658956 0.2365976
t 133
c 216.88072 220.36767 23.7537 0.0 1.4658956 0.2365976
t 134
c 216.88072 220.36767 23.7537 0.0 1.4658956 0.2365976
t 135
c 216.88072 220.36767 23.7537 0.0 1.4658956 0.2365976
t 136
c 216.88072 220.36767 23.7537 0.0 1.4658956 0.2365976
t 137
c 216.88072 220.36767 23.7537 0.0 1.4658956 0.2365976
t 138
c 216.88072 220.36767 23.7537 0.0 1.4658956 0.2365976
t 138
c 216.88072 220.36767 24.42376 0.0 1.4658956 0.2365976
t 138
c 216.88072 220.36767 25.09383 0.0 1.4658956 0.2365976
t 138
c 216.88072 220.36767 25.76389 0.0 1.4658956 0.2365976
t 138
c 216.88072 220.36767 26.43395 0.0 1.4658956 0.2365976
t 138
c 216.88072 220.36767 27.10401 0.0 1.4658956 0.2365976
t 138
c 216.88072 220.36767 27.77408 0.0 1.4658956 0.2365976
t 138
c 216.88072 220.36767 28.44414 0.0 1.4658956 0.2365976
t 138
c 216.88072 220.36767 29.1142 0.0 1.4658956 0.2365976
t 138
c 216.88072 220.36767 29.78426 0.0 1.4658956 0.2365976
t 138
c 216.88072 220.36767 30.45433 0.0 1.4658956 0.2365976
t 138
c 216.88072 220.36767 31.12439 0.0 1.4658956 0.2365976
t 138
c 216.88072 220.36767 31.79445 0.0 1.4658956 0.2365976
t 138
c 216.88072 220.36767 32.46452 0.0 1.4658956 0.2365976
t 138
c 216.88072 220.36767 33.13458 0.0 1.4658956 0.2365976
t 138
c 216.88072 220.36767 33.80464 0.0 1.4658956 0.2365976
t 138
c 216.88072 220.36767 34.4747 0.0 1.4658956 0.2365976
t 138
c 216.88072 220.36767 35.14477 0.0 1.4658956 0.2365976
t 138
c 216.88072 220.36767 35.81483 0.0 1.4658956 0.2365976
t 138
c 216.88072 220.36767 36.48489 0.0 1.4658956 0.2365976
t 138
c 216.88072 220.36767 37.15496 0.0 1.4658956 0.2365976
t 138
c 216.88072 220.36767 37.82502 0.0 1.4658956 0.2365976
t 138
c 216.88072 220.36767 38.49508 0.0 1.4658956 0.2365976
t 138
c 216.88072 220.36767 39.16514 0.0 1.4658956 0.2365976
t 138
c 216.88072 220.36767 39.83521 0.0 1.4658956 0.2365976
t 138
c 216.88072 220.36767 40.50527 0.0 1.4658956 0.2365976
t 138
c 216.88072 220.36767 41.17533 0.0 1.4658956 0.2365976
t 138
c 216.88072 220.36767 41.84539 0.0 1.4658956 0.2365976
t 138
c 216.88072 220.36767 42.51546 0.0 1.4658956 0.2365976
t 138
c 216.88072 220.36767 43.18552 0.0 1.4658956 0.2365976
t 138
c 216.88072 220.36767 43.85558 0.0 1.4658956 0.2365976
t 138
c 216.88072 220.36767 44.52565 0.0 1.4658956 0.2365976
t 138
c 216.88072 220.36767 45.19571 0.0 1.4658956 0.2365976
t 138
c 216.88072 220.36767 45.86577 0.0 1.4658956 0.2365976
t 138
c 216.88072 220.36767 46.53583 0.0 1.4658956 0.2365976
t 138
c 216.88072 220.36767 47.2059 0.0 1.4658956 0.2365976
t 138
c 216.88072 220.36767 47.87596 0.0 1.4658956 0.2365976
t 138
c 216.88072 220.36767 48.54602 0.0 1.4658956 0.2365976
t 138
c 216.88072 220.36767 49.21608 0.0 1.4658956 0.2365976
t 138
c 216.88072 220.36767 49.88615 0.0 1.4658956 0.2365976
t 138
c 216.88072 220.36767 50.55621 0.0 1.4658956 0.2365976
t 138
c 216.88072 220.36767 51.22627 0.0 1.4658956 0.2365976
t 138
c 216.88072 220.36767 51.89634 0.0 1.4658956 0.2365976
t 138
c 216.88072 220.36767 52.5664 0.0 1.4658956 0.2365976
t 138
c 216.88072 220.36767 53.23646 0.0 1.4658956 0.2365976
t 138
c 216.88072 220.36767 53.90652 0.0 1.4658956 0.2365976
t 138
c 216.88072 220.36767 54.57659 0.0 1.4658956 0.2365976
t 138
c 216.88072 220.36767 55.24665 0.0 1.4658956 0.2365976
t 138
c 216.88072 220.36767 55.91671 0.0 1.4658956 0.2365976
t 138
c 216.88072 220.36767 56.58677 0.0 1.4658956 0.2365976
t 138
c 216.88072 220.36767 57.25684 0.0 1.4658956 0.2365976
t 138
c 216.88072 220.36767 57.9269 0.0 1.4658956 0.2365976
t 138
c 216.88072 220.36767 58.59696 0.0 1.4658956 0.2365976
t 138
c 216.88072 220.36767 59.26703 0.0 1.4658956 0.2365976
t 138
c 216.88072 220.36767 59.93709 0.0 1.4658956 0.2365976
t 138
c 216.88072 220.36767 60.60715 0.0 1.4658956 0.2365976
t 138
c 216.88072 220.36767 61.27721 0.0 1.4658956 0.2365976
t 138
c 216.88072 220.36767 61.94728 0.0 1.4658956 0.2365976
t 138
c 216.88072 220.36767 62.61734 0.0 1.4658956 0.2365976
t 138
c 216.88072 220.36767 63.2874 0.0 1.4658956 0.2365976
t 138
c 216.88072 220.36767 63.95747 0.0 1.4658956 0.2365976
t 138
c 216.88072 220.36767 64.62753 0.0 1.4658956 0.2365976
t 138
c 216.88072 220.36767 65.29759 0.0 1.4658956 0.2365976
t 138
c 216.88072 220.36767 65.96765 0.0 1.4658956 0.2365976
t 138
c 216.88072 220.36767 66.63772 0.0 1.4658956 0.2365976
t 138
c 216.88072 220.36767 67.30778 0.0 1.4658956 0.2365976
t 138
c 216.88072 220.36767 67.97784 0.0 1.4658956 0.2365976
t 138
c 216.88072 220.36767 68.6479 0.0 1.4658956 0.2365976
t 138
c 216.88072 220.36767 69.31797 0.0 1.4658956 0.2365976
t 138
c 216.88072 220.36767 69.98803 0.0 1.4658956 0.2365976
t 138
c 216.88072 220.36767 70.65809 0.0 1.4658956 0.2365976
t 138
c 216.88072 220.36767 71.32816 0.0 1.4658956 0.2365976
t 138
c 216.88072 220.36767 71.99822 0.0 1.4658956 0.2365976
t 138
c 216.88072 220.36767 72.66828 0.0 1.4658956 0.2365976
t 138
c 216.88072 220.36767 73.33834 0.0 1.4658956 0.2365976
t 138
c 216.88072 220.36767 74.00841 0.0 1.4658956 0.2365976
t 138
c 216.88072 220.36767 74.67847 0.0 1.4658956 0.2365976
t 138
c 216.88072 220.36767 75.34853 0.0 1.4658956 0.2365976
t 138
c 216.88072 220.36767 76.01859 0.0 1.4658956 0.2365976
t 138
c 216.88072 220.36767 76.68866 0.0 1.4658956 0.2365976
t 138
c 216.88072 220.36767 77.35872 0.0 1.4658956 0.2365976
t 138
c 216.88072 220.36767 78.02878 0.0 1.4658956 0.2365976
t 138
c 216.88072 220.36767 78.69885 0.0 1.4658956 0.2365976
t 138
c 216.88072 220.36767 79.36891 0.0 1.4658956 0.2365976
t 138
c 216.88072 220.36767 80.03897 0.0 1.4658956 0.2365976
t 138
c 216.88072 220.36767 80.70903 0.0 1.4658956 0.2365976
t 138
c 216.88072 220.36767 81.3791 0.0 1.4658956 0.2365976
t 138
c 216.88072 220.36767 82.04916 0.0 1.4658956 0.2365976
t 138
c 216.88072 220.36767 82.71922 0.0 1.4658956 0.2365976
t 138
c 216.88072 220.36767 83.38929 0.0 1.4658956 0.2365976
t 138
c 216.88072 220.36767 84.05935 0.0 1.4658956 0.2365976
t 138
c 216.88072 220.36767 84.72941 0.0 1.4658956 0.2365976
t 138
c 216.88072 220.36767 85.39947 0.0 1.4658956 0.2365976
t 138
c 216.88072 220.36767 86.06954 0.0 1.4658956 0.2365976
t 138
c 216.88072 220.36767 86.7396 0.0 1.4658956 0.2365976
t 138
c 216.88072 220.36767 87.40966 0.0 1.4658956 0.2365976
t 138
c 216.88072 220.36767 88.07972 0.0 1.4658956 0.2365976
t 138
c 216.88072 220.36767 88.74979 0.0 1.4658956 0.2365976
t 138
c 216.88072 220.36767 89.41985 0.0 1.4658956 0.2365976
t 138
c 216.88072 220.36767 90.08991 0.0 1.4658956 0.2365976
t 138
c 216.88072 220.36767 90.75998 0.0 1.4658956 0.2365976
t 138
c 216.88072 220.36767 91.43004 0.0 1.4658956 0.2365976
t 138
c 216.88072 220.36767 92.1001 0.0 1.4658956 0.2365976
t 138
c 216.88072 220.36767 92.77016 0.0 1.4658956 0.2365976
t 138
c 216.88072 220.36767 93.44023 0.0 1.4658956 0.2365976
t 138
c 216.88072 220.36767 94.11029 0.0 1.4658956 0.2365976
t 138
c 216.88072 220.36767 94.78035 0.0 1.4658956 0.2365976
t 138
c 216.88072 220.36767 95.45041 0.0 1.4658956 0.2365976
t 138
c 216.88072 220.36767 96.12048 0.0 1.4658956 0.2365976
t 138
c 216.88072 220.36767 96.79054 0.0 1.4658956 0.2365976
t 138
c 216.88072 220.36767 97.4606 0.0 1.4658956 0.2365976
t 138
c 216.88072 220.36767 98.13067 0.0 1.4658956 0.2365976
t 138
c 216.88072 220.36767 98.80073 0.0 1.4658956 0.2365976
t 138
c 216.88072 220.36767 99.47079 0.0 1.4658956 0.2365976
t 138
c 216.88072 220.36767 100.14085 0.0 1.4658956 0.2365976
t 138
c 216.88072 220.36767 100.81092 0.0 1.4658956 0.2365976
t 138
c 216.88072 220.36767 101.48098 0.0 1.4658956 0.2365976
t 138
c 216.88072 220.36767 102.15104 0.0 1.4658956 0.2365976
t 138
c 216.88072 220.36767 102.82111 0.0 1.4658956 0.2365976
t 138
c 216.88072 220.36767 103.49117 0.0 1.4658956 0.2365976
t 138
c 216.88072 220.36767 104.16123 0.0 1.4658956 0.2365976
t 138
c 216.88072 220.36767 104.83129 0.0 1.4658956 0.2365976
t 138
c 216.88072 220.36767 105.50136 0.0 1.4658956 0.2365976
t 138
c 216.88072 220.36767 106.17142 0.0 1.4658956 0.2365976
t 138
c 216.88072 220.36767 106.84148 0.0 1.4658956 0.2365976
t 138
c 216.88072 220.36767 107.51154 0.0 1.4658956 0.2365976
t 138
c 216.88072 220.36767 108.18161 0.0 1.4658956 0.2365976
t 138
c 216.88072 220.36767 108.85167 0.0 1.4658956 0.2365976
t 138
c 216.88072 220.36767 109.52173 0.0 1.4658956 0.2365976
t 138
c 216.88072 220.36767 110.1918 0.0 1.4658956 0.2365976
t 138
c 216.88072 220.36767 110.86186 0.0 1.4658956 0.2365976
t 138
c 216.88072 220.36767 111.53192 0.0 1.4658956 0.2365976
t 138
c 216.88072 220.36767 112.20198 0.0 1.4658956 0.2365976
t 138
c 216.88072 220.36767 112.87205 0.0 1.4658956 0.2365976
t 138
c 216.88072 220.36767 113.54211 0.0 1.4658956 0.2365976
t 138
c 216.88072 220.36767 114.21217 0.0 1.4658956 0.2365976
t 138
c 216.88072 220.36767 114.88223 0.0 1.4658956 0.2365976
t 138
c 216.88072 220.36767 115.5523 0.0 1.4658956 0.2365976
t 138
c 216.88072 220.36767 116.22236 0.0 1.4658956 0.2365976
t 138
c 216.88072 220.36767 116.89242 0.0 1.4658956 0.2365976
t 138
c 216.88072 220.36767 117.56249 0.0 1.4658956 0.2365976
t 138
c 216.88072 220.36767 118.23255 0.0 1.4658956 0.2365976
t 138
c 216.88072 220.36767 118.90261 0.0 1.4658956 0.2365976
t 138
c 216.88072 220.36767 119.57267 0.0 1.4658956 0.2365976
t 138
c 216.88072 220.36767 120.24274 0.0 1.4658956 0.2365976
t 138
c 216.88072 220.36767 120.9128 0.0 1.4658956 0.2365976
t 138
c 216.88072 220.36767 121.58286 0.0 1.4658956 0.2365976
t 138
c 216.88072 220.36767 122.25293 0.0 1.4658956 0.2365976
t 138
