c 359.3 0.0 345.98 0.0 0.0 0.0
t 100
c 359.50159 0.0 345.98 0.0 0.0 0.0
t 100
c 359.70319 0.0 345.98 0.0 0.0 0.0
t 100
c 359.90478 0.0 345.98 0.0 0.0 0.0
t 100
c 360.10638 0.0 345.98 0.0 0.0 0.0
t 100
c 360.30797 0.0 345.98 0.0 0.0 0.0
t 100
c 360.50957 0.0 345.98 0.0 0.0 0.0
t 100
c 360.71116 0.0 345.98 0.0 0.0 0.0
t 100
c 360.91275 0.0 345.98 0.0 0.0 0.0
t 100
c 361.11435 0.0 345.98 0.0 0.0 0.0
t 101
c 361.31594 0.0 345.98 0.0 0.0 0.0
t 101
c 361.51754 0.0 345.98 0.0 0.0 0.0
t 101
c 361.71913 0.0 345.98 0.0 0.0 0.0
t 101
c 361.92072 0.0 345.98 0.0 0.0 0.0
t 101
c 362.12232 0.0 345.98 0.0 0.0 0.0
t 101
c 362.32391 0.0 345.98 0.0 0.0 0.0
t 101
c 362.52551 0.0 345.98 0.0 0.0 0.0
t 101
c 362.7271 0.0 345.98 0.0 0.0 0.0
t 101
c 362.9287 0.0 345.98 0.0 0.0 0.0
t 102
c 363.13029 0.0 345.98 0.0 0.0 0.0
t 102
c 363.33188 0.0 345.98 0.0 0.0 0.0
t 102
c 363.53348 0.0 345.98 0.0 0.0 0.0
t 102
c 363.73507 0.0 345.98 0.0 0.0 0.0
t 102
c 363.93667 0.0 345.98 0.0 0.0 0.0
t 102
c 364.13826 0.0 345.98 0.0 0.0 0.0
t 102
c 364.33986 0.0 345.98 0.0 0.0 0.0
t 102
c 364.54145 0.0 345.98 0.0 0.0 0.0
t 103
c 364.74304 0.0 345.98 0.0 0.0 0.0
t 103
c 364.94464 0.0 345.98 0.0 0.0 0.0
t 103
c 365.14623 0.0 345.98 0.0 0.0 0.0
t 103
c 365.34783 0.0 345.98 0.0 0.0 0.0
t 103
c 365.54942 0.0 345.98 0.0 0.0 0.0
t 103
c 365.75101 0.0 345.98 0.0 0.0 0.0
t 103
c 365.95261 0.0 345.98 0.0 0.0 0.0
t 103
c 366.1542 0.0 345.98 0.0 0.0 0.0
t 103
c 366.3558 0.0 345.98 0.0 0.0 0.0
t 104
c 366.55739 0.0 345.98 0.0 0.0 0.0
t 104
c 366.75899 0.0 345.98 0.0 0.0 0.0
t 104
c 366.96058 0.0 345.98 0.0 0.0 0.0
t 104
c 367.16217 0.0 345.98 0.0 0.0 0.0
t 104
c 367.36377 0.0 345.98 0.0 0.0 0.0
t 104
c 367.56536 0.0 345.98 0.0 0.0 0.0
t 104
c 367.76696 0.0 345.98 0.0 0.0 0.0
t 104
c 367.96855 0.0 345.98 0.0 0.0 0.0
t 104
c 368.17015 0.0 345.98 0.0 0.0 0.0
t 105
c 368.37174 0.0 345.98 0.0 0.0 0.0
t 105
c 368.57333 0.0 345.98 0.0 0.0 0.0
t 105
c 368.77493 0.0 345.98 0.0 0.0 0.0
t 105
c 368.97652 0.0 345.98 0.0 0.0 0.0
t 105
c 369.17812 0.0 345.98 0.0 0.0 0.0
t 105
c 369.37971 0.0 345.98 0.0 0.0 0.0
t 105
c 369.5813 0.0 345.98 0.0 0.0 0.0
t 105
c 369.7829 0.0 345.98 0.0 0.0 0.0
t 106
c 369.98449 0.0 345.98 0.0 0.0 0.0
t 106
c 370.18609 0.0 345.98 0.0 0.0 0.0
t 106
c 370.38768 0.0 345.98 0.0 0.0 0.0
t 106
c 370.58928 0.0 345.98 0.0 0.0 0.0
t 106
c 370.79087 0.0 345.98 0.0 0.0 0.0
t 106
c 370.99246 0.0 345.98 0.0 0.0 0.0
t 106
c 371.19406 0.0 345.98 0.0 0.0 0.0
t 106
c 371.39565 0.0 345.98 0.0 0.0 0.0
t 106
c 371.59725 0.0 345.98 0.0 0.0 0.0
t 107
c 371.79884 0.0 345.98 0.0 0.0 0.0
t 107
c 372.00044 0.0 345.98 0.0 0.0 0.0
t 107
c 372.20203 0.0 345.98 0.0 0.0 0.0
t 107
c 372.40362 0.0 345.98 0.0 0.0 0.0
t 107
c 372.60522 0.0 345.98 0.0 0.0 0.0
t 107
c 372.80681 0.0 345.98 0.0 0.0 0.0
t 107
c 373.00841 0.0 345.98 0.0 0.0 0.0
t 107
c 373.21 0.0 345.98 0.0 0.0 0.0
t 108
c 373.41159 0.0 345.98 0.0 0.0 0.0
t 108
c 373.61319 0.0 345.98 0.0 0.0 0.0
t 108
c 373.81478 0.0 345.98 0.0 0.0 0.0
t 108
c 374.01638 0.0 345.98 0.0 0.0 0.0
t 108
c 374.21797 0.0 345.98 0.0 0.0 0.0
t 108
c 374.41957 0.0 345.98 0.0 0.0 0.0
t 108
c 374.62116 0.0 345.98 0.0 0.0 0.0
t 108
c 374.82275 0.0 345.98 0.0 0.0 0.0
t 108
c 375.02435 0.0 345.98 0.0 0.0 0.0
t 109
c 375.22594 0.0 345.98 0.0 0.0 0.0
t 109
c 375.42754 0.0 345.98 0.0 0.0 0.0
t 109
c 375.62913 0.0 345.98 0.0 0.0 0.0
t 109
c 375.83073 0.0 345.98 0.0 0.0 0.0
t 109
c 376.03232 0.0 345.98 0.0 0.0 0.0
t 109
c 376.23391 0.0 345.98 0.0 0.0 0.0
t 109
c 376.43551 0.0 345.98 0.0 0.0 0.0
t 109
c 376.6371 0.0 345.98 0.0 0.0 0.0
t 109
c 376.8387 0.0 345.98 0.0 0.0 0.0
t 110
c 377.04029 0.0 345.98 0.0 0.0 0.0
t 110
c 377.24188 0.0 345.98 0.0 0.0 0.0
t 110
c 377.44348 0.0 345.98 0.0 0.0 0.0
t 110
c 377.64507 0.0 345.98 0.0 0.0 0.0
t 110
c 377.84667 0.0 345.98 0.0 0.0 0.0
t 110
c 378.04826 0.0 345.98 0.0 0.0 0.0
t 110
c 378.24986 0.0 345.98 0.0 0.0 0.0
t 110
c 378.45145 0.0 345.98 0.0 0.0 0.0
t 111
c 378.65304 0.0 345.98 0.0 0.0 0.0
t 111
c 378.85464 0.0 345.98 0.0 0.0 0.0
t 111
c 379.05623 0.0 345.98 0.0 0.0 0.0
t 111
c 379.25783 0.0 345.98 0.0 0.0 0.0
t 111
c 379.45942 0.0 345.98 0.0 0.0 0.0
t 111
c 379.66102 0.0 345.98 0.0 0.0 0.0
t 111
c 379.86261 0.0 345.98 0.0 0.0 0.0
t 111
c 380.0642 0.0 345.98 0.0 0.0 0.0
t 111
c 380.2658 0.0 345.98 0.0 0.0 0.0
t 112
c 380.46739 0.0 345.98 0.0 0.0 0.0
t 112
c 380.66899 0.0 345.98 0.0 0.0 0.0
t 112
c 380.87058 0.0 345.98 0.0 0.0 0.0
t 112
c 381.07217 0.0 345.98 0.0 0.0 0.0
t 112
c 381.27377 0.0 345.98 0.0 0.0 0.0
t 112
c 381.47536 0.0 345.98 0.0 0.0 0.0
t 112
c 381.67696 0.0 345.98 0.0 0.0 0.0
t 112
c 381.87855 0.0 345.98 0.0 0.0 0.0
t 112
c 382.08015 0.0 345.98 0.0 0.0 0.0
t 113
c 382.28174 0.0 345.98 0.0 0.0 0.0
t 113
c 382.48333 0.0 345.98 0.0 0.0 0.0
t 113
c 382.68493 0.0 345.98 0.0 0.0 0.0
t 113
c 382.88652 0.0 345.98 0.0 0.0 0.0
t 113
c 383.08812 0.0 345.98 0.0 0.0 0.0
t 113
c 383.28971 0.0 345.98 0.0 0.0 0.0
t 113
c 383.49131 0.0 345.98 0.0 0.0 0.0
t 113
c 383.6929 0.0 345.98 0.0 0.0 0.0
t 114
c 383.89449 0.0 345.98 0.0 0.0 0.0
t 114
c 384.09609 0.0 345.98 0.0 0.0 0.0
t 114
c 384.29768 0.0 345.98 0.0 0.0 0.0
t 114
c 384.49928 0.0 345.98 0.0 0.0 0.0
t 114
c 384.70087 0.0 345.98 0.0 0.0 0.0
t 114
c 384.90246 0.0 345.98 0.0 0.0 0.0
t 114
c 385.10406 0.0 345.98 0.0 0.0 0.0
t 114
c 385.30565 0.0 345.98 0.0 0.0 0.0
t 114
c 385.50725 0.0 345.98 0.0 0.0 0.0
t 115
c 385.70884 0.0 345.98 0.0 0.0 0.0
t 115
c 385.91044 0.0 345.98 0.0 0.0 0.0
t 115
c 386.11203 0.0 345.98 0.0 0.0 0.0
t 115
c 386.31362 0.0 345.98 0.0 0.0 0.0
t 115
c 386.51522 0.0 345.98 0.0 0.0 0.0
t 115
c 386.71681 0.0 345.98 0.0 0.0 0.0
t 115
c 386.91841 0.0 345.98 0.0 0.0 0.0
t 115
c 387.12 0.0 345.98 0.0 0.0 0.0
t 116
c 387.3216 0.0 345.98 0.0 0.0 0.0
t 116
c 387.52319 0.0 345.98 0.0 0.0 0.0
t 116
c 387.72478 0.0 345.98 0.0 0.0 0.0
t 116
c 387.92638 0.0 345.98 0.0 0.0 0.0
t 116
c 388.12797 0.0 345.98 0.0 0.0 0.0
t 116
c 388.32957 0.0 345.98 0.0 0.0 0.0
t 116
c 388.53116 0.0 345.98 0.0 0.0 0.0
t 116
c 388.73275 0.0 345.98 0.0 0.0 0.0
t 116
c 388.93435 0.0 345.98 0.0 0.0 0.0
t 117
c 389.13594 0.0 345.98 0.0 0.0 0.0
t 117
c 389.33754 0.0 345.98 0.0 0.0 0.0
t 117
c 389.53913 0.0 345.98 0.0 0.0 0.0
t 117
c 389.74073 0.0 345.98 0.0 0.0 0.0
t 117
c 389.94232 0.0 345.98 0.0 0.0 0.0
t 117
c 390.14391 0.0 345.98 0.0 0.0 0.0
t 117
c 390.34551 0.0 345.98 0.0 0.0 0.0
t 117
c 390.5471 0.0 345.98 0.0 0.0 0.0
t 117
c 390.7487 0.0 345.98 0.0 0.0 0.0
t 118
c 390.95029 0.0 345.98 0.0 0.0 0.0
t 118
c 391.15189 0.0 345.98 0.0 0.0 0.0
t 118
c 391.35348 0.0 345.98 0.0 0.0 0.0
t 118
c 391.55507 0.0 345.98 0.0 0.0 0.0
t 118
c 391.75667 0.0 345.98 0.0 0.0 0.0
t 118
c 391.95826 0.0 345.98 0.0 0.0 0.0
t 118
c 392.15986 0.0 345.98 0.0 0.0 0.0
t 118
c 392.36145 0.0 345.98 0.0 0.0 0.0
t 119
c 392.56304 0.0 345.98 0.0 0.0 0.0
t 119
c 392.76464 0.0 345.98 0.0 0.0 0.0
t 119
c 392.96623 0.0 345.98 0.0 0.0 0.0
t 119
c 393.16783 0.0 345.98 0.0 0.0 0.0
t 119
c 393.36942 0.0 345.98 0.0 0.0 0.0
t 119
c 393.57102 0.0 345.98 0.0 0.0 0.0
t 119
c 393.77261 0.0 345.98 0.0 0.0 0.0
t 119
c 393.9742 0.0 345.98 0.0 0.0 0.0
t 119
c 394.1758 0.0 345.98 0.0 0.0 0.0
t 120
c 394.37739 0.0 345.98 0.0 0.0 0.0
t 120
c 394.57899 0.0 345.98 0.0 0.0 0.0
t 120
c 394.78058 0.0 345.98 0.0 0.0 0.0
t 120
c 394.98218 0.0 345.98 0.0 0.0 0.0
t 120
c 395.18377 0.0 345.98 0.0 0.0 0.0
t 120
c 395.38536 0.0 345.98 0.0 0.0 0.0
t 120
c 395.58696 0.0 345.98 0.0 0.0 0.0
t 120
c 395.78855 0.0 345.98 0.0 0.0 0.0
t 120
c 395.99015 0.0 345.98 0.0 0.0 0.0
t 121
c 396.19174 0.0 345.98 0.0 0.0 0.0
t 121
c 396.39333 0.0 345.98 0.0 0.0 0.0
t 121
c 396.59493 0.0 345.98 0.0 0.0 0.0
t 121
c 396.79652 0.0 345.98 0.0 0.0 0.0
t 121
c 396.99812 0.0 345.98 0.0 0.0 0.0
t 121
c 397.19971 0.0 345.98 0.0 0.0 0.0
t 121
c 397.40131 0.0 345.98 0.0 0.0 0.0
t 121
c 397.6029 0.0 345.98 0.0 0.0 0.0
t 122
c 397.80449 0.0 345.98 0.0 0.0 0.0
t 122
c 398.00609 0.0 345.98 0.0 0.0 0.0
t 122
c 398.20768 0.0 345.98 0.0 0.0 0.0
t 122
c 398.40928 0.0 345.98 0.0 0.0 0.0
t 122
c 398.61087 0.0 345.98 0.0 0.0 0.0
t 122
c 398.81247 0.0 345.98 0.0 0.0 0.0
t 122
c 399.01406 0.0 345.98 0.0 0.0 0.0
t 122
c 399.21565 0.0 345.98 0.0 0.0 0.0
t 122
c 399.41725 0.0 345.98 0.0 0.0 0.0
t 123
c 399.61884 0.0 345.98 0.0 0.0 0.0
t 123
c 399.82044 0.0 345.98 0.0 0.0 0.0
t 123
c 400.02203 0.0 345.98 0.0 0.0 0.0
t 123
c 400.22362 0.0 345.98 0.0 0.0 0.0
t 123
c 400.42522 0.0 345.98 0.0 0.0 0.0
t 123
c 400.62681 0.0 345.98 0.0 0.0 0.0
t 123
c 400.82841 0.0 345.98 0.0 0.0 0.0
t 123
c 401.03 0.0 345.98 0.0 0.0 0.0
t 124
c 401.2316 0.0 345.98 0.0 0.0 0.0
t 124
c 401.43319 0.0 345.98 0.0 0.0 0.0
t 124
c 401.63478 0.0 345.98 0.0 0.0 0.0
t 124
c 401.83638 0.0 345.98 0.0 0.0 0.0
t 124
c 402.03797 0.0 345.98 0.0 0.0 0.0
t 124
c 402.23957 0.0 345.98 0.0 0.0 0.0
t 124
c 402.44116 0.0 345.98 0.0 0.0 0.0
t 124
c 402.64276 0.0 345.98 0.0 0.0 0.0
t 124
c 402.84435 0.0 345.98 0.0 0.0 0.0
t 125
c 403.04594 0.0 345.98 0.0 0.0 0.0
t 125
c 403.24754 0.0 345.98 0.0 0.0 0.0
t 125
c 403.44913 0.0 345.98 0.0 0.0 0.0
t 125
c 403.65073 0.0 345.98 0.0 0.0 0.0
t 125
c 403.85232 0.0 345.98 0.0 0.0 0.0
t 125
c 404.05391 0.0 345.98 0.0 0.0 0.0
t 125
c 404.25551 0.0 345.98 0.0 0.0 0.0
t 125
c 404.4571 0.0 345.98 0.0 0.0 0.0
t 125
c 404.6587 0.0 345.98 0.0 0.0 0.0
t 126
c 404.86029 0.0 345.98 0.0 0.0 0.0
t 126
c 405.06189 0.0 345.98 0.0 0.0 0.0
t 126
c 405.26348 0.0 345.98 0.0 0.0 0.0
t 126
c 405.46507 0.0 345.98 0.0 0.0 0.0
t 126
c 405.66667 0.0 345.98 0.0 0.0 0.0
t 126
c 405.86826 0.0 345.98 0.0 0.0 0.0
t 126
c 406.06986 0.0 345.98 0.0 0.0 0.0
t 126
c 406.27145 0.0 345.98 0.0 0.0 0.0
t 127
c 406.47305 0.0 345.98 0.0 0.0 0.0
t 127
c 406.67464 0.0 345.98 0.0 0.0 0.0
t 127
c 406.87623 0.0 345.98 0.0 0.0 0.0
t 127
c 407.07783 0.0 345.98 0.0 0.0 0.0
t 127
c 407.27942 0.0 345.98 0.0 0.0 0.0
t 127
c 407.48102 0.0 345.98 0.0 0.0 0.0
t 127
c 407.68261 0.0 345.98 0.0 0.0 0.0
t 127
c 407.8842 0.0 345.98 0.0 0.0 0.0
t 127
c 408.0858 0.0 345.98 0.0 0.0 0.0
t 128
c 408.28739 0.0 345.98 0.0 0.0 0.0
t 128
c 408.48899 0.0 345.98 0.0 0.0 0.0
t 128
c 408.69058 0.0 345.98 0.0 0.0 0.0
t 128
c 408.89218 0.0 345.98 0.0 0.0 0.0
t 128
c 409.09377 0.0 345.98 0.0 0.0 0.0
t 128
c 409.29536 0.0 345.98 0.0 0.0 0.0
t 128
c 409.49696 0.0 345.98 0.0 0.0 0.0
t 128
c 409.69855 0.0 345.98 0.0 0.0 0.0
t 128
c 409.90015 0.0 345.98 0.0 0.0 0.0
t 129
c 410.10174 0.0 345.98 0.0 0.0 0.0
t 129
c 410.30334 0.0 345.98 0.0 0.0 0.0
t 129
c 410.50493 0.0 345.98 0.0 0.0 0.0
t 129
c 410.70652 0.0 345.98 0.0 0.0 0.0
t 129
c 410.90812 0.0 345.98 0.0 0.0 0.0
t 129
c 411.10971 0.0 345.98 0.0 0.0 0.0
t 129
c 411.31131 0.0 345.98 0.0 0.0 0.0
t 129
c 411.5129 0.0 345.98 0.0 0.0 0.0
t 130
c 411.71449 0.0 345.98 0.0 0.0 0.0
t 130
c 411.91609 0.0 345.98 0.0 0.0 0.0
t 130
c 412.11768 0.0 345.98 0.0 0.0 0.0
t 130
c 412.31928 0.0 345.98 0.0 0.0 0.0
t 130
c 412.52087 0.0 345.98 0.0 0.0 0.0
t 130
c 412.72247 0.0 345.98 0.0 0.0 0.0
t 130
c 412.92406 0.0 345.98 0.0 0.0 0.0
t 130
c 413.12565 0.0 345.98 0.0 0.0 0.0
t 130
c 413.32725 0.0 345.98 0.0 0.0 0.0
t 131
c 413.52884 0.0 345.98 0.0 0.0 0.0
t 131
c 413.73044 0.0 345.98 0.0 0.0 0.0
t 131
c 413.93203 0.0 345.98 0.0 0.0 0.0
t 131
c 414.13363 0.0 345.98 0.0 0.0 0.0
t 131
c 414.33522 0.0 345.98 0.0 0.0 0.0
t 131
c 414.53681 0.0 345.98 0.0 0.0 0.0
t 131
c 414.73841 0.0 345.98 0.0 0.0 0.0
t 131
c 414.94 0.0 345.98 0.0 0.0 0.0
t 132
c 415.1416 0.0 345.98 0.0 0.0 0.0
t 132
c 415.34319 0.0 345.98 0.0 0.0 0.0
t 132
c 415.54478 0.0 345.98 0.0 0.0 0.0
t 132
c 415.74638 0.0 345.98 0.0 0.0 0.0
t 132
c 415.94797 0.0 345.98 0.0 0.0 0.0
t 132
c 416.14957 0.0 345.98 0.0 0.0 0.0
t 132
c 416.35116 0.0 345.98 0.0 0.0 0.0
t 132
c 416.55276 0.0 345.98 0.0 0.0 0.0
t 132
c 416.75435 0.0 345.98 0.0 0.0 0.0
t 133
c 416.95594 0.0 345.98 0.0 0.0 0.0
t 133
c 417.15754 0.0 345.98 0.0 0.0 0.0
t 133
c 417.35913 0.0 345.98 0.0 0.0 0.0
t 133
c 417.56073 0.0 345.98 0.0 0.0 0.0
t 133
c 417.76232 0.0 345.98 0.0 0.0 0.0
t 133
c 417.96392 0.0 345.98 0.0 0.0 0.0
t 133
c 418.16551 0.0 345.98 0.0 0.0 0.0
t 133
c 418.3671 0.0 345.98 0.0 0.0 0.0
t 133
c 418.5687 0.0 345.98 0.0 0.0 0.0
t 134
c 418.77029 0.0 345.98 0.0 0.0 0.0
t 134
c 418.97189 0.0 345.98 0.0 0.0 0.0
t 134
c 419.17348 0.0 345.98 0.0 0.0 0.0
t 134
c 419.37507 0.0 345.98 0.0 0.0 0.0
t 134
c 419.57667 0.0 345.98 0.0 0.0 0.0
t 134
c 419.77826 0.0 345.98 0.0 0.0 0.0
t 134
c 419.97986 0.0 345.98 0.0 0.0 0.0
t 134
c 420.18145 0.0 345.98 0.0 0.0 0.0
t 135
c 420.38305 0.0 345.98 0.0 0.0 0.0
t 135
c 420.58464 0.0 345.98 0.0 0.0 0.0
t 135
c 420.78623 0.0 345.98 0.0 0.0 0.0
t 135
c 420.98783 0.0 345.98 0.0 0.0 0.0
t 135
c 421.18942 0.0 345.98 0.0 0.0 0.0
t 135
c 421.39102 0.0 345.98 0.0 0.0 0.0
t 135
c 421.59261 0.0 345.98 0.0 0.0 0.0
t 135
c 421.79421 0.0 345.98 0.0 0.0 0.0
t 135
c 421.9958 0.0 345.98 0.0 0.0 0.0
t 136
c 422.19739 0.0 345.98 0.0 0.0 0.0
t 136
c 422.39899 0.0 345.98 0.0 0.0 0.0
t 136
c 422.60058 0.0 345.98 0.0 0.0 0.0
t 136
c 422.80218 0.0 345.98 0.0 0.0 0.0
t 136
c 423.00377 0.0 345.98 0.0 0.0 0.0
t 136
c 423.20536 0.0 345.98 0.0 0.0 0.0
t 136
c 423.40696 0.0 345.98 0.0 0.0 0.0
t 136
c 423.60855 0.0 345.98 0.0 0.0 0.0
t 136
c 423.81015 0.0 345.98 0.0 0.0 0.0
t 137
c 424.01174 0.0 345.98 0.0 0.0 0.0
t 137
c 424.21334 0.0 345.98 0.0 0.0 0.0
t 137
c 424.41493 0.0 345.98 0.0 0.0 0.0
t 137
c 424.61652 0.0 345.98 0.0 0.0 0.0
t 137
c 424.81812 0.0 345.98 0.0 0.0 0.0
t 137
c 425.01971 0.0 345.98 0.0 0.0 0.0
t 137
c 425.22131 0.0 345.98 0.0 0.0 0.0
t 137
c 425.4229 0.0 345.98 0.0 0.0 0.0
t 138
c 425.6245 0.0 345.98 0.0 0.0 0.0
t 138
c 425.82609 0.0 345.98 0.0 0.0 0.0
t 138
c 426.02768 0.0 345.98 0.0 0.0 0.0
t 138
c 426.22928 0.0 345.98 0.0 0.0 0.0
t 138
c 426.43087 0.0 345.98 0.0 0.0 0.0
t 138
c 426.63247 0.0 345.98 0.0 0.0 0.0
t 138
c 426.83406 0.0 345.98 0.0 0.0 0.0
t 138
c 427.03565 0.0 345.98 0.0 0.0 0.0
t 138
c 427.23725 0.0 345.98 0.0 0.0 0.0
t 139
c 427.43884 0.0 345.98 0.0 0.0 0.0
t 139
c 427.64044 0.0 345.98 0.0 0.0 0.0
t 139
c 427.84203 0.0 345.98 0.0 0.0 0.0
t 139
c 428.04363 0.0 345.98 0.0 0.0 0.0
t 139
c 428.24522 0.0 345.98 0.0 0.0 0.0
t 139
c 428.44681 0.0 345.98 0.0 0.0 0.0
t 139
c 428.64841 0.0 345.98 0.0 0.0 0.0
t 139
c 428.85 0.0 345.98 0.0 0.0 0.0
t 140
c 429.0516 0.0 345.98 0.0 0.0 0.0
t 140
c 429.25319 0.0 345.98 0.0 0.0 0.0
t 140
c 429.45479 0.0 345.98 0.0 0.0 0.0
t 140
c 429.65638 0.0 345.98 0.0 0.0 0.0
t 140
c 429.85797 0.0 345.98 0.0 0.0 0.0
t 140
c 430.05957 0.0 345.98 0.0 0.0 0.0
t 140
c 430.26116 0.0 345.98 0.0 0.0 0.0
t 140
c 430.46276 0.0 345.98 0.0 0.0 0.0
t 140
c 430.66435 0.0 345.98 0.0 0.0 0.0
t 141
c 430.86594 0.0 345.98 0.0 0.0 0.0
t 141
c 431.06754 0.0 345.98 0.0 0.0 0.0
t 141
c 431.26913 0.0 345.98 0.0 0.0 0.0
t 141
c 431.47073 0.0 345.98 0.0 0.0 0.0
t 141
c 431.67232 0.0 345.98 0.0 0.0 0.0
t 141
c 431.87392 0.0 345.98 0.0 0.0 0.0
t 141
c 432.07551 0.0 345.98 0.0 0.0 0.0
t 141
c 432.2771 0.0 345.98 0.0 0.0 0.0
t 141
c 432.4787 0.0 345.98 0.0 0.0 0.0
t 142
c 432.68029 0.0 345.98 0.0 0.0 0.0
t 142
c 432.88189 0.0 345.98 0.0 0.0 0.0
t 142
c 433.08348 0.0 345.98 0.0 0.0 0.0
t 142
c 433.28508 0.0 345.98 0.0 0.0 0.0
t 142
c 433.48667 0.0 345.98 0.0 0.0 0.0
t 142
c 433.68826 0.0 345.98 0.0 0.0 0.0
t 142
c 433.88986 0.0 345.98 0.0 0.0 0.0
t 142
c 434.09145 0.0 345.98 0.0 0.0 0.0
t 143
c 434.29305 0.0 345.98 0.0 0.0 0.0
t 143
c 434.49464 0.0 345.98 0.0 0.0 0.0
t 143
c 434.69623 0.0 345.98 0.0 0.0 0.0
t 143
c 434.89783 0.0 345.98 0.0 0.0 0.0
t 143
c 435.09942 0.0 345.98 0.0 0.0 0.0
t 143
c 435.30102 0.0 345.98 0.0 0.0 0.0
t 143
c 435.50261 0.0 345.98 0.0 0.0 0.0
t 143
c 435.70421 0.0 345.98 0.0 0.0 0.0
t 143
c 435.9058 0.0 345.98 0.0 0.0 0.0
t 144
c 436.10739 0.0 345.98 0.0 0.0 0.0
t 144
c 436.30899 0.0 345.98 0.0 0.0 0.0
t 144
c 436.51058 0.0 345.98 0.0 0.0 0.0
t 144
c 436.71218 0.0 345.98 0.0 0.0 0.0
t 144
c 436.91377 0.0 345.98 0.0 0.0 0.0
t 144
c 437.11537 0.0 345.98 0.0 0.0 0.0
t 144
c 437.31696 0.0 345.98 0.0 0.0 0.0
t 144
c 437.51855 0.0 345.98 0.0 0.0 0.0
t 144
c 437.72015 0.0 345.98 0.0 0.0 0.0
t 145
c 437.92174 0.0 345.98 0.0 0.0 0.0
t 145
c 438.12334 0.0 345.98 0.0 0.0 0.0
t 145
c 438.32493 0.0 345.98 0.0 0.0 0.0
t 145
c 438.52652 0.0 345.98 0.0 0.0 0.0
t 145
c 438.72812 0.0 345.98 0.0 0.0 0.0
t 145
c 438.92971 0.0 345.98 0.0 0.0 0.0
t 145
c 439.13131 0.0 345.98 0.0 0.0 0.0
t 145
c 439.3329 0.0 345.98 0.0 0.0 0.0
t 146
c 439.5345 0.0 345.98 0.0 0.0 0.0
t 146
c 439.73609 0.0 345.98 0.0 0.0 0.0
t 146
c 439.93768 0.0 345.98 0.0 0.0 0.0
t 146
c 440.13928 0.0 345.98 0.0 0.0 0.0
t 146
c 440.34087 0.0 345.98 0.0 0.0 0.0
t 146
c 440.54247 0.0 345.98 0.0 0.0 0.0
t 146
c 440.74406 0.0 345.98 0.0 0.0 0.0
t 146
c 440.94566 0.0 345.98 0.0 0.0 0.0
t 146
c 441.14725 0.0 345.98 0.0 0.0 0.0
t 147
c 441.34884 0.0 345.98 0.0 0.0 0.0
t 147
c 441.55044 0.0 345.98 0.0 0.0 0.0
t 147
c 441.75203 0.0 345.98 0.0 0.0 0.0
t 147
c 441.95363 0.0 345.98 0.0 0.0 0.0
t 147
c 442.15522 0.0 345.98 0.0 0.0 0.0
t 147
c 442.35681 0.0 345.98 0.0 0.0 0.0
t 147
c 442.55841 0.0 345.98 0.0 0.0 0.0
t 147
c 442.76 0.0 345.98 0.0 0.0 0.0
t 148
c 442.9616 0.0 345.98 0.0 0.0 0.0
t 148
c 443.16319 0.0 345.98 0.0 0.0 0.0
t 148
c 443.36479 0.0 345.98 0.0 0.0 0.0
t 148
c 443.56638 0.0 345.98 0.0 0.0 0.0
t 148
c 443.76797 0.0 345.98 0.0 0.0 0.0
t 148
c 443.96957 0.0 345.98 0.0 0.0 0.0
t 148
c 444.17116 0.0 345.98 0.0 0.0 0.0
t 148
c 444.37276 0.0 345.98 0.0 0.0 0.0
t 148
c 444.57435 0.0 345.98 0.0 0.0 0.0
t 149
c 444.77595 0.0 345.98 0.0 0.0 0.0
t 149
c 444.97754 0.0 345.98 0.0 0.0 0.0
t 149
c 445.17913 0.0 345.98 0.0 0.0 0.0
t 149
c 445.38073 0.0 345.98 0.0 0.0 0.0
t 149
c 445.58232 0.0 345.98 0.0 0.0 0.0
t 149
c 445.78392 0.0 345.98 0.0 0.0 0.0
t 149
c 445.98551 0.0 345.98 0.0 0.0 0.0
t 149
c 446.1871 0.0 345.98 0.0 0.0 0.0
t 149
c 446.3887 0.0 345.98 0.0 0.0 0.0
t 150
c 446.59029 0.0 345.98 0.0 0.0 0.0
t 150
c 446.79189 0.0 345.98 0.0 0.0 0.0
t 150
c 446.99348 0.0 345.98 0.0 0.0 0.0
t 150
c 447.19508 0.0 345.98 0.0 0.0 0.0
t 150
c 447.39667 0.0 345.98 0.0 0.0 0.0
t 150
c 447.59826 0.0 345.98 0.0 0.0 0.0
t 150
c 447.79986 0.0 345.98 0.0 0.0 0.0
t 150
c 448.00145 0.0 345.98 0.0 0.0 0.0
t 151
c 448.20305 0.0 345.98 0.0 0.0 0.0
t 151
c 448.40464 0.0 345.98 0.0 0.0 0.0
t 151
c 448.60624 0.0 345.98 0.0 0.0 0.0
t 151
c 448.80783 0.0 345.98 0.0 0.0 0.0
t 151
c 449.00942 0.0 345.98 0.0 0.0 0.0
t 151
c 449.21102 0.0 345.98 0.0 0.0 0.0
t 151
c 449.41261 0.0 345.98 0.0 0.0 0.0
t 151
c 449.61421 0.0 345.98 0.0 0.0 0.0
t 151
c 449.8158 0.0 345.98 0.0 0.0 0.0
t 152
c 450.01739 0.0 345.98 0.0 0.0 0.0
t 152
c 450.21899 0.0 345.98 0.0 0.0 0.0
t 152
c 450.42058 0.0 345.98 0.0 0.0 0.0
t 152
c 450.62218 0.0 345.98 0.0 0.0 0.0
t 152
c 450.82377 0.0 345.98 0.0 0.0 0.0
t 152
c 451.02537 0.0 345.98 0.0 0.0 0.0
t 152
c 451.22696 0.0 345.98 0.0 0.0 0.0
t 152
c 451.42855 0.0 345.98 0.0 0.0 0.0
t 152
c 451.63015 0.0 345.98 0.0 0.0 0.0
t 153
c 451.83174 0.0 345.98 0.0 0.0 0.0
t 153
c 452.03334 0.0 345.98 0.0 0.0 0.0
t 153
c 452.23493 0.0 345.98 0.0 0.0 0.0
t 153
c 452.43653 0.0 345.98 0.0 0.0 0.0
t 153
c 452.63812 0.0 345.98 0.0 0.0 0.0
t 153
c 452.83971 0.0 345.98 0.0 0.0 0.0
t 153
c 453.04131 0.0 345.98 0.0 0.0 0.0
t 153
c 453.2429 0.0 345.98 0.0 0.0 0.0
t 154
c 453.4445 0.0 345.98 0.0 0.0 0.0
t 154
c 453.64609 0.0 345.98 0.0 0.0 0.0
t 154
c 453.84768 0.0 345.98 0.0 0.0 0.0
t 154
c 454.04928 0.0 345.98 0.0 0.0 0.0
t 154
c 454.25087 0.0 345.98 0.0 0.0 0.0
t 154
c 454.45247 0.0 345.98 0.0 0.0 0.0
t 154
c 454.65406 0.0 345.98 0.0 0.0 0.0
t 154
c 454.85566 0.0 345.98 0.0 0.0 0.0
t 154
c 455.05725 0.0 345.98 0.0 0.0 0.0
t 155
c 455.25884 0.0 345.98 0.0 0.0 0.0
t 155
c 455.46044 0.0 345.98 0.0 0.0 0.0
t 155
c 455.66203 0.0 345.98 0.0 0.0 0.0
t 155
c 455.86363 0.0 345.98 0.0 0.0 0.0
t 155
c 456.06522 0.0 345.98 0.0 0.0 0.0
t 155
c 456.26682 0.0 345.98 0.0 0.0 0.0
t 155
c 456.46841 0.0 345.98 0.0 0.0 0.0
t 155
c 456.67 0.0 345.98 0.0 0.0 0.0
t 156
c 456.8716 0.0 345.98 0.0 0.0 0.0
t 156
c 457.07319 0.0 345.98 0.0 0.0 0.0
t 156
c 457.27479 0.0 345.98 0.0 0.0 0.0
t 156
c 457.47638 0.0 345.98 0.0 0.0 0.0
t 156
c 457.67797 0.0 345.98 0.0 0.0 0.0
t 156
c 457.87957 0.0 345.98 0.0 0.0 0.0
t 156
c 458.08116 0.0 345.98 0.0 0.0 0.0
t 156
c 458.28276 0.0 345.98 0.0 0.0 0.0
t 156
c 458.48435 0.0 345.98 0.0 0.0 0.0
t 157
c 458.68595 0.0 345.98 0.0 0.0 0.0
t 157
c 458.88754 0.0 345.98 0.0 0.0 0.0
t 157
c 459.08913 0.0 345.98 0.0 0.0 0.0
t 157
c 459.29073 0.0 345.98 0.0 0.0 0.0
t 157
c 459.49232 0.0 345.98 0.0 0.0 0.0
t 157
c 459.69392 0.0 345.98 0.0 0.0 0.0
t 157
c 459.89551 0.0 345.98 0.0 0.0 0.0
t 157
c 460.09711 0.0 345.98 0.0 0.0 0.0
t 157
c 460.2987 0.0 345.98 0.0 0.0 0.0
t 158
c 460.50029 0.0 345.98 0.0 0.0 0.0
t 158
c 460.70189 0.0 345.98 0.0 0.0 0.0
t 158
c 460.90348 0.0 345.98 0.0 0.0 0.0
t 158
c 461.10508 0.0 345.98 0.0 0.0 0.0
t 158
c 461.30667 0.0 345.98 0.0 0.0 0.0
t 158
c 461.50826 0.0 345.98 0.0 0.0 0.0
t 158
c 461.70986 0.0 345.98 0.0 0.0 0.0
t 158
c 461.91145 0.0 345.98 0.0 0.0 0.0
t 159
c 462.11305 0.0 345.98 0.0 0.0 0.0
t 159
c 462.31464 0.0 345.98 0.0 0.0 0.0
t 159
c 462.51624 0.0 345.98 0.0 0.0 0.0
t 159
c 462.71783 0.0 345.98 0.0 0.0 0.0
t 159
c 462.91942 0.0 345.98 0.0 0.0 0.0
t 159
c 463.12102 0.0 345.98 0.0 0.0 0.0
t 159
c 463.32261 0.0 345.98 0.0 0.0 0.0
t 159
c 463.52421 0.0 345.98 0.0 0.0 0.0
t 159
c 463.7258 0.0 345.98 0.0 0.0 0.0
t 160
c 463.9274 0.0 345.98 0.0 0.0 0.0
t 160
c 464.12899 0.0 345.98 0.0 0.0 0.0
t 160
c 464.33058 0.0 345.98 0.0 0.0 0.0
t 160
c 464.53218 0.0 345.98 0.0 0.0 0.0
t 160
c 464.73377 0.0 345.98 0.0 0.0 0.0
t 160
c 464.93537 0.0 345.98 0.0 0.0 0.0
t 160
c 465.13696 0.0 345.98 0.0 0.0 0.0
t 160
c 465.33855 0.0 345.98 0.0 0.0 0.0
t 160
c 465.54015 0.0 345.98 0.0 0.0 0.0
t 161
c 465.74174 0.0 345.98 0.0 0.0 0.0
t 161
c 465.94334 0.0 345.98 0.0 0.0 0.0
t 161
c 466.14493 0.0 345.98 0.0 0.0 0.0
t 161
c 466.34653 0.0 345.98 0.0 0.0 0.0
t 161
c 466.54812 0.0 345.98 0.0 0.0 0.0
t 161
c 466.74971 0.0 345.98 0.0 0.0 0.0
t 161
c 466.95131 0.0 345.98 0.0 0.0 0.0
t 161
c 467.1529 0.0 345.98 0.0 0.0 0.0
t 162
c 467.3545 0.0 345.98 0.0 0.0 0.0
t 162
c 467.55609 0.0 345.98 0.0 0.0 0.0
t 162
c 467.75769 0.0 345.98 0.0 0.0 0.0
t 162
c 467.95928 0.0 345.98 0.0 0.0 0.0
t 162
c 468.16087 0.0 345.98 0.0 0.0 0.0
t 162
c 468.36247 0.0 345.98 0.0 0.0 0.0
t 162
c 468.56406 0.0 345.98 0.0 0.0 0.0
t 162
c 468.76566 0.0 345.98 0.0 0.0 0.0
t 162
c 468.96725 0.0 345.98 0.0 0.0 0.0
t 163
c 469.16884 0.0 345.98 0.0 0.0 0.0
t 163
c 469.37044 0.0 345.98 0.0 0.0 0.0
t 163
c 469.57203 0.0 345.98 0.0 0.0 0.0
t 163
c 469.77363 0.0 345.98 0.0 0.0 0.0
t 163
c 469.97522 0.0 345.98 0.0 0.0 0.0
t 163
c 470.17682 0.0 345.98 0.0 0.0 0.0
t 163
c 470.37841 0.0 345.98 0.0 0.0 0.0
t 163
c 470.58 0.0 345.98 0.0 0.0 0.0
t 164
c 470.7816 0.0 345.98 0.0 0.0 0.0
t 164
c 470.98319 0.0 345.98 0.0 0.0 0.0
t 164
c 471.18479 0.0 345.98 0.0 0.0 0.0
t 164
c 471.38638 0.0 345.98 0.0 0.0 0.0
t 164
c 471.58798 0.0 345.98 0.0 0.0 0.0
t 164
c 471.78957 0.0 345.98 0.0 0.0 0.0
t 164
c 471.99116 0.0 345.98 0.0 0.0 0.0
t 164
c 472.19276 0.0 345.98 0.0 0.0 0.0
t 164
c 472.39435 0.0 345.98 0.0 0.0 0.0
t 165
c 472.59595 0.0 345.98 0.0 0.0 0.0
t 165
c 472.79754 0.0 345.98 0.0 0.0 0.0
t 165
c 472.99913 0.0 345.98 0.0 0.0 0.0
t 165
c 473.20073 0.0 345.98 0.0 0.0 0.0
t 165
c 473.40232 0.0 345.98 0.0 0.0 0.0
t 165
c 473.60392 0.0 345.98 0.0 0.0 0.0
t 165
c 473.80551 0.0 345.98 0.0 0.0 0.0
t 165
c 474.00711 0.0 345.98 0.0 0.0 0.0
t 165
c 474.2087 0.0 345.98 0.0 0.0 0.0
t 166
c 474.41029 0.0 345.98 0.0 0.0 0.0
t 166
c 474.61189 0.0 345.98 0.0 0.0 0.0
t 166
c 474.81348 0.0 345.98 0.0 0.0 0.0
t 166
c 475.01508 0.0 345.98 0.0 0.0 0.0
t 166
c 475.21667 0.0 345.98 0.0 0.0 0.0
t 166
c 475.41827 0.0 345.98 0.0 0.0 0.0
t 166
c 475.61986 0.0 345.98 0.0 0.0 0.0
t 166
c 475.82145 0.0 345.98 0.0 0.0 0.0
t 167
c 476.02305 0.0 345.98 0.0 0.0 0.0
t 167
c 476.22464 0.0 345.98 0.0 0.0 0.0
t 167
c 476.42624 0.0 345.98 0.0 0.0 0.0
t 167
c 476.62783 0.0 345.98 0.0 0.0 0.0
t 167
c 476.82942 0.0 345.98 0.0 0.0 0.0
t 167
c 477.03102 0.0 345.98 0.0 0.0 0.0
t 167
c 477.23261 0.0 345.98 0.0 0.0 0.0
t 167
c 477.43421 0.0 345.98 0.0 0.0 0.0
t 167
c 477.6358 0.0 345.98 0.0 0.0 0.0
t 168
c 477.8374 0.0 345.98 0.0 0.0 0.0
t 168
c 478.03899 0.0 345.98 0.0 0.0 0.0
t 168
c 478.24058 0.0 345.98 0.0 0.0 0.0
t 168
c 478.44218 0.0 345.98 0.0 0.0 0.0
t 168
c 478.64377 0.0 345.98 0.0 0.0 0.0
t 168
c 478.84537 0.0 345.98 0.0 0.0 0.0
t 168
c 479.04696 0.0 345.98 0.0 0.0 0.0
t 168
c 479.24856 0.0 345.98 0.0 0.0 0.0
t 168
c 479.24856 0.0 345.98 0.0 0.0 0.0
t 169
c 479.04743 0.0 345.98 0.0 0.0 0.0
t 169
c 478.8463 0.0 345.98 0.0 0.0 0.0
t 169
c 478.64518 0.0 345.98 0.0 0.0 0.0
t 169
c 478.44405 0.0 345.98 0.0 0.0 0.0
t 169
c 478.24292 0.0 345.98 0.0 0.0 0.0
t 169
c 478.0418 0.0 345.98 0.0 0.0 0.0
t 169
c 477.84067 0.0 345.98 0.0 0.0 0.0
t 169
c 477.63954 0.0 345.98 0.0 0.0 0.0
t 168
c 477.43842 0.0 345.98 0.0 0.0 0.0
t 169
c 477.23729 0.0 345.98 0.0 0.0 0.0
t 169
c 477.03617 0.0 345.98 0.0 0.0 0.0
t 169
c 476.83504 0.0 345.98 0.0 0.0 0.0
t 169
c 476.63391 0.0 345.98 0.0 0.0 0.0
t 169
c 476.43279 0.0 345.98 0.0 0.0 0.0
t 169
c 476.23166 0.0 345.98 0.0 0.0 0.0
t 169
c 476.03053 0.0 345.98 0.0 0.0 0.0
t 169
c 475.82941 0.0 345.98 0.0 0.0 0.0
t 169
c 475.62828 0.0 345.98 0.0 0.0 0.0
t 169
c 475.42716 0.0 345.98 0.0 0.0 0.0
t 169
c 475.22603 0.0 345.98 0.0 0.0 0.0
t 169
c 475.0249 0.0 345.98 0.0 0.0 0.0
t 169
c 474.82378 0.0 345.98 0.0 0.0 0.0
t 169
c 474.62265 0.0 345.98 0.0 0.0 0.0
t 169
c 474.42152 0.0 345.98 0.0 0.0 0.0
t 169
c 474.2204 0.0 345.98 0.0 0.0 0.0
t 168
c 474.01927 0.0 345.98 0.0 0.0 0.0
t 169
c 473.81815 0.0 345.98 0.0 0.0 0.0
t 169
c 473.61702 0.0 345.98 0.0 0.0 0.0
t 169
c 473.41589 0.0 345.98 0.0 0.0 0.0
t 169
c 473.21477 0.0 345.98 0.0 0.0 0.0
t 169
c 473.01364 0.0 345.98 0.0 0.0 0.0
t 169
c 472.81251 0.0 345.98 0.0 0.0 0.0
t 168
c 472.61139 0.0 345.98 0.0 0.0 0.0
t 169
c 472.41026 0.0 345.98 0.0 0.0 0.0
t 169
c 472.20914 0.0 345.98 0.0 0.0 0.0
t 169
c 472.00801 0.0 345.98 0.0 0.0 0.0
t 169
c 471.80688 0.0 345.98 0.0 0.0 0.0
t 169
c 471.60576 0.0 345.98 0.0 0.0 0.0
t 169
c 471.40463 0.0 345.98 0.0 0.0 0.0
t 169
c 471.2035 0.0 345.98 0.0 0.0 0.0
t 169
c 471.00238 0.0 345.98 0.0 0.0 0.0
t 169
c 470.80125 0.0 345.98 0.0 0.0 0.0
t 169
c 470.60013 0.0 345.98 0.0 0.0 0.0
t 169
c 470.399 0.0 345.98 0.0 0.0 0.0
t 168
c 470.19787 0.0 345.98 0.0 0.0 0.0
t 169
c 469.99675 0.0 345.98 0.0 0.0 0.0
t 169
c 469.79562 0.0 345.98 0.0 0.0 0.0
t 169
c 469.59449 0.0 345.98 0.0 0.0 0.0
t 169
c 469.39337 0.0 345.98 0.0 0.0 0.0
t 168
c 469.19224 0.0 345.98 0.0 0.0 0.0
t 169
c 468.99112 0.0 345.98 0.0 0.0 0.0
t 169
c 468.78999 0.0 345.98 0.0 0.0 0.0
t 169
c 468.58886 0.0 345.98 0.0 0.0 0.0
t 169
c 468.38774 0.0 345.98 0.0 0.0 0.0
t 168
c 468.18661 0.0 345.98 0.0 0.0 0.0
t 169
c 467.98548 0.0 345.98 0.0 0.0 0.0
t 169
c 467.78436 0.0 345.98 0.0 0.0 0.0
t 169
c 467.58323 0.0 345.98 0.0 0.0 0.0
t 169
c 467.3821 0.0 345.98 0.0 0.0 0.0
t 169
c 467.18098 0.0 345.98 0.0 0.0 0.0
t 169
c 466.97985 0.0 345.98 0.0 0.0 0.0
t 169
c 466.77873 0.0 345.98 0.0 0.0 0.0
t 169
c 466.5776 0.0 345.98 0.0 0.0 0.0
t 169
c 466.37647 0.0 345.98 0.0 0.0 0.0
t 169
c 466.17535 0.0 345.98 0.0 0.0 0.0
t 169
c 465.97422 0.0 345.98 0.0 0.0 0.0
t 169
c 465.77309 0.0 345.98 0.0 0.0 0.0
t 169
c 465.57197 0.0 345.98 0.0 0.0 0.0
t 169
c 465.37084 0.0 345.98 0.0 0.0 0.0
t 169
c 465.16972 0.0 345.98 0.0 0.0 0.0
t 169
c 464.96859 0.0 345.98 0.0 0.0 0.0
t 169
c 464.76746 0.0 345.98 0.0 0.0 0.0
t 169
c 464.56634 0.0 345.98 0.0 0.0 0.0
t 169
c 464.36521 0.0 345.98 0.0 0.0 0.0
t 169
c 464.16408 0.0 345.98 0.0 0.0 0.0
t 169
c 463.96296 0.0 345.98 0.0 0.0 0.0
t 169
c 463.76183 0.0 345.98 0.0 0.0 0.0
t 169
c 463.56071 0.0 345.98 0.0 0.0 0.0
t 169
c 463.35958 0.0 345.98 0.0 0.0 0.0
t 169
c 463.15845 0.0 345.98 0.0 0.0 0.0
t 169
c 462.95733 0.0 345.98 0.0 0.0 0.0
t 169
c 462.7562 0.0 345.98 0.0 0.0 0.0
t 169
c 462.55507 0.0 345.98 0.0 0.0 0.0
t 169
c 462.35395 0.0 345.98 0.0 0.0 0.0
t 169
c 462.15282 0.0 345.98 0.0 0.0 0.0
t 169
c 461.9517 0.0 345.98 0.0 0.0 0.0
t 169
c 461.75057 0.0 345.98 0.0 0.0 0.0
t 169
c 461.54944 0.0 345.98 0.0 0.0 0.0
t 169
c 461.34832 0.0 345.98 0.0 0.0 0.0
t 169
c 461.14719 0.0 345.98 0.0 0.0 0.0
t 169
c 460.94606 0.0 345.98 0.0 0.0 0.0
t 169
c 460.74494 0.0 345.98 0.0 0.0 0.0
t 169
c 460.54381 0.0 345.98 0.0 0.0 0.0
t 169
c 460.34269 0.0 345.98 0.0 0.0 0.0
t 169
c 460.14156 0.0 345.98 0.0 0.0 0.0
t 169
c 459.94043 0.0 345.98 0.0 0.0 0.0
t 169
c 459.73931 0.0 345.98 0.0 0.0 0.0
t 169
c 459.53818 0.0 345.98 0.0 0.0 0.0
t 169
c 459.33705 0.0 345.98 0.0 0.0 0.0
t 169
c 459.13593 0.0 345.98 0.0 0.0 0.0
t 169
c 458.9348 0.0 345.98 0.0 0.0 0.0
t 169
c 458.73368 0.0 345.98 0.0 0.0 0.0
t 169
c 458.53255 0.0 345.98 0.0 0.0 0.0
t 169
c 458.33142 0.0 345.98 0.0 0.0 0.0
t 169
c 458.1303 0.0 345.98 0.0 0.0 0.0
t 168
c 457.92917 0.0 345.98 0.0 0.0 0.0
t 169
c 457.72804 0.0 345.98 0.0 0.0 0.0
t 169
c 457.52692 0.0 345.98 0.0 0.0 0.0
t 169
c 457.32579 0.0 345.98 0.0 0.0 0.0
t 169
c 457.12467 0.0 345.98 0.0 0.0 0.0
t 169
c 456.92354 0.0 345.98 0.0 0.0 0.0
t 169
c 456.72241 0.0 345.98 0.0 0.0 0.0
t 169
c 456.52129 0.0 345.98 0.0 0.0 0.0
t 168
c 456.32016 0.0 345.98 0.0 0.0 0.0
t 169
c 456.11903 0.0 345.98 0.0 0.0 0.0
t 169
c 455.91791 0.0 345.98 0.0 0.0 0.0
t 169
c 455.71678 0.0 345.98 0.0 0.0 0.0
t 169
c 455.51565 0.0 345.98 0.0 0.0 0.0
t 169
c 455.31453 0.0 345.98 0.0 0.0 0.0
t 169
c 455.1134 0.0 345.98 0.0 0.0 0.0
t 169
c 454.91228 0.0 345.98 0.0 0.0 0.0
t 168
c 454.71115 0.0 345.98 0.0 0.0 0.0
t 169
c 454.51002 0.0 345.98 0.0 0.0 0.0
t 169
c 454.3089 0.0 345.98 0.0 0.0 0.0
t 169
c 454.10777 0.0 345.98 0.0 0.0 0.0
t 169
c 453.90664 0.0 345.98 0.0 0.0 0.0
t 169
c 453.70552 0.0 345.98 0.0 0.0 0.0
t 169
c 453.50439 0.0 345.98 0.0 0.0 0.0
t 169
c 453.30327 0.0 345.98 0.0 0.0 0.0
t 169
c 453.10214 0.0 345.98 0.0 0.0 0.0
t 169
c 452.90101 0.0 345.98 0.0 0.0 0.0
t 169
c 452.69989 0.0 345.98 0.0 0.0 0.0
t 169
c 452.49876 0.0 345.98 0.0 0.0 0.0
t 169
c 452.29763 0.0 345.98 0.0 0.0 0.0
t 169
c 452.09651 0.0 345.98 0.0 0.0 0.0
t 169
c 451.89538 0.0 345.98 0.0 0.0 0.0
t 169
c 451.69426 0.0 345.98 0.0 0.0 0.0
t 169
c 451.49313 0.0 345.98 0.0 0.0 0.0
t 169
c 451.292 0.0 345.98 0.0 0.0 0.0
t 169
c 451.09088 0.0 345.98 0.0 0.0 0.0
t 169
c 450.88975 0.0 345.98 0.0 0.0 0.0
t 169
c 450.68862 0.0 345.98 0.0 0.0 0.0
t 169
c 450.4875 0.0 345.98 0.0 0.0 0.0
t 169
c 450.28637 0.0 345.98 0.0 0.0 0.0
t 169
c 450.08525 0.0 345.98 0.0 0.0 0.0
t 169
c 449.88412 0.0 345.98 0.0 0.0 0.0
t 169
c 449.68299 0.0 345.98 0.0 0.0 0.0
t 169
c 449.48187 0.0 345.98 0.0 0.0 0.0
t 169
c 449.28074 0.0 345.98 0.0 0.0 0.0
t 169
c 449.07961 0.0 345.98 0.0 0.0 0.0
t 169
c 448.87849 0.0 345.98 0.0 0.0 0.0
t 169
c 448.67736 0.0 345.98 0.0 0.0 0.0
t 169
c 448.47624 0.0 345.98 0.0 0.0 0.0
t 169
c 448.27511 0.0 345.98 0.0 0.0 0.0
t 169
c 448.07398 0.0 345.98 0.0 0.0 0.0
t 169
c 447.87286 0.0 345.98 0.0 0.0 0.0
t 169
c 447.67173 0.0 345.98 0.0 0.0 0.0
t 169
c 447.4706 0.0 345.98 0.0 0.0 0.0
t 169
c 447.26948 0.0 345.98 0.0 0.0 0.0
t 169
c 447.06835 0.0 345.98 0.0 0.0 0.0
t 169
c 446.86723 0.0 345.98 0.0 0.0 0.0
t 169
c 446.6661 0.0 345.98 0.0 0.0 0.0
t 169
c 446.46497 0.0 345.98 0.0 0.0 0.0
t 169
c 446.26385 0.0 345.98 0.0 0.0 0.0
t 169
c 446.06272 0.0 345.98 0.0 0.0 0.0
t 169
c 445.86159 0.0 345.98 0.0 0.0 0.0
t 169
c 445.66047 0.0 345.98 0.0 0.0 0.0
t 169
c 445.45934 0.0 345.98 0.0 0.0 0.0
t 169
c 445.25822 0.0 345.98 0.0 0.0 0.0
t 169
c 445.05709 0.0 345.98 0.0 0.0 0.0
t 169
c 444.85596 0.0 345.98 0.0 0.0 0.0
t 169
c 444.65484 0.0 345.98 0.0 0.0 0.0
t 169
c 444.45371 0.0 345.98 0.0 0.0 0.0
t 169
c 444.25258 0.0 345.98 0.0 0.0 0.0
t 169
c 444.05146 0.0 345.98 0.0 0.0 0.0
t 169
c 443.85033 0.0 345.98 0.0 0.0 0.0
t 169
c 443.6492 0.0 345.98 0.0 0.0 0.0
t 169
c 443.44808 0.0 345.98 0.0 0.0 0.0
t 169
c 443.24695 0.0 345.98 0.0 0.0 0.0
t 169
c 443.04583 0.0 345.98 0.0 0.0 0.0
t 169
c 442.8447 0.0 345.98 0.0 0.0 0.0
t 169
c 442.64357 0.0 345.98 0.0 0.0 0.0
t 169
c 442.44245 0.0 345.98 0.0 0.0 0.0
t 169
c 442.24132 0.0 345.98 0.0 0.0 0.0
t 169
c 442.04019 0.0 345.98 0.0 0.0 0.0
t 169
c 441.83907 0.0 345.98 0.0 0.0 0.0
t 169
c 441.63794 0.0 345.98 0.0 0.0 0.0
t 169
c 441.43682 0.0 345.98 0.0 0.0 0.0
t 169
c 441.23569 0.0 345.98 0.0 0.0 0.0
t 169
c 441.03456 0.0 345.98 0.0 0.0 0.0
t 169
c 440.83344 0.0 345.98 0.0 0.0 0.0
t 169
c 440.63231 0.0 345.98 0.0 0.0 0.0
t 169
c 440.43118 0.0 345.98 0.0 0.0 0.0
t 169
c 440.23006 0.0 345.98 0.0 0.0 0.0
t 169
c 440.02893 0.0 345.98 0.0 0.0 0.0
t 169
c 439.82781 0.0 345.98 0.0 0.0 0.0
t 169
c 439.62668 0.0 345.98 0.0 0.0 0.0
t 169
c 439.42555 0.0 345.98 0.0 0.0 0.0
t 169
c 439.22443 0.0 345.98 0.0 0.0 0.0
t 169
c 439.0233 0.0 345.98 0.0 0.0 0.0
t 169
c 438.82217 0.0 345.98 0.0 0.0 0.0
t 169
c 438.62105 0.0 345.98 0.0 0.0 0.0
t 169
c 438.41992 0.0 345.98 0.0 0.0 0.0
t 169
c 438.2188 0.0 345.98 0.0 0.0 0.0
t 169
c 438.01767 0.0 345.98 0.0 0.0 0.0
t 169
c 437.81654 0.0 345.98 0.0 0.0 0.0
t 169
c 437.61542 0.0 345.98 0.0 0.0 0.0
t 169
c 437.41429 0.0 345.98 0.0 0.0 0.0
t 169
c 437.21316 0.0 345.98 0.0 0.0 0.0
t 169
c 437.01204 0.0 345.98 0.0 0.0 0.0
t 169
c 436.81091 0.0 345.98 0.0 0.0 0.0
t 169
c 436.60979 0.0 345.98 0.0 0.0 0.0
t 169
c 436.40866 0.0 345.98 0.0 0.0 0.0
t 169
c 436.20753 0.0 345.98 0.0 0.0 0.0
t 169
c 436.00641 0.0 345.98 0.0 0.0 0.0
t 169
c 435.80528 0.0 345.98 0.0 0.0 0.0
t 169
c 435.60415 0.0 345.98 0.0 0.0 0.0
t 169
c 435.40303 0.0 345.98 0.0 0.0 0.0
t 169
c 435.2019 0.0 345.98 0.0 0.0 0.0
t 169
c 435.00078 0.0 345.98 0.0 0.0 0.0
t 169
c 434.79965 0.0 345.98 0.0 0.0 0.0
t 169
c 434.59852 0.0 345.98 0.0 0.0 0.0
t 169
c 434.3974 0.0 345.98 0.0 0.0 0.0
t 169
c 434.19627 0.0 345.98 0.0 0.0 0.0
t 169
c 433.99514 0.0 345.98 0.0 0.0 0.0
t 169
c 433.79402 0.0 345.98 0.0 0.0 0.0
t 169
c 433.59289 0.0 345.98 0.0 0.0 0.0
t 169
c 433.39176 0.0 345.98 0.0 0.0 0.0
t 169
c 433.19064 0.0 345.98 0.0 0.0 0.0
t 169
c 432.98951 0.0 345.98 0.0 0.0 0.0
t 169
c 432.78839 0.0 345.98 0.0 0.0 0.0
t 169
c 432.58726 0.0 345.98 0.0 0.0 0.0
t 169
c 432.38613 0.0 345.98 0.0 0.0 0.0
t 169
c 432.18501 0.0 345.98 0.0 0.0 0.0
t 169
c 431.98388 0.0 345.98 0.0 0.0 0.0
t 169
c 431.78275 0.0 345.98 0.0 0.0 0.0
t 169
c 431.58163 0.0 345.98 0.0 0.0 0.0
t 169
c 431.3805 0.0 345.98 0.0 0.0 0.0
t 169
c 431.17938 0.0 345.98 0.0 0.0 0.0
t 169
c 430.97825 0.0 345.98 0.0 0.0 0.0
t 169
c 430.77712 0.0 345.98 0.0 0.0 0.0
t 169
c 430.576 0.0 345.98 0.0 0.0 0.0
t 169
c 430.37487 0.0 345.98 0.0 0.0 0.0
t 169
c 430.17374 0.0 345.98 0.0 0.0 0.0
t 169
c 429.97262 0.0 345.98 0.0 0.0 0.0
t 169
c 429.77149 0.0 345.98 0.0 0.0 0.0
t 169
c 429.57037 0.0 345.98 0.0 0.0 0.0
t 169
c 429.36924 0.0 345.98 0.0 0.0 0.0
t 169
c 429.16811 0.0 345.98 0.0 0.0 0.0
t 169
c 428.96699 0.0 345.98 0.0 0.0 0.0
t 169
c 428.76586 0.0 345.98 0.0 0.0 0.0
t 169
c 428.56473 0.0 345.98 0.0 0.0 0.0
t 169
c 428.36361 0.0 345.98 0.0 0.0 0.0
t 169
c 428.16248 0.0 345.98 0.0 0.0 0.0
t 169
c 427.96136 0.0 345.98 0.0 0.0 0.0
t 169
c 427.76023 0.0 345.98 0.0 0.0 0.0
t 169
c 427.5591 0.0 345.98 0.0 0.0 0.0
t 169
c 427.35798 0.0 345.98 0.0 0.0 0.0
t 169
c 427.15685 0.0 345.98 0.0 0.0 0.0
t 169
c 426.95572 0.0 345.98 0.0 0.0 0.0
t 169
c 426.7546 0.0 345.98 0.0 0.0 0.0
t 169
c 426.55347 0.0 345.98 0.0 0.0 0.0
t 169
c 426.35235 0.0 345.98 0.0 0.0 0.0
t 169
c 426.15122 0.0 345.98 0.0 0.0 0.0
t 169
c 425.95009 0.0 345.98 0.0 0.0 0.0
t 169
c 425.74897 0.0 345.98 0.0 0.0 0.0
t 169
c 425.54784 0.0 345.98 0.0 0.0 0.0
t 169
c 425.34671 0.0 345.98 0.0 0.0 0.0
t 169
c 425.14559 0.0 345.98 0.0 0.0 0.0
t 169
c 424.94446 0.0 345.98 0.0 0.0 0.0
t 169
c 424.74334 0.0 345.98 0.0 0.0 0.0
t 169
c 424.54221 0.0 345.98 0.0 0.0 0.0
t 169
c 424.34108 0.0 345.98 0.0 0.0 0.0
t 169
c 424.13996 0.0 345.98 0.0 0.0 0.0
t 169
c 423.93883 0.0 345.98 0.0 0.0 0.0
t 169
c 423.7377 0.0 345.98 0.0 0.0 0.0
t 169
c 423.53658 0.0 345.98 0.0 0.0 0.0
t 169
c 423.33545 0.0 345.98 0.0 0.0 0.0
t 169
c 423.13433 0.0 345.98 0.0 0.0 0.0
t 169
c 422.9332 0.0 345.98 0.0 0.0 0.0
t 169
c 422.73207 0.0 345.98 0.0 0.0 0.0
t 169
c 422.53095 0.0 345.98 0.0 0.0 0.0
t 169
c 422.32982 0.0 345.98 0.0 0.0 0.0
t 169
c 422.12869 0.0 345.98 0.0 0.0 0.0
t 169
c 421.92757 0.0 345.98 0.0 0.0 0.0
t 169
c 421.72644 0.0 345.98 0.0 0.0 0.0
t 169
c 421.52531 0.0 345.98 0.0 0.0 0.0
t 169
c 421.32419 0.0 345.98 0.0 0.0 0.0
t 169
c 421.12306 0.0 345.98 0.0 0.0 0.0
t 169
c 420.92194 0.0 345.98 0.0 0.0 0.0
t 169
c 420.72081 0.0 345.98 0.0 0.0 0.0
t 169
c 420.51968 0.0 345.98 0.0 0.0 0.0
t 169
c 420.31856 0.0 345.98 0.0 0.0 0.0
t 169
c 420.11743 0.0 345.98 0.0 0.0 0.0
t 169
c 419.9163 0.0 345.98 0.0 0.0 0.0
t 169
c 419.71518 0.0 345.98 0.0 0.0 0.0
t 169
c 419.51405 0.0 345.98 0.0 0.0 0.0
t 169
c 419.31293 0.0 345.98 0.0 0.0 0.0
t 169
c 419.1118 0.0 345.98 0.0 0.0 0.0
t 169
c 418.91067 0.0 345.98 0.0 0.0 0.0
t 169
c 418.70955 0.0 345.98 0.0 0.0 0.0
t 169
c 418.50842 0.0 345.98 0.0 0.0 0.0
t 169
c 418.30729 0.0 345.98 0.0 0.0 0.0
t 169
c 418.10617 0.0 345.98 0.0 0.0 0.0
t 169
c 417.90504 0.0 345.98 0.0 0.0 0.0
t 169
c 417.70392 0.0 345.98 0.0 0.0 0.0
t 169
c 417.50279 0.0 345.98 0.0 0.0 0.0
t 169
c 417.30166 0.0 345.98 0.0 0.0 0.0
t 169
c 417.10054 0.0 345.98 0.0 0.0 0.0
t 169
c 416.89941 0.0 345.98 0.0 0.0 0.0
t 169
c 416.69828 0.0 345.98 0.0 0.0 0.0
t 169
c 416.49716 0.0 345.98 0.0 0.0 0.0
t 169
c 416.29603 0.0 345.98 0.0 0.0 0.0
t 169
c 416.09491 0.0 345.98 0.0 0.0 0.0
t 169
c 415.89378 0.0 345.98 0.0 0.0 0.0
t 169
c 415.69265 0.0 345.98 0.0 0.0 0.0
t 169
c 415.49153 0.0 345.98 0.0 0.0 0.0
t 169
c 415.2904 0.0 345.98 0.0 0.0 0.0
t 169
c 415.08927 0.0 345.98 0.0 0.0 0.0
t 169
c 414.88815 0.0 345.98 0.0 0.0 0.0
t 169
c 414.68702 0.0 345.98 0.0 0.0 0.0
t 169
c 414.4859 0.0 345.98 0.0 0.0 0.0
t 169
c 414.28477 0.0 345.98 0.0 0.0 0.0
t 169
c 414.08364 0.0 345.98 0.0 0.0 0.0
t 169
c 413.88252 0.0 345.98 0.0 0.0 0.0
t 169
c 413.68139 0.0 345.98 0.0 0.0 0.0
t 169
c 413.48026 0.0 345.98 0.0 0.0 0.0
t 169
c 413.27914 0.0 345.98 0.0 0.0 0.0
t 169
c 413.07801 0.0 345.98 0.0 0.0 0.0
t 169
c 412.87689 0.0 345.98 0.0 0.0 0.0
t 169
c 412.67576 0.0 345.98 0.0 0.0 0.0
t 169
c 412.47463 0.0 345.98 0.0 0.0 0.0
t 169
c 412.27351 0.0 345.98 0.0 0.0 0.0
t 169
c 412.07238 0.0 345.98 0.0 0.0 0.0
t 169
c 411.87125 0.0 345.98 0.0 0.0 0.0
t 169
c 411.67013 0.0 345.98 0.0 0.0 0.0
t 169
c 411.469 0.0 345.98 0.0 0.0 0.0
t 169
c 411.26788 0.0 345.98 0.0 0.0 0.0
t 169
c 411.06675 0.0 345.98 0.0 0.0 0.0
t 169
c 410.86562 0.0 345.98 0.0 0.0 0.0
t 169
c 410.6645 0.0 345.98 0.0 0.0 0.0
t 169
c 410.46337 0.0 345.98 0.0 0.0 0.0
t 169
c 410.26224 0.0 345.98 0.0 0.0 0.0
t 169
c 410.06112 0.0 345.98 0.0 0.0 0.0
t 169
c 409.85999 0.0 345.98 0.0 0.0 0.0
t 169
c 409.65886 0.0 345.98 0.0 0.0 0.0
t 169
c 409.45774 0.0 345.98 0.0 0.0 0.0
t 169
c 409.25661 0.0 345.98 0.0 0.0 0.0
t 169
c 409.05549 0.0 345.98 0.0 0.0 0.0
t 169
c 408.85436 0.0 345.98 0.0 0.0 0.0
t 169
c 408.65323 0.0 345.98 0.0 0.0 0.0
t 169
c 408.45211 0.0 345.98 0.0 0.0 0.0
t 169
c 408.25098 0.0 345.98 0.0 0.0 0.0
t 169
c 408.04985 0.0 345.98 0.0 0.0 0.0
t 169
c 407.84873 0.0 345.98 0.0 0.0 0.0
t 169
c 407.6476 0.0 345.98 0.0 0.0 0.0
t 169
c 407.44648 0.0 345.98 0.0 0.0 0.0
t 169
c 407.24535 0.0 345.98 0.0 0.0 0.0
t 169
c 407.04422 0.0 345.98 0.0 0.0 0.0
t 169
c 406.8431 0.0 345.98 0.0 0.0 0.0
t 169
c 406.64197 0.0 345.98 0.0 0.0 0.0
t 169
c 406.44084 0.0 345.98 0.0 0.0 0.0
t 169
c 406.23972 0.0 345.98 0.0 0.0 0.0
t 169
c 406.03859 0.0 345.98 0.0 0.0 0.0
t 169
c 405.83747 0.0 345.98 0.0 0.0 0.0
t 169
c 405.63634 0.0 345.98 0.0 0.0 0.0
t 169
c 405.43521 0.0 345.98 0.0 0.0 0.0
t 169
c 405.23409 0.0 345.98 0.0 0.0 0.0
t 169
c 405.03296 0.0 345.98 0.0 0.0 0.0
t 169
c 404.83183 0.0 345.98 0.0 0.0 0.0
t 169
c 404.63071 0.0 345.98 0.0 0.0 0.0
t 169
c 404.42958 0.0 345.98 0.0 0.0 0.0
t 169
c 404.22846 0.0 345.98 0.0 0.0 0.0
t 169
c 404.02733 0.0 345.98 0.0 0.0 0.0
t 169
c 403.8262 0.0 345.98 0.0 0.0 0.0
t 169
c 403.62508 0.0 345.98 0.0 0.0 0.0
t 169
c 403.42395 0.0 345.98 0.0 0.0 0.0
t 169
c 403.22282 0.0 345.98 0.0 0.0 0.0
t 169
c 403.0217 0.0 345.98 0.0 0.0 0.0
t 169
c 402.82057 0.0 345.98 0.0 0.0 0.0
t 169
c 402.61945 0.0 345.98 0.0 0.0 0.0
t 169
c 402.41832 0.0 345.98 0.0 0.0 0.0
t 169
c 402.21719 0.0 345.98 0.0 0.0 0.0
t 169
c 402.01607 0.0 345.98 0.0 0.0 0.0
t 169
c 401.81494 0.0 345.98 0.0 0.0 0.0
t 169
c 401.61381 0.0 345.98 0.0 0.0 0.0
t 169
c 401.41269 0.0 345.98 0.0 0.0 0.0
t 169
c 401.21156 0.0 345.98 0.0 0.0 0.0
t 169
c 401.01044 0.0 345.98 0.0 0.0 0.0
t 169
c 400.80931 0.0 345.98 0.0 0.0 0.0
t 169
c 400.60818 0.0 345.98 0.0 0.0 0.0
t 169
c 400.40706 0.0 345.98 0.0 0.0 0.0
t 169
c 400.20593 0.0 345.98 0.0 0.0 0.0
t 169
c 400.0048 0.0 345.98 0.0 0.0 0.0
t 169
c 399.80368 0.0 345.98 0.0 0.0 0.0
t 169
c 399.60255 0.0 345.98 0.0 0.0 0.0
t 169
c 399.40143 0.0 345.98 0.0 0.0 0.0
t 169
c 399.2003 0.0 345.98 0.0 0.0 0.0
t 169
c 398.99917 0.0 345.98 0.0 0.0 0.0
t 169
c 398.79805 0.0 345.98 0.0 0.0 0.0
t 169
c 398.59692 0.0 345.98 0.0 0.0 0.0
t 169
c 398.39579 0.0 345.98 0.0 0.0 0.0
t 169
c 398.19467 0.0 345.98 0.0 0.0 0.0
t 169
c 397.99354 0.0 345.98 0.0 0.0 0.0
t 169
c 397.79241 0.0 345.98 0.0 0.0 0.0
t 169
c 397.59129 0.0 345.98 0.0 0.0 0.0
t 169
c 397.39016 0.0 345.98 0.0 0.0 0.0
t 169
c 397.18904 0.0 345.98 0.0 0.0 0.0
t 169
c 396.98791 0.0 345.98 0.0 0.0 0.0
t 169
c 396.78678 0.0 345.98 0.0 0.0 0.0
t 169
c 396.58566 0.0 345.98 0.0 0.0 0.0
t 169
c 396.38453 0.0 345.98 0.0 0.0 0.0
t 169
c 396.1834 0.0 345.98 0.0 0.0 0.0
t 169
c 395.98228 0.0 345.98 0.0 0.0 0.0
t 169
c 395.78115 0.0 345.98 0.0 0.0 0.0
t 169
c 395.58003 0.0 345.98 0.0 0.0 0.0
t 169
c 395.3789 0.0 345.98 0.0 0.0 0.0
t 169
c 395.17777 0.0 345.98 0.0 0.0 0.0
t 169
c 394.97665 0.0 345.98 0.0 0.0 0.0
t 169
c 394.77552 0.0 345.98 0.0 0.0 0.0
t 169
c 394.57439 0.0 345.98 0.0 0.0 0.0
t 169
c 394.37327 0.0 345.98 0.0 0.0 0.0
t 169
c 394.17214 0.0 345.98 0.0 0.0 0.0
t 169
c 393.97102 0.0 345.98 0.0 0.0 0.0
t 169
c 393.76989 0.0 345.98 0.0 0.0 0.0
t 169
c 393.56876 0.0 345.98 0.0 0.0 0.0
t 169
c 393.36764 0.0 345.98 0.0 0.0 0.0
t 169
c 393.16651 0.0 345.98 0.0 0.0 0.0
t 169
c 392.96538 0.0 345.98 0.0 0.0 0.0
t 169
c 392.76426 0.0 345.98 0.0 0.0 0.0
t 169
c 392.56313 0.0 345.98 0.0 0.0 0.0
t 169
c 392.36201 0.0 345.98 0.0 0.0 0.0
t 169
c 392.16088 0.0 345.98 0.0 0.0 0.0
t 169
c 391.95975 0.0 345.98 0.0 0.0 0.0
t 169
c 391.75863 0.0 345.98 0.0 0.0 0.0
t 169
c 391.5575 0.0 345.98 0.0 0.0 0.0
t 169
c 391.35637 0.0 345.98 0.0 0.0 0.0
t 169
c 391.15525 0.0 345.98 0.0 0.0 0.0
t 169
c 390.95412 0.0 345.98 0.0 0.0 0.0
t 169
c 390.753 0.0 345.98 0.0 0.0 0.0
t 169
c 390.55187 0.0 345.98 0.0 0.0 0.0
t 169
c 390.35074 0.0 345.98 0.0 0.0 0.0
t 169
c 390.14962 0.0 345.98 0.0 0.0 0.0
t 169
c 389.94849 0.0 345.98 0.0 0.0 0.0
t 169
c 389.74736 0.0 345.98 0.0 0.0 0.0
t 169
c 389.54624 0.0 345.98 0.0 0.0 0.0
t 169
c 389.34511 0.0 345.98 0.0 0.0 0.0
t 169
c 389.14399 0.0 345.98 0.0 0.0 0.0
t 169
c 388.94286 0.0 345.98 0.0 0.0 0.0
t 169
c 388.74173 0.0 345.98 0.0 0.0 0.0
t 169
c 388.54061 0.0 345.98 0.0 0.0 0.0
t 169
c 388.33948 0.0 345.98 0.0 0.0 0.0
t 169
c 388.13835 0.0 345.98 0.0 0.0 0.0
t 169
c 387.93723 0.0 345.98 0.0 0.0 0.0
t 169
c 387.7361 0.0 345.98 0.0 0.0 0.0
t 169
c 387.53497 0.0 345.98 0.0 0.0 0.0
t 169
c 387.33385 0.0 345.98 0.0 0.0 0.0
t 169
c 387.13272 0.0 345.98 0.0 0.0 0.0
t 169
c 386.9316 0.0 345.98 0.0 0.0 0.0
t 169
c 386.73047 0.0 345.98 0.0 0.0 0.0
t 169
c 386.52934 0.0 345.98 0.0 0.0 0.0
t 169
c 386.32822 0.0 345.98 0.0 0.0 0.0
t 169
c 386.12709 0.0 345.98 0.0 0.0 0.0
t 169
c 385.92596 0.0 345.98 0.0 0.0 0.0
t 169
c 385.72484 0.0 345.98 0.0 0.0 0.0
t 169
c 385.52371 0.0 345.98 0.0 0.0 0.0
t 169
c 385.32259 0.0 345.98 0.0 0.0 0.0
t 169
c 385.12146 0.0 345.98 0.0 0.0 0.0
t 169
c 384.92033 0.0 345.98 0.0 0.0 0.0
t 169
c 384.71921 0.0 345.98 0.0 0.0 0.0
t 169
c 384.51808 0.0 345.98 0.0 0.0 0.0
t 169
c 384.31695 0.0 345.98 0.0 0.0 0.0
t 169
c 384.11583 0.0 345.98 0.0 0.0 0.0
t 169
c 383.9147 0.0 345.98 0.0 0.0 0.0
t 169
c 383.71358 0.0 345.98 0.0 0.0 0.0
t 169
c 383.51245 0.0 345.98 0.0 0.0 0.0
t 169
c 383.31132 0.0 345.98 0.0 0.0 0.0
t 169
c 383.1102 0.0 345.98 0.0 0.0 0.0
t 169
c 382.90907 0.0 345.98 0.0 0.0 0.0
t 169
c 382.70794 0.0 345.98 0.0 0.0 0.0
t 169
c 382.50682 0.0 345.98 0.0 0.0 0.0
t 169
c 382.30569 0.0 345.98 0.0 0.0 0.0
t 169
c 382.10457 0.0 345.98 0.0 0.0 0.0
t 169
c 381.90344 0.0 345.98 0.0 0.0 0.0
t 169
c 381.70231 0.0 345.98 0.0 0.0 0.0
t 169
c 381.50119 0.0 345.98 0.0 0.0 0.0
t 169
c 381.30006 0.0 345.98 0.0 0.0 0.0
t 169
c 381.09893 0.0 345.98 0.0 0.0 0.0
t 169
c 380.89781 0.0 345.98 0.0 0.0 0.0
t 169
c 380.69668 0.0 345.98 0.0 0.0 0.0
t 169
c 380.49556 0.0 345.98 0.0 0.0 0.0
t 169
c 380.29443 0.0 345.98 0.0 0.0 0.0
t 169
c 380.0933 0.0 345.98 0.0 0.0 0.0
t 169
c 379.89218 0.0 345.98 0.0 0.0 0.0
t 169
c 379.69105 0.0 345.98 0.0 0.0 0.0
t 169
c 379.48992 0.0 345.98 0.0 0.0 0.0
t 169
c 379.2888 0.0 345.98 0.0 0.0 0.0
t 169
c 379.08767 0.0 345.98 0.0 0.0 0.0
t 169
c 378.88655 0.0 345.98 0.0 0.0 0.0
t 169
c 378.68542 0.0 345.98 0.0 0.0 0.0
t 169
c 378.48429 0.0 345.98 0.0 0.0 0.0
t 169
c 378.28317 0.0 345.98 0.0 0.0 0.0
t 169
c 378.08204 0.0 345.98 0.0 0.0 0.0
t 169
c 377.88091 0.0 345.98 0.0 0.0 0.0
t 169
c 377.67979 0.0 345.98 0.0 0.0 0.0
t 169
c 377.47866 0.0 345.98 0.0 0.0 0.0
t 169
c 377.27754 0.0 345.98 0.0 0.0 0.0
t 169
c 377.07641 0.0 345.98 0.0 0.0 0.0
t 169
c 376.87528 0.0 345.98 0.0 0.0 0.0
t 169
c 376.67416 0.0 345.98 0.0 0.0 0.0
t 169
c 376.47303 0.0 345.98 0.0 0.0 0.0
t 169
c 376.2719 0.0 345.98 0.0 0.0 0.0
t 169
c 376.07078 0.0 345.98 0.0 0.0 0.0
t 169
c 375.86965 0.0 345.98 0.0 0.0 0.0
t 169
c 375.66852 0.0 345.98 0.0 0.0 0.0
t 169
c 375.4674 0.0 345.98 0.0 0.0 0.0
t 169
c 375.26627 0.0 345.98 0.0 0.0 0.0
t 169
c 375.06515 0.0 345.98 0.0 0.0 0.0
t 169
c 374.86402 0.0 345.98 0.0 0.0 0.0
t 169
c 374.66289 0.0 345.98 0.0 0.0 0.0
t 169
c 374.46177 0.0 345.98 0.0 0.0 0.0
t 169
c 374.26064 0.0 345.98 0.0 0.0 0.0
t 169
c 374.05951 0.0 345.98 0.0 0.0 0.0
t 169
c 373.85839 0.0 345.98 0.0 0.0 0.0
t 169
c 373.65726 0.0 345.98 0.0 0.0 0.0
t 169
c 373.45614 0.0 345.98 0.0 0.0 0.0
t 169
c 373.25501 0.0 345.98 0.0 0.0 0.0
t 169
c 373.05388 0.0 345.98 0.0 0.0 0.0
t 169
c 372.85276 0.0 345.98 0.0 0.0 0.0
t 169
c 372.65163 0.0 345.98 0.0 0.0 0.0
t 169
c 372.4505 0.0 345.98 0.0 0.0 0.0
t 169
c 372.24938 0.0 345.98 0.0 0.0 0.0
t 169
c 372.04825 0.0 345.98 0.0 0.0 0.0
t 169
c 371.84713 0.0 345.98 0.0 0.0 0.0
t 169
c 371.646 0.0 345.98 0.0 0.0 0.0
t 169
c 371.44487 0.0 345.98 0.0 0.0 0.0
t 169
c 371.24375 0.0 345.98 0.0 0.0 0.0
t 169
c 371.04262 0.0 345.98 0.0 0.0 0.0
t 169
c 370.84149 0.0 345.98 0.0 0.0 0.0
t 169
c 370.64037 0.0 345.98 0.0 0.0 0.0
t 169
c 370.43924 0.0 345.98 0.0 0.0 0.0
t 169
c 370.23812 0.0 345.98 0.0 0.0 0.0
t 169
c 370.03699 0.0 345.98 0.0 0.0 0.0
t 169
c 369.83586 0.0 345.98 0.0 0.0 0.0
t 169
c 369.63474 0.0 345.98 0.0 0.0 0.0
t 169
c 369.43361 0.0 345.98 0.0 0.0 0.0
t 169
c 369.23248 0.0 345.98 0.0 0.0 0.0
t 169
c 369.03136 0.0 345.98 0.0 0.0 0.0
t 169
c 368.83023 0.0 345.98 0.0 0.0 0.0
t 169
c 368.62911 0.0 345.98 0.0 0.0 0.0
t 169
c 368.42798 0.0 345.98 0.0 0.0 0.0
t 169
c 368.22685 0.0 345.98 0.0 0.0 0.0
t 169
c 368.02573 0.0 345.98 0.0 0.0 0.0
t 169
c 367.8246 0.0 345.98 0.0 0.0 0.0
t 169
c 367.62347 0.0 345.98 0.0 0.0 0.0
t 169
c 367.42235 0.0 345.98 0.0 0.0 0.0
t 169
c 367.22122 0.0 345.98 0.0 0.0 0.0
t 169
c 367.0201 0.0 345.98 0.0 0.0 0.0
t 169
c 366.81897 0.0 345.98 0.0 0.0 0.0
t 169
c 366.61784 0.0 345.98 0.0 0.0 0.0
t 169
c 366.41672 0.0 345.98 0.0 0.0 0.0
t 169
c 366.21559 0.0 345.98 0.0 0.0 0.0
t 169
c 366.01446 0.0 345.98 0.0 0.0 0.0
t 169
c 365.81334 0.0 345.98 0.0 0.0 0.0
t 169
c 365.61221 0.0 345.98 0.0 0.0 0.0
t 169
c 365.41109 0.0 345.98 0.0 0.0 0.0
t 169
c 365.20996 0.0 345.98 0.0 0.0 0.0
t 169
c 365.00883 0.0 345.98 0.0 0.0 0.0
t 169
c 364.80771 0.0 345.98 0.0 0.0 0.0
t 169
c 364.60658 0.0 345.98 0.0 0.0 0.0
t 169
c 364.40545 0.0 345.98 0.0 0.0 0.0
t 169
c 364.20433 0.0 345.98 0.0 0.0 0.0
t 169
c 364.0032 0.0 345.98 0.0 0.0 0.0
t 169
c 363.80207 0.0 345.98 0.0 0.0 0.0
t 169
c 363.60095 0.0 345.98 0.0 0.0 0.0
t 169
c 363.39982 0.0 345.98 0.0 0.0 0.0
t 169
c 363.1987 0.0 345.98 0.0 0.0 0.0
t 169
c 362.99757 0.0 345.98 0.0 0.0 0.0
t 169
c 362.79644 0.0 345.98 0.0 0.0 0.0
t 169
c 362.59532 0.0 345.98 0.0 0.0 0.0
t 169
c 362.39419 0.0 345.98 0.0 0.0 0.0
t 169
c 362.19306 0.0 345.98 0.0 0.0 0.0
t 169
c 361.99194 0.0 345.98 0.0 0.0 0.0
t 169
c 361.79081 0.0 345.98 0.0 0.0 0.0
t 169
c 361.58969 0.0 345.98 0.0 0.0 0.0
t 169
c 361.38856 0.0 345.98 0.0 0.0 0.0
t 169
c 361.18743 0.0 345.98 0.0 0.0 0.0
t 169
c 360.98631 0.0 345.98 0.0 0.0 0.0
t 169
c 360.78518 0.0 345.98 0.0 0.0 0.0
t 169
c 360.58405 0.0 345.98 0.0 0.0 0.0
t 169
c 360.38293 0.0 345.98 0.0 0.0 0.0
t 169
c 360.1818 0.0 345.98 0.0 0.0 0.0
t 169
c 359.98068 0.0 345.98 0.0 0.0 0.0
t 169
c 359.77955 0.0 345.98 0.0 0.0 0.0
t 169
c 359.57842 0.0 345.98 0.0 0.0 0.0
t 169
c 359.3773 0.0 345.98 0.0 0.0 0.0
t 169
c 359.17617 0.0 345.98 0.0 0.0 0.0
t 169
c 358.97504 0.0 345.98 0.0 0.0 0.0
t 169
c 358.77392 0.0 345.98 0.0 0.0 0.0
t 169
c 358.57279 0.0 345.98 0.0 0.0 0.0
t 169
c 358.37167 0.0 345.98 0.0 0.0 0.0
t 169
c 358.17054 0.0 345.98 0.0 0.0 0.0
t 169
c 357.96941 0.0 345.98 0.0 0.0 0.0
t 169
c 357.76829 0.0 345.98 0.0 0.0 0.0
t 169
c 357.56716 0.0 345.98 0.0 0.0 0.0
t 169
c 357.36603 0.0 345.98 0.0 0.0 0.0
t 169
c 357.16491 0.0 345.98 0.0 0.0 0.0
t 169
c 356.96378 0.0 345.98 0.0 0.0 0.0
t 169
c 356.76266 0.0 345.98 0.0 0.0 0.0
t 169
c 356.56153 0.0 345.98 0.0 0.0 0.0
t 169
c 356.3604 0.0 345.98 0.0 0.0 0.0
t 169
c 356.15928 0.0 345.98 0.0 0.0 0.0
t 169
c 355.95815 0.0 345.98 0.0 0.0 0.0
t 169
c 355.75702 0.0 345.98 0.0 0.0 0.0
t 169
c 355.5559 0.0 345.98 0.0 0.0 0.0
t 169
c 355.35477 0.0 345.98 0.0 0.0 0.0
t 169
c 355.15365 0.0 345.98 0.0 0.0 0.0
t 169
c 354.95252 0.0 345.98 0.0 0.0 0.0
t 169
c 354.75139 0.0 345.98 0.0 0.0 0.0
t 169
c 354.55027 0.0 345.98 0.0 0.0 0.0
t 169
c 354.34914 0.0 345.98 0.0 0.0 0.0
t 169
c 354.14801 0.0 345.98 0.0 0.0 0.0
t 169
c 353.94689 0.0 345.98 0.0 0.0 0.0
t 169
c 353.74576 0.0 345.98 0.0 0.0 0.0
t 169
c 353.54463 0.0 345.98 0.0 0.0 0.0
t 169
c 353.54464 0.0 345.98 0.0 0.0 0.0
t 169
c 353.54464 0.0 345.98 0.00333618 0.0 0.0
t 169
c 353.54464 0.0 345.98 0.00667236 0.0 0.0
t 169
c 353.54464 0.0 345.98 0.01000853 0.0 0.0
t 169
c 353.54464 0.0 345.98 0.01334471 0.0 0.0
t 169
c 353.54464 0.0 345.98 0.01668089 0.0 0.0
t 169
c 353.54464 0.0 345.98 0.02001707 0.0 0.0
t 169
c 353.54464 0.0 345.98 0.02335325 0.0 0.0
t 169
c 353.54464 0.0 345.98 0.02668943 0.0 0.0
t 169
c 353.54464 0.0 345.98 0.0300256 0.0 0.0
t 169
c 353.54464 0.0 345.98 0.03336178 0.0 0.0
t 169
c 353.54464 0.0 345.98 0.03669796 0.0 0.0
t 169
c 353.54464 0.0 345.98 0.04003414 0.0 0.0
t 169
c 353.54464 0.0 345.98 0.04337032 0.0 0.0
t 169
c 353.54464 0.0 345.98 0.0467065 0.0 0.0
t 169
c 353.54464 0.0 345.98 0.05004267 0.0 0.0
t 169
c 353.54464 0.0 345.98 0.05337885 0.0 0.0
t 169
c 353.54464 0.0 345.98 0.05671503 0.0 0.0
t 169
c 353.54464 0.0 345.98 0.06005121 0.0 0.0
t 168
c 353.54464 0.0 345.98 0.06338739 0.0 0.0
t 169
c 353.54464 0.0 345.98 0.06672357 0.0 0.0
t 169
c 353.54464 0.0 345.98 0.07005974 0.0 0.0
t 169
c 353.54464 0.0 345.98 0.07339592 0.0 0.0
t 169
c 353.54464 0.0 345.98 0.0767321 0.0 0.0
t 169
c 353.54464 0.0 345.98 0.08006828 0.0 0.0
t 169
c 353.54464 0.0 345.98 0.08340446 0.0 0.0
t 169
c 353.54464 0.0 345.98 0.08674064 0.0 0.0
t 169
c 353.54464 0.0 345.98 0.09007681 0.0 0.0
t 169
c 353.54464 0.0 345.98 0.09341299 0.0 0.0
t 169
c 353.54464 0.0 345.98 0.09674917 0.0 0.0
t 169
c 353.54464 0.0 345.98 0.10008535 0.0 0.0
t 169
c 353.54464 0.0 345.98 0.10342153 0.0 0.0
t 169
c 353.54464 0.0 345.98 0.10675771 0.0 0.0
t 169
c 353.54464 0.0 345.98 0.11009388 0.0 0.0
t 168
c 353.54464 0.0 345.98 0.11343006 0.0 0.0
t 169
c 353.54464 0.0 345.98 0.11676624 0.0 0.0
t 169
c 353.54464 0.0 345.98 0.12010242 0.0 0.0
t 169
c 353.54464 0.0 345.98 0.1234386 0.0 0.0
t 169
c 353.54464 0.0 345.98 0.12677478 0.0 0.0
t 169
c 353.54464 0.0 345.98 0.13011095 0.0 0.0
t 169
c 353.54464 0.0 345.98 0.13344713 0.0 0.0
t 169
c 353.54464 0.0 345.98 0.13678331 0.0 0.0
t 169
c 353.54464 0.0 345.98 0.14011949 0.0 0.0
t 169
c 353.54464 0.0 345.98 0.14345567 0.0 0.0
t 169
c 353.54464 0.0 345.98 0.14679185 0.0 0.0
t 169
c 353.54464 0.0 345.98 0.15012802 0.0 0.0
t 169
c 353.54464 0.0 345.98 0.1534642 0.0 0.0
t 169
c 353.54464 0.0 345.98 0.15680038 0.0 0.0
t 169
c 353.54464 0.0 345.98 0.16013656 0.0 0.0
t 168
c 353.54464 0.0 345.98 0.16347274 0.0 0.0
t 169
c 353.54464 0.0 345.98 0.16680892 0.0 0.0
t 169
c 353.54464 0.0 345.98 0.17014509 0.0 0.0
t 169
c 353.54464 0.0 345.98 0.17348127 0.0 0.0
t 169
c 353.54464 0.0 345.98 0.17681745 0.0 0.0
t 169
c 353.54464 0.0 345.98 0.18015363 0.0 0.0
t 169
c 353.54464 0.0 345.98 0.18348981 0.0 0.0
t 169
c 353.54464 0.0 345.98 0.18682599 0.0 0.0
t 169
c 353.54464 0.0 345.98 0.19016216 0.0 0.0
t 169
c 353.54464 0.0 345.98 0.19349834 0.0 0.0
t 169
c 353.54464 0.0 345.98 0.19683452 0.0 0.0
t 169
c 353.54464 0.0 345.98 0.2001707 0.0 0.0
t 169
c 353.54464 0.0 345.98 0.20350688 0.0 0.0
t 169
c 353.54464 0.0 345.98 0.20684306 0.0 0.0
t 169
c 353.54464 0.0 345.98 0.21017923 0.0 0.0
t 169
c 353.54464 0.0 345.98 0.21351541 0.0 0.0
t 169
c 353.54464 0.0 345.98 0.21685159 0.0 0.0
t 168
c 353.54464 0.0 345.98 0.22018777 0.0 0.0
t 169
c 353.54464 0.0 345.98 0.22352395 0.0 0.0
t 168
c 353.54464 0.0 345.98 0.22686013 0.0 0.0
t 169
c 353.54464 0.0 345.98 0.2301963 0.0 0.0
t 169
c 353.54464 0.0 345.98 0.23353248 0.0 0.0
t 169
c 353.54464 0.0 345.98 0.23686866 0.0 0.0
t 169
c 353.54464 0.0 345.98 0.24020484 0.0 0.0
t 169
c 353.54464 0.0 345.98 0.24354102 0.0 0.0
t 169
c 353.54464 0.0 345.98 0.2468772 0.0 0.0
t 169
c 353.54464 0.0 345.98 0.25021337 0.0 0.0
t 169
c 353.54464 0.0 345.98 0.25354955 0.0 0.0
t 169
c 353.54464 0.0 345.98 0.25688573 0.0 0.0
t 169
c 353.54464 0.0 345.98 0.26022191 0.0 0.0
t 169
c 353.54464 0.0 345.98 0.26355809 0.0 0.0
t 169
c 353.54464 0.0 345.98 0.26689427 0.0 0.0
t 169
c 353.54464 0.0 345.98 0.27023044 0.0 0.0
t 169
c 353.54464 0.0 345.98 0.27356662 0.0 0.0
t 168
c 353.54464 0.0 345.98 0.2769028 0.0 0.0
t 169
c 353.54464 0.0 345.98 0.28023898 0.0 0.0
t 169
c 353.54464 0.0 345.98 0.28357516 0.0 0.0
t 169
c 353.54464 0.0 345.98 0.28691134 0.0 0.0
t 169
c 353.54464 0.0 345.98 0.29024751 0.0 0.0
t 169
c 353.54464 0.0 345.98 0.29358369 0.0 0.0
t 169
c 353.54464 0.0 345.98 0.29691987 0.0 0.0
t 169
c 353.54464 0.0 345.98 0.30025605 0.0 0.0
t 169
c 353.54464 0.0 345.98 0.30359223 0.0 0.0
t 169
c 353.54464 0.0 345.98 0.30692841 0.0 0.0
t 169
c 353.54464 0.0 345.98 0.31026458 0.0 0.0
t 169
c 353.54464 0.0 345.98 0.31360076 0.0 0.0
t 169
c 353.54464 0.0 345.98 0.31693694 0.0 0.0
t 169
c 353.54464 0.0 345.98 0.32027312 0.0 0.0
t 169
c 353.54464 0.0 345.98 0.3236093 0.0 0.0
t 168
c 353.54464 0.0 345.98 0.32694548 0.0 0.0
t 169
c 353.54464 0.0 345.98 0.33028165 0.0 0.0
t 169
c 353.54464 0.0 345.98 0.33361783 0.0 0.0
t 169
c 353.54464 0.0 345.98 0.33695401 0.0 0.0
t 169
c 353.54464 0.0 345.98 0.34029019 0.0 0.0
t 169
c 353.54464 0.0 345.98 0.34362637 0.0 0.0
t 169
c 353.54464 0.0 345.98 0.34696254 0.0 0.0
t 169
c 353.54464 0.0 345.98 0.35029872 0.0 0.0
t 169
c 353.54464 0.0 345.98 0.3536349 0.0 0.0
t 169
c 353.54464 0.0 345.98 0.35697108 0.0 0.0
t 169
c 353.54464 0.0 345.98 0.36030726 0.0 0.0
t 169
c 353.54464 0.0 345.98 0.36364344 0.0 0.0
t 169
c 353.54464 0.0 345.98 0.36697961 0.0 0.0
t 169
c 353.54464 0.0 345.98 0.37031579 0.0 0.0
t 169
c 353.54464 0.0 345.98 0.37365197 0.0 0.0
t 168
c 353.54464 0.0 345.98 0.37698815 0.0 0.0
t 169
c 353.54464 0.0 345.98 0.38032433 0.0 0.0
t 169
c 353.54464 0.0 345.98 0.38366051 0.0 0.0
t 169
c 353.54464 0.0 345.98 0.38699668 0.0 0.0
t 169
c 353.54464 0.0 345.98 0.39033286 0.0 0.0
t 169
c 353.54464 0.0 345.98 0.39366904 0.0 0.0
t 169
c 353.54464 0.0 345.98 0.39700522 0.0 0.0
t 169
c 353.54464 0.0 345.98 0.4003414 0.0 0.0
t 169
c 353.54464 0.0 345.98 0.40367758 0.0 0.0
t 169
c 353.54464 0.0 345.98 0.40701375 0.0 0.0
t 169
c 353.54464 0.0 345.98 0.41034993 0.0 0.0
t 169
c 353.54464 0.0 345.98 0.41368611 0.0 0.0
t 169
c 353.54464 0.0 345.98 0.41702229 0.0 0.0
t 169
c 353.54464 0.0 345.98 0.42035847 0.0 0.0
t 169
c 353.54464 0.0 345.98 0.42369465 0.0 0.0
t 169
c 353.54464 0.0 345.98 0.42703082 0.0 0.0
t 169
c 353.54464 0.0 345.98 0.430367 0.0 0.0
t 169
c 353.54464 0.0 345.98 0.43370318 0.0 0.0
t 169
c 353.54464 0.0 345.98 0.43703936 0.0 0.0
t 169
c 353.54464 0.0 345.98 0.44037554 0.0 0.0
t 169
c 353.54464 0.0 345.98 0.44371172 0.0 0.0
t 169
c 353.54464 0.0 345.98 0.44704789 0.0 0.0
t 169
c 353.54464 0.0 345.98 0.45038407 0.0 0.0
t 169
c 353.54464 0.0 345.98 0.45372025 0.0 0.0
t 169
c 353.54464 0.0 345.98 0.45705643 0.0 0.0
t 169
c 353.54464 0.0 345.98 0.46039261 0.0 0.0
t 169
c 353.54464 0.0 345.98 0.46372879 0.0 0.0
t 169
c 353.54464 0.0 345.98 0.46706496 0.0 0.0
t 169
c 353.54464 0.0 345.98 0.47040114 0.0 0.0
t 169
c 353.54464 0.0 345.98 0.47373732 0.0 0.0
t 169
c 353.54464 0.0 345.98 0.4770735 0.0 0.0
t 169
c 353.54464 0.0 345.98 0.48040968 0.0 0.0
t 169
c 353.54464 0.0 345.98 0.48374586 0.0 0.0
t 169
c 353.54464 0.0 345.98 0.48708203 0.0 0.0
t 169
c 353.54464 0.0 345.98 0.49041821 0.0 0.0
t 169
c 353.54464 0.0 345.98 0.49375439 0.0 0.0
t 169
c 353.54464 0.0 345.98 0.49709057 0.0 0.0
t 169
c 353.54464 0.0 345.98 0.50042675 0.0 0.0
t 169
c 353.54464 0.0 345.98 0.50376293 0.0 0.0
t 169
c 353.54464 0.0 345.98 0.5070991 0.0 0.0
t 169
c 353.54464 0.0 345.98 0.51043528 0.0 0.0
t 169
c 353.54464 0.0 345.98 0.51377146 0.0 0.0
t 169
c 353.54464 0.0 345.98 0.51710764 0.0 0.0
t 169
c 353.54464 0.0 345.98 0.52044382 0.0 0.0
t 169
c 353.54464 0.0 345.98 0.52378 0.0 0.0
t 169
c 353.54464 0.0 345.98 0.52711617 0.0 0.0
t 169
c 353.54464 0.0 345.98 0.53045235 0.0 0.0
t 169
c 353.54464 0.0 345.98 0.53378853 0.0 0.0
t 169
c 353.54464 0.0 345.98 0.53712471 0.0 0.0
t 169
c 353.54464 0.0 345.98 0.54046089 0.0 0.0
t 169
c 353.54464 0.0 345.98 0.54379707 0.0 0.0
t 169
c 353.54464 0.0 345.98 0.54713324 0.0 0.0
t 169
c 353.54464 0.0 345.98 0.55046942 0.0 0.0
t 169
c 353.54464 0.0 345.98 0.5538056 0.0 0.0
t 169
c 353.54464 0.0 345.98 0.55714178 0.0 0.0
t 169
c 353.54464 0.0 345.98 0.56047796 0.0 0.0
t 169
c 353.54464 0.0 345.98 0.56381414 0.0 0.0
t 169
c 353.54464 0.0 345.98 0.56715031 0.0 0.0
t 169
c 353.54464 0.0 345.98 0.57048649 0.0 0.0
t 169
c 353.54464 0.0 345.98 0.57382267 0.0 0.0
t 169
c 353.54464 0.0 345.98 0.57715885 0.0 0.0
t 169
c 353.54464 0.0 345.98 0.58049503 0.0 0.0
t 169
c 353.54464 0.0 345.98 0.58383121 0.0 0.0
t 169
c 353.54464 0.0 345.98 0.58716738 0.0 0.0
t 169
c 353.54464 0.0 345.98 0.59050356 0.0 0.0
t 169
c 353.54464 0.0 345.98 0.59383974 0.0 0.0
t 169
c 353.54464 0.0 345.98 0.59717592 0.0 0.0
t 169
c 353.54464 0.0 345.98 0.6005121 0.0 0.0
t 169
c 353.54464 0.0 345.98 0.60384828 0.0 0.0
t 169
c 353.54464 0.0 345.98 0.60718445 0.0 0.0
t 169
c 353.54464 0.0 345.98 0.61052063 0.0 0.0
t 169
c 353.54464 0.0 345.98 0.61385681 0.0 0.0
t 169
c 353.54464 0.0 345.98 0.61719299 0.0 0.0
t 169
c 353.54464 0.0 345.98 0.62052917 0.0 0.0
t 169
c 353.54464 0.0 345.98 0.62386535 0.0 0.0
t 169
c 353.54464 0.0 345.98 0.62720152 0.0 0.0
t 169
c 353.54464 0.0 345.98 0.6305377 0.0 0.0
t 169
c 353.54464 0.0 345.98 0.63387388 0.0 0.0
t 169
c 353.54464 0.0 345.98 0.63721006 0.0 0.0
t 169
c 353.54464 0.0 345.98 0.64054624 0.0 0.0
t 169
c 353.54464 0.0 345.98 0.64388242 0.0 0.0
t 169
c 353.54464 0.0 345.98 0.64721859 0.0 0.0
t 169
c 353.54464 0.0 345.98 0.65055477 0.0 0.0
t 169
c 353.54464 0.0 345.98 0.65389095 0.0 0.0
t 169
c 353.54464 0.0 345.98 0.65722713 0.0 0.0
t 169
c 353.54464 0.0 345.98 0.66056331 0.0 0.0
t 169
c 353.54464 0.0 345.98 0.66389949 0.0 0.0
t 169
c 353.54464 0.0 345.98 0.66723566 0.0 0.0
t 169
c 353.54464 0.0 345.98 0.67057184 0.0 0.0
t 169
c 353.54464 0.0 345.98 0.67390802 0.0 0.0
t 169
c 353.54464 0.0 345.98 0.6772442 0.0 0.0
t 169
c 353.54464 0.0 345.98 0.68058038 0.0 0.0
t 169
c 353.54464 0.0 345.98 0.68391655 0.0 0.0
t 169
c 353.54464 0.0 345.98 0.68725273 0.0 0.0
t 169
c 353.54464 0.0 345.98 0.69058891 0.0 0.0
t 169
c 353.54464 0.0 345.98 0.69392509 0.0 0.0
t 169
c 353.54464 0.0 345.98 0.69726127 0.0 0.0
t 169
c 353.54464 0.0 345.98 0.70059745 0.0 0.0
t 169
c 353.54464 0.0 345.98 0.70393362 0.0 0.0
t 169
c 353.54464 0.0 345.98 0.7072698 0.0 0.0
t 169
c 353.54464 0.0 345.98 0.71060598 0.0 0.0
t 169
c 353.54464 0.0 345.98 0.71394216 0.0 0.0
t 169
c 353.54464 0.0 345.98 0.71727834 0.0 0.0
t 169
c 353.54464 0.0 345.98 0.72061452 0.0 0.0
t 169
c 353.54464 0.0 345.98 0.72395069 0.0 0.0
t 169
c 353.54464 0.0 345.98 0.72728687 0.0 0.0
t 169
c 353.54464 0.0 345.98 0.73062305 0.0 0.0
t 169
c 353.54464 0.0 345.98 0.73395923 0.0 0.0
t 169
c 353.54464 0.0 345.98 0.73729541 0.0 0.0
t 169
c 353.54464 0.0 345.98 0.74063159 0.0 0.0
t 169
c 353.54464 0.0 345.98 0.74396776 0.0 0.0
t 169
c 353.54464 0.0 345.98 0.74730394 0.0 0.0
t 169
c 353.54464 0.0 345.98 0.75064012 0.0 0.0
t 169
c 353.54464 0.0 345.98 0.7539763 0.0 0.0
t 169
c 353.54464 0.0 345.98 0.75731248 0.0 0.0
t 169
c 353.54464 0.0 345.98 0.76064866 0.0 0.0
t 169
c 353.54464 0.0 345.98 0.76398483 0.0 0.0
t 169
c 353.54464 0.0 345.98 0.76732101 0.0 0.0
t 169
c 353.54464 0.0 345.98 0.77065719 0.0 0.0
t 169
c 353.54464 0.0 345.98 0.77399337 0.0 0.0
t 169
c 353.54464 0.0 345.98 0.77732955 0.0 0.0
t 169
c 353.54464 0.0 345.98 0.78066573 0.0 0.0
t 169
c 353.54464 0.0 345.98 0.7840019 0.0 0.0
t 169
c 353.54464 0.0 345.98 0.78733808 0.0 0.0
t 169
c 353.54464 0.0 345.98 0.79067426 0.0 0.0
t 169
c 353.54464 0.0 345.98 0.79401044 0.0 0.0
t 169
c 353.54464 0.0 345.98 0.79734662 0.0 0.0
t 169
c 353.54464 0.0 345.98 0.8006828 0.0 0.0
t 169
c 353.54464 0.0 345.98 0.80401897 0.0 0.0
t 169
c 353.54464 0.0 345.98 0.80735515 0.0 0.0
t 169
c 353.54464 0.0 345.98 0.81069133 0.0 0.0
t 169
c 353.54464 0.0 345.98 0.81402751 0.0 0.0
t 169
c 353.54464 0.0 345.98 0.81736369 0.0 0.0
t 169
c 353.54464 0.0 345.98 0.82069987 0.0 0.0
t 169
c 353.54464 0.0 345.98 0.82403604 0.0 0.0
t 169
c 353.54464 0.0 345.98 0.82737222 0.0 0.0
t 169
c 353.54464 0.0 345.98 0.8307084 0.0 0.0
t 169
c 353.54464 0.0 345.98 0.83404458 0.0 0.0
t 169
c 353.54464 0.0 345.98 0.83738076 0.0 0.0
t 169
c 353.54464 0.0 345.98 0.84071694 0.0 0.0
t 169
c 353.54464 0.0 345.98 0.84405311 0.0 0.0
t 169
c 353.54464 0.0 345.98 0.84738929 0.0 0.0
t 169
c 353.54464 0.0 345.98 0.85072547 0.0 0.0
t 169
c 353.54464 0.0 345.98 0.85406165 0.0 0.0
t 169
c 353.54464 0.0 345.98 0.85739783 0.0 0.0
t 169
c 353.54464 0.0 345.98 0.86073401 0.0 0.0
t 169
c 353.54464 0.0 345.98 0.86407018 0.0 0.0
t 169
c 353.54464 0.0 345.98 0.86740636 0.0 0.0
t 169
c 353.54464 0.0 345.98 0.87074254 0.0 0.0
t 169
c 353.54464 0.0 345.98 0.87407872 0.0 0.0
t 169
c 353.54464 0.0 345.98 0.8774149 0.0 0.0
t 169
c 353.54464 0.0 345.98 0.88075108 0.0 0.0
t 169
c 353.54464 0.0 345.98 0.88408725 0.0 0.0
t 169
c 353.54464 0.0 345.98 0.88742343 0.0 0.0
t 169
c 353.54464 0.0 345.98 0.89075961 0.0 0.0
t 169
c 353.54464 0.0 345.98 0.89409579 0.0 0.0
t 169
c 353.54464 0.0 345.98 0.89743197 0.0 0.0
t 169
c 353.54464 0.0 345.98 0.90076815 0.0 0.0
t 169
c 353.54464 0.0 345.98 0.90410432 0.0 0.0
t 169
c 353.54464 0.0 345.98 0.9074405 0.0 0.0
t 169
c 353.54464 0.0 345.98 0.91077668 0.0 0.0
t 169
c 353.54464 0.0 345.98 0.91411286 0.0 0.0
t 169
c 353.54464 0.0 345.98 0.91744904 0.0 0.0
t 169
c 353.54464 0.0 345.98 0.92078522 0.0 0.0
t 169
c 353.54464 0.0 345.98 0.92412139 0.0 0.0
t 169
c 353.54464 0.0 345.98 0.92745757 0.0 0.0
t 169
c 353.54464 0.0 345.98 0.93079375 0.0 0.0
t 169
c 353.54464 0.0 345.98 0.93412993 0.0 0.0
t 169
c 353.54464 0.0 345.98 0.93746611 0.0 0.0
t 169
c 353.54464 0.0 345.98 0.94080229 0.0 0.0
t 169
c 353.54464 0.0 345.98 0.94413846 0.0 0.0
t 169
c 353.54464 0.0 345.98 0.94747464 0.0 0.0
t 169
c 353.54464 0.0 345.98 0.95081082 0.0 0.0
t 169
c 353.54464 0.0 345.98 0.954147 0.0 0.0
t 169
c 353.54464 0.0 345.98 0.95748318 0.0 0.0
t 169
c 353.54464 0.0 345.98 0.96081936 0.0 0.0
t 169
c 353.54464 0.0 345.98 0.96415553 0.0 0.0
t 169
c 353.54464 0.0 345.98 0.96749171 0.0 0.0
t 169
c 353.54464 0.0 345.98 0.97082789 0.0 0.0
t 169
c 353.54464 0.0 345.98 0.97416407 0.0 0.0
t 169
c 353.54464 0.0 345.98 0.97750025 0.0 0.0
t 169
c 353.54464 0.0 345.98 0.98083643 0.0 0.0
t 169
c 353.54464 0.0 345.98 0.9841726 0.0 0.0
t 169
c 353.54464 0.0 345.98 0.98750878 0.0 0.0
t 169
c 353.54464 0.0 345.98 0.99084496 0.0 0.0
t 169
c 353.54464 0.0 345.98 0.99418114 0.0 0.0
t 169
c 353.54464 0.0 345.98 0.99751732 0.0 0.0
t 169
c 353.54464 0.0 345.98 1.0008535 0.0 0.0
t 169
c 353.54464 0.0 345.98 1.00418967 0.0 0.0
t 169
c 353.54464 0.0 345.98 1.00752585 0.0 0.0
t 169
c 353.54464 0.0 345.98 1.01086203 0.0 0.0
t 169
c 353.54464 0.0 345.98 1.01419821 0.0 0.0
t 169
c 353.54464 0.0 345.98 1.01753439 0.0 0.0
t 169
c 353.54464 0.0 345.98 1.02087056 0.0 0.0
t 169
c 353.54464 0.0 345.98 1.02420674 0.0 0.0
t 169
c 353.54464 0.0 345.98 1.02754292 0.0 0.0
t 169
c 353.54464 0.0 345.98 1.0308791 0.0 0.0
t 169
c 353.54464 0.0 345.98 1.03421528 0.0 0.0
t 169
c 353.54464 0.0 345.98 1.03755146 0.0 0.0
t 169
c 353.54464 0.0 345.98 1.04088763 0.0 0.0
t 169
c 353.54464 0.0 345.98 1.04422381 0.0 0.0
t 169
c 353.54464 0.0 345.98 1.04755999 0.0 0.0
t 169
c 353.54464 0.0 345.98 1.05089617 0.0 0.0
t 169
c 353.54464 0.0 345.98 1.05423235 0.0 0.0
t 169
c 353.54464 0.0 345.98 1.05756853 0.0 0.0
t 169
c 353.54464 0.0 345.98 1.0609047 0.0 0.0
t 169
c 353.54464 0.0 345.98 1.06424088 0.0 0.0
t 169
c 353.54464 0.0 345.98 1.06757706 0.0 0.0
t 169
c 353.54464 0.0 345.98 1.07091324 0.0 0.0
t 169
c 353.54464 0.0 345.98 1.07424942 0.0 0.0
t 169
c 353.54464 0.0 345.98 1.0775856 0.0 0.0
t 169
c 353.54464 0.0 345.98 1.08092177 0.0 0.0
t 169
c 353.54464 0.0 345.98 1.08425795 0.0 0.0
t 169
c 353.54464 0.0 345.98 1.08759413 0.0 0.0
t 169
c 353.54464 0.0 345.98 1.09093031 0.0 0.0
t 169
c 353.54464 0.0 345.98 1.09426649 0.0 0.0
t 169
c 353.54464 0.0 345.98 1.09760267 0.0 0.0
t 169
c 353.54464 0.0 345.98 1.10093884 0.0 0.0
t 169
c 353.54464 0.0 345.98 1.10427502 0.0 0.0
t 169
c 353.54464 0.0 345.98 1.1076112 0.0 0.0
t 169
c 353.54464 0.0 345.98 1.11094738 0.0 0.0
t 169
c 353.54464 0.0 345.98 1.11428356 0.0 0.0
t 169
c 353.54464 0.0 345.98 1.11761974 0.0 0.0
t 169
c 353.54464 0.0 345.98 1.12095591 0.0 0.0
t 169
c 353.54464 0.0 345.98 1.12429209 0.0 0.0
t 169
c 353.54464 0.0 345.98 1.12762827 0.0 0.0
t 169
c 353.54464 0.0 345.98 1.13096445 0.0 0.0
t 169
c 353.54464 0.0 345.98 1.13430063 0.0 0.0
t 169
c 353.54464 0.0 345.98 1.13763681 0.0 0.0
t 169
c 353.54464 0.0 345.98 1.14097298 0.0 0.0
t 169
c 353.54464 0.0 345.98 1.14430916 0.0 0.0
t 169
c 353.54464 0.0 345.98 1.14764534 0.0 0.0
t 169
c 353.54464 0.0 345.98 1.15098152 0.0 0.0
t 169
c 353.54464 0.0 345.98 1.1543177 0.0 0.0
t 169
c 353.54464 0.0 345.98 1.15765388 0.0 0.0
t 169
c 353.54464 0.0 345.98 1.16099005 0.0 0.0
t 169
c 353.54464 0.0 345.98 1.16432623 0.0 0.0
t 169
c 353.54464 0.0 345.98 1.16766241 0.0 0.0
t 169
c 353.54464 0.0 345.98 1.17099859 0.0 0.0
t 169
c 353.54464 0.0 345.98 1.17433477 0.0 0.0
t 169
c 353.54464 0.0 345.98 1.17767095 0.0 0.0
t 169
c 353.54464 0.0 345.98 1.18100712 0.0 0.0
t 169
c 353.54464 0.0 345.98 1.1843433 0.0 0.0
t 169
c 353.54464 0.0 345.98 1.18767948 0.0 0.0
t 169
c 353.54464 0.0 345.98 1.19101566 0.0 0.0
t 169
c 353.54464 0.0 345.98 1.19435184 0.0 0.0
t 169
c 353.54464 0.0 345.98 1.19768802 0.0 0.0
t 169
c 353.54464 0.0 345.98 1.20102419 0.0 0.0
t 169
c 353.54464 0.0 345.98 1.20436037 0.0 0.0
t 169
c 353.54464 0.0 345.98 1.20769655 0.0 0.0
t 169
c 353.54464 0.0 345.98 1.21103273 0.0 0.0
t 169
c 353.54464 0.0 345.98 1.21436891 0.0 0.0
t 169
c 353.54464 0.0 345.98 1.21770509 0.0 0.0
t 169
c 353.54464 0.0 345.98 1.22104126 0.0 0.0
t 169
c 353.54464 0.0 345.98 1.22437744 0.0 0.0
t 169
c 353.54464 0.0 345.98 1.22771362 0.0 0.0
t 169
c 353.54464 0.0 345.98 1.2310498 0.0 0.0
t 169
c 353.54464 0.0 345.98 1.23438598 0.0 0.0
t 169
c 353.54464 0.0 345.98 1.23772216 0.0 0.0
t 169
c 353.54464 0.0 345.98 1.24105833 0.0 0.0
t 169
c 353.54464 0.0 345.98 1.24439451 0.0 0.0
t 169
c 353.54464 0.0 345.98 1.24773069 0.0 0.0
t 169
c 353.54464 0.0 345.98 1.25106687 0.0 0.0
t 169
c 353.54464 0.0 345.98 1.25440305 0.0 0.0
t 169
c 353.54464 0.0 345.98 1.25773923 0.0 0.0
t 169
c 353.54464 0.0 345.98 1.2610754 0.0 0.0
t 169
c 353.54464 0.0 345.98 1.26441158 0.0 0.0
t 169
c 353.54464 0.0 345.98 1.26774776 0.0 0.0
t 169
c 353.54464 0.0 345.98 1.27108394 0.0 0.0
t 169
c 353.54464 0.0 345.98 1.27442012 0.0 0.0
t 169
c 353.54464 0.0 345.98 1.2777563 0.0 0.0
t 169
c 353.54464 0.0 345.98 1.28109247 0.0 0.0
t 169
c 353.54464 0.0 345.98 1.28442865 0.0 0.0
t 169
c 353.54464 0.0 345.98 1.28776483 0.0 0.0
t 169
c 353.54464 0.0 345.98 1.29110101 0.0 0.0
t 169
c 353.54464 0.0 345.98 1.29443719 0.0 0.0
t 169
c 353.54464 0.0 345.98 1.29777337 0.0 0.0
t 169
c 353.54464 0.0 345.98 1.30110954 0.0 0.0
t 169
c 353.54464 0.0 345.98 1.30444572 0.0 0.0
t 169
c 353.54464 0.0 345.98 1.3077819 0.0 0.0
t 169
c 353.54464 0.0 345.98 1.31111808 0.0 0.0
t 169
c 353.54464 0.0 345.98 1.31445426 0.0 0.0
t 169
c 353.54464 0.0 345.98 1.31779044 0.0 0.0
t 169
c 353.54464 0.0 345.98 1.32112661 0.0 0.0
t 169
c 353.54464 0.0 345.98 1.32446279 0.0 0.0
t 169
c 353.54464 0.0 345.98 1.32779897 0.0 0.0
t 169
c 353.54464 0.0 345.98 1.33113515 0.0 0.0
t 169
c 353.54464 0.0 345.98 1.33447133 0.0 0.0
t 169
c 353.54464 0.0 345.98 1.33780751 0.0 0.0
t 169
c 353.54464 0.0 345.98 1.34114368 0.0 0.0
t 169
c 353.54464 0.0 345.98 1.34447986 0.0 0.0
t 169
c 353.54464 0.0 345.98 1.34781604 0.0 0.0
t 169
c 353.54464 0.0 345.98 1.35115222 0.0 0.0
t 169
c 353.54464 0.0 345.98 1.3544884 0.0 0.0
t 169
c 353.54464 0.0 345.98 1.35782457 0.0 0.0
t 169
c 353.54464 0.0 345.98 1.36116075 0.0 0.0
t 169
c 353.54464 0.0 345.98 1.36449693 0.0 0.0
t 169
c 353.54464 0.0 345.98 1.36783311 0.0 0.0
t 169
c 353.54464 0.0 345.98 1.37116929 0.0 0.0
t 169
c 353.54464 0.0 345.98 1.37450547 0.0 0.0
t 169
c 353.54464 0.0 345.98 1.37784164 0.0 0.0
t 169
c 353.54464 0.0 345.98 1.38117782 0.0 0.0
t 169
c 353.54464 0.0 345.98 1.384514 0.0 0.0
t 169
c 353.54464 0.0 345.98 1.38785018 0.0 0.0
t 169
c 353.54464 0.0 345.98 1.39118636 0.0 0.0
t 169
c 353.54464 0.0 345.98 1.39452254 0.0 0.0
t 169
c 353.54464 0.0 345.98 1.39785871 0.0 0.0
t 169
c 353.54464 0.0 345.98 1.40119489 0.0 0.0
t 169
c 353.54464 0.0 345.98 1.40453107 0.0 0.0
t 169
c 353.54464 0.0 345.98 1.40786725 0.0 0.0
t 169
c 353.54464 0.0 345.98 1.41120343 0.0 0.0
t 169
c 353.54464 0.0 345.98 1.41453961 0.0 0.0
t 169
c 353.54464 0.0 345.98 1.41787578 0.0 0.0
t 169
c 353.54464 0.0 345.98 1.42121196 0.0 0.0
t 169
c 353.54464 0.0 345.98 1.42454814 0.0 0.0
t 169
c 353.54464 0.0 345.98 1.42788432 0.0 0.0
t 169
c 353.54464 0.0 345.98 1.4312205 0.0 0.0
t 169
c 353.54464 0.0 345.98 1.43455668 0.0 0.0
t 169
c 353.54464 0.0 345.98 1.43789285 0.0 0.0
t 169
c 353.54464 0.0 345.98 1.44122903 0.0 0.0
t 169
c 353.54464 0.0 345.98 1.44456521 0.0 0.0
t 169
c 353.54464 0.0 345.98 1.44790139 0.0 0.0
t 169
c 353.54464 0.0 345.98 1.45123757 0.0 0.0
t 169
c 353.54464 0.0 345.98 1.45457375 0.0 0.0
t 169
c 353.54464 0.0 345.98 1.45790992 0.0 0.0
t 169
c 353.54464 0.0 345.98 1.4612461 0.0 0.0
t 169
c 353.54464 0.0 345.98 1.46458228 0.0 0.0
t 169
c 353.54464 0.0 345.98 1.46791846 0.0 0.0
t 169
c 353.54464 0.0 345.98 1.47125464 0.0 0.0
t 169
c 353.54464 0.0 345.98 1.47459082 0.0 0.0
t 169
c 353.54464 0.0 345.98 1.47792699 0.0 0.0
t 169
c 353.54464 0.0 345.98 1.48126317 0.0 0.0
t 169
c 353.54464 0.0 345.98 1.48459935 0.0 0.0
t 169
c 353.54464 0.0 345.98 1.48793553 0.0 0.0
t 169
c 353.54464 0.0 345.98 1.49127171 0.0 0.0
t 169
c 353.54464 0.0 345.98 1.49460789 0.0 0.0
t 169
c 353.54464 0.0 345.98 1.49794406 0.0 0.0
t 169
c 353.54464 0.0 345.98 1.50128024 0.0 0.0
t 169
c 353.54464 0.0 345.98 1.50461642 0.0 0.0
t 169
c 353.54464 0.0 345.98 1.5079526 0.0 0.0
t 169
c 353.54464 0.0 345.98 1.51128878 0.0 0.0
t 169
c 353.54464 0.0 345.98 1.51462496 0.0 0.0
t 169
c 353.54464 0.0 345.98 1.51796113 0.0 0.0
t 169
c 353.54464 0.0 345.98 1.52129731 0.0 0.0
t 169
c 353.54464 0.0 345.98 1.52463349 0.0 0.0
t 169
c 353.54464 0.0 345.98 1.52796967 0.0 0.0
t 169
c 353.54464 0.0 345.98 1.53130585 0.0 0.0
t 169
c 353.54464 0.0 345.98 1.53464203 0.0 0.0
t 169
c 353.54464 0.0 345.98 1.5379782 0.0 0.0
t 169
c 353.54464 0.0 345.98 1.54131438 0.0 0.0
t 169
c 353.54464 0.0 345.98 1.54465056 0.0 0.0
t 169
c 353.54464 0.0 345.98 1.54798674 0.0 0.0
t 169
c 353.54464 0.0 345.98 1.55132292 0.0 0.0
t 169
c 353.54464 0.0 345.98 1.5546591 0.0 0.0
t 169
c 353.54464 0.0 345.98 1.55799527 0.0 0.0
t 169
c 353.54464 0.0 345.98 1.56133145 0.0 0.0
t 169
c 353.54464 0.0 345.98 1.56466763 0.0 0.0
t 169
c 353.54464 0.0 345.98 1.56800381 0.0 0.0
t 169
c 353.54464 0.0 345.98 1.57133999 0.0 0.0
t 169
c 353.54464 0.0 345.98 1.57467617 0.0 0.0
t 169
c 353.54464 0.0 345.98 1.57801234 0.0 0.0
t 169
c 353.54464 0.0 345.98 1.58134852 0.0 0.0
t 169
c 353.54464 0.0 345.98 1.5846847 0.0 0.0
t 169
c 353.54464 0.0 345.98 1.58802088 0.0 0.0
t 169
c 353.54464 0.0 345.98 1.59135706 0.0 0.0
t 169
c 353.54464 0.0 345.98 1.59469324 0.0 0.0
t 169
c 353.54464 0.0 345.98 1.59802941 0.0 0.0
t 169
c 353.54464 0.0 345.98 1.60136559 0.0 0.0
t 169
c 353.54464 0.0 345.98 1.60470177 0.0 0.0
t 169
c 353.54464 0.0 345.98 1.60803795 0.0 0.0
t 169
c 353.54464 0.0 345.98 1.61137413 0.0 0.0
t 169
c 353.54464 0.0 345.98 1.61471031 0.0 0.0
t 169
c 353.54464 0.0 345.98 1.61804648 0.0 0.0
t 169
c 353.54464 0.0 345.98 1.62138266 0.0 0.0
t 169
c 353.54464 0.0 345.98 1.62471884 0.0 0.0
t 169
c 353.54464 0.0 345.98 1.62805502 0.0 0.0
t 169
c 353.54464 0.0 345.98 1.6313912 0.0 0.0
t 169
c 353.54464 0.0 345.98 1.63472738 0.0 0.0
t 169
c 353.54464 0.0 345.98 1.63806355 0.0 0.0
t 169
c 353.54464 0.0 345.98 1.64139973 0.0 0.0
t 169
c 353.54464 0.0 345.98 1.64473591 0.0 0.0
t 169
c 353.54464 0.0 345.98 1.64807209 0.0 0.0
t 169
c 353.54464 0.0 345.98 1.65140827 0.0 0.0
t 169
c 353.54464 0.0 345.98 1.65474445 0.0 0.0
t 169
c 353.54464 0.0 345.98 1.65808062 0.0 0.0
t 169
c 353.54464 0.0 345.98 1.6614168 0.0 0.0
t 169
c 353.54464 0.0 345.98 1.66475298 0.0 0.0
t 169
c 353.54464 0.0 345.98 1.66808916 0.0 0.0
t 169
c 353.54464 0.0 345.98 1.67142534 0.0 0.0
t 169
c 353.54464 0.0 345.98 1.67476152 0.0 0.0
t 169
c 353.54464 0.0 345.98 1.67809769 0.0 0.0
t 169
c 353.54464 0.0 345.98 1.68143387 0.0 0.0
t 169
c 353.54464 0.0 345.98 1.68477005 0.0 0.0
t 169
c 353.54464 0.0 345.98 1.68477005 0.0 0.0
t 169
c 353.54464 0.0 345.98 1.68477005 0.0 0.0
t 168
c 353.54464 0.0 345.98 1.68477005 0.0 0.0
t 167
c 353.54464 0.0 345.98 1.68477005 0.0 0.0
t 166
c 353.54464 0.0 345.98 1.68477005 0.0 0.0
t 165
c 353.54464 0.0 345.98 1.68477005 0.0 0.0
t 164
c 353.54464 0.0 345.98 1.68477005 0.0 0.0
t 163
c 353.54464 0.0 345.98 1.68477005 0.0 0.0
t 162
c 353.54464 0.0 345.98 1.68477005 0.0 0.0
t 161
c 353.54464 0.0 345.98 1.68477005 0.0 0.0
t 159
c 353.54464 0.0 345.98 1.68477005 0.0 0.0
t 159
c 353.54464 0.0 345.98 1.68477005 0.0 0.0
t 158
c 353.54464 0.0 345.98 1.68477005 0.0 0.0
t 157
c 353.54464 0.0 345.98 1.68477005 0.0 0.0
t 156
c 353.54464 0.0 345.98 1.68477005 0.0 0.0
t 155
c 353.54464 0.0 345.98 1.68477005 0.0 0.0
t 153
c 353.54464 0.0 345.98 1.68477005 0.0 0.0
t 152
c 353.54464 0.0 345.98 1.68477005 0.0 0.0
t 151
c 353.54464 0.0 345.98 1.68477005 0.0 0.0
t 151
c 353.54464 0.0 345.98 1.68477005 0.0 0.0
t 150
c 353.54464 0.0 345.98 1.68477005 0.0 0.0
t 149
c 353.54464 0.0 345.98 1.68477005 0.0 0.0
t 148
c 353.54464 0.0 345.98 1.68477005 0.0 0.0
t 147
c 353.54464 0.0 345.98 1.68477005 0.0 0.0
t 146
c 353.54464 0.0 345.98 1.68477005 0.0 0.0
t 144
c 353.54464 0.0 345.98 1.68477005 0.0 0.0
t 144
c 353.54464 0.0 345.98 1.68477005 0.0 0.0
t 143
c 353.54464 0.0 345.98 1.68477005 0.0 0.0
t 142
c 353.54464 0.0 345.98 1.68477005 0.0 0.0
t 141
c 353.54464 0.0 345.98 1.68477005 0.0 0.0
t 140
c 353.54464 0.0 345.98 1.68477005 0.0 0.0
t 139
c 353.54464 0.0 345.98 1.68477005 0.0 0.0
t 138
c 353.54464 0.0 345.98 1.68477005 0.0 0.0
t 137
c 353.54464 0.0 345.98 1.68477005 0.0 0.0
t 136
c 353.54464 0.0 345.98 1.68477005 0.0 0.0
t 135
c 353.54464 0.0 345.98 1.68477005 0.0 0.0
t 134
c 353.54464 0.0 345.98 1.68477005 0.0 0.0
t 133
c 353.54464 0.0 345.98 1.68477005 0.0 0.0
t 132
c 353.54464 0.0 345.98 1.68477005 0.0 0.0
t 131
c 353.54464 0.0 345.98 1.68477005 0.0 0.0
t 130
c 353.54464 0.0 345.98 1.68477005 0.0 0.0
t 129
c 353.54464 0.0 345.98 1.68477005 0.0 0.0
t 128
c 353.54464 0.0 345.98 1.68477005 0.0 0.0
t 127
c 353.54464 0.0 345.98 1.68477005 0.0 0.0
t 126
c 353.54464 0.0 345.98 1.68477005 0.0 0.0
t 125
c 353.54464 0.0 345.98 1.68477005 0.0 0.0
t 124
c 353.54464 0.0 345.98 1.68477005 0.0 0.0
t 123
c 353.54464 0.0 345.98 1.68477005 0.0 0.0
t 122
c 353.54464 0.0 345.98 1.68477005 0.0 0.0
t 121
c 353.54464 0.0 345.98 1.68477005 0.0 0.0
t 120
c 353.54464 0.0 345.98 1.68477005 0.0 0.0
t 119
c 353.54464 0.0 345.98 1.68477005 0.0 0.0
t 118
c 353.54464 0.0 345.98 1.68477005 0.0 0.0
t 117
c 353.54464 0.0 345.98 1.68477005 0.0 0.0
t 116
c 353.54464 0.0 345.98 1.68477005 0.0 0.0
t 115
c 353.54464 0.0 345.98 1.68477005 0.0 0.0
t 114
c 353.54464 0.0 345.98 1.68477005 0.0 0.0
t 113
c 353.54464 0.0 345.98 1.68477005 0.0 0.0
t 112
c 353.54464 0.0 345.98 1.68477005 0.0 0.0
t 111
c 353.54464 0.0 345.98 1.68477005 0.0 0.0
t 110
c 353.54464 0.0 345.98 1.68477005 0.0 0.0
t 109
c 353.54464 0.0 345.98 1.68477005 0.0 0.0
t 108
c 353.54464 0.0 345.98 1.68477005 0.0 0.0
t 107
c 353.54464 0.0 345.98 1.68477005 0.0 0.0
t 106
c 353.54464 0.0 345.98 1.68477005 0.0 0.0
t 105
c 353.54464 0.0 345.98 1.68477005 0.0 0.0
t 103
c 353.54464 0.0 345.98 1.68477005 0.0 0.0
t 102
c 353.54464 0.0 345.98 1.68477005 0.0 0.0
t 101
c 353.54464 0.0 345.98 1.68477005 0.0 0.0
t 100
c 353.54464 0.0 345.98 1.68477005 0.0 0.0
t 99
c 353.54464 0.0 345.98 1.68477005 0.0 0.0
t 98
c 353.54464 0.0 345.98 1.68477005 0.0 0.0
t 97
c 353.54464 0.0 345.98 1.68477005 0.0 0.0
t 96
c 353.54464 0.0 345.98 1.68477005 0.0 0.0
t 95
c 353.54464 0.0 345.98 1.68477005 0.0 0.0
t 94
c 353.54464 0.0 345.98 1.68477005 0.0 0.0
t 93
c 353.54464 0.0 345.98 1.68477005 0.0 0.0
t 92
c 353.54464 0.0 345.98 1.68477005 0.0 0.0
t 91
c 353.54464 0.0 345.98 1.68477005 0.0 0.0
t 90
c 353.54464 0.0 345.98 1.68477005 0.0 0.0
t 89
c 353.54464 0.0 345.98 1.68477005 0.0 0.0
t 88
c 353.54464 0.0 345.98 1.68477005 0.0 0.0
t 87
c 353.54464 0.0 345.98 1.68477005 0.0 0.0
t 86
c 353.54464 0.0 345.98 1.68477005 0.0 0.0
t 85
c 353.54464 0.0 345.98 1.68477005 0.0 0.0
t 84
c 353.54464 0.0 345.98 1.68477005 0.0 0.0
t 83
c 353.54464 0.0 345.98 1.68477005 0.0 0.0
t 82
c 353.54464 0.0 345.98 1.68477005 0.0 0.0
t 81
c 353.54464 0.0 345.98 1.68477005 0.0 0.0
t 80
c 353.54464 0.0 345.98 1.68477005 0.0 0.0
t 79
c 353.54464 0.0 345.98 1.68477005 0.0 0.0
t 78
c 353.54464 0.0 345.98 1.68477005 0.0 0.0
t 77
c 353.54464 0.0 345.98 1.68477005 0.0 0.0
t 76
c 353.54464 0.0 345.98 1.68477005 0.0 0.0
t 75
c 353.54464 0.0 345.98 1.68477005 0.0 0.0
t 74
c 353.54464 0.0 345.98 1.68477005 0.0 0.0
t 73
