c 359.16397 -68.85666 65.21605 -1.663e-05 1.18118956 0.000355
t 149
c 359.16795 -68.85688 60.96423 1.2e-07 1.18115952 0.00034901
t 148
c 359.17193 -68.85709 56.7124 1.687e-05 1.18112948 0.00034302
t 147
c 359.17591 -68.85731 52.46058 3.362e-05 1.18109945 0.00033703
t 146
c 359.1799 -68.85753 48.20875 5.038e-05 1.18106941 0.00033104
t 145
c 359.18388 -68.85774 43.95693 6.713e-05 1.18103937 0.00032506
t 144
c 359.18786 -68.85796 39.7051 8.388e-05 1.18100933 0.00031907
t 143
c 359.19184 -68.85818 35.45328 0.00010063 1.1809793 0.00031308
t 142
c 359.19582 -68.85839 31.20145 0.00011738 1.18094926 0.00030709
t 142
c 359.19582 -68.85839 31.20145 0.00011738 1.18094926 0.00030709
t 142
c 359.19582 -68.85839 31.20145 0.00011738 1.18094926 0.00030709
t 141
c 359.19582 -68.85839 31.20145 0.00011738 1.18094926 0.00030709
t 140
c 359.19582 -68.85839 31.20145 0.00011738 1.18094926 0.00030709
t 139
c 359.19582 -68.85839 31.20145 0.00011738 1.18094926 0.00030709
t 137
c 359.19582 -68.85839 31.20145 0.00011738 1.18094926 0.00030709
t 137
c 359.19582 -68.85839 31.20145 0.00011738 1.18094926 0.00030709
t 136
c 359.19582 -68.85839 31.20145 0.00011738 1.18094926 0.00030709
t 135
c 359.19582 -68.85839 31.20145 0.00011738 1.18094926 0.00030709
t 134
c 359.19582 -68.85839 31.20145 0.00011738 1.18094926 0.00030709
t 133
c 359.19582 -68.85839 31.20145 0.00011738 1.18094926 0.00030709
t 132
c 359.19582 -68.85839 31.20145 0.00011738 1.18094926 0.00030709
t 131
c 359.19582 -68.85839 31.20145 0.00011738 1.18094926 0.00030709
t 130
c 359.19582 -68.85839 31.20145 0.00011738 1.18094926 0.00030709
t 129
c 359.19582 -68.85839 31.20145 0.00011738 1.18094926 0.00030709
t 128
c 359.19582 -68.85839 31.20145 0.00011738 1.18094926 0.00030709
t 127
c 359.19582 -68.85839 31.20145 0.00011738 1.18094926 0.00030709
t 126
c 359.19582 -68.85839 31.20145 0.00011738 1.18094926 0.00030709
t 124
c 359.19582 -68.85839 31.20145 0.00011738 1.18094926 0.00030709
t 124
c 359.19582 -68.85839 31.20145 0.00011738 1.18094926 0.00030709
t 123
c 359.19582 -68.85839 31.20145 0.00011738 1.18094926 0.00030709
t 122
c 359.19582 -68.85839 31.20145 0.00011738 1.18094926 0.00030709
t 120
c 359.19582 -68.85839 31.20145 0.00011738 1.18094926 0.00030709
t 119
c 359.19582 -68.85839 31.20145 0.00011738 1.18094926 0.00030709
t 119
c 359.19582 -68.85839 31.20145 0.00011738 1.18094926 0.00030709
t 118
c 359.19582 -68.85839 31.20145 0.00011738 1.18094926 0.00030709
t 116
c 359.19582 -68.85839 31.20145 0.00011738 1.18094926 0.00030709
t 115
c 359.19582 -68.85839 31.20145 0.00011738 1.18094926 0.00030709
t 114
c 359.19582 -68.85839 31.20145 0.00011738 1.18094926 0.00030709
t 114
c 359.19582 -68.85839 31.20145 0.00011738 1.18094926 0.00030709
t 112
c 359.19582 -68.85839 31.20145 0.00011738 1.18094926 0.00030709
t 111
c 359.19582 -68.85839 31.20145 0.00011738 1.18094926 0.00030709
t 110
c 359.19582 -68.85839 31.20145 0.00011738 1.18094926 0.00030709
t 109
c 359.19582 -68.85839 31.20145 0.00011738 1.18094926 0.00030709
t 108
c 359.19582 -68.85839 31.20145 0.00011738 1.18094926 0.00030709
t 107
c 359.19582 -68.85839 31.20145 0.00011738 1.18094926 0.00030709
t 106
c 359.19582 -68.85839 31.20145 0.00011738 1.18094926 0.00030709
t 105
c 359.19582 -68.85839 31.20145 0.00011738 1.18094926 0.00030709
t 104
c 359.19582 -68.85839 31.20145 0.00011738 1.18094926 0.00030709
t 103
c 359.19582 -68.85839 31.20145 0.00011738 1.18094926 0.00030709
t 102
c 359.19582 -68.85839 31.20145 0.00011738 1.18094926 0.00030709
t 101
c 359.19582 -68.85839 31.20145 0.00011738 1.18094926 0.00030709
t 100
c 359.19582 -68.85839 31.20145 0.00011738 1.18094926 0.00030709
t 100
c 359.19582 -68.85839 31.20145 0.00011738 1.18094926 0.00030709
t 99
c 359.19582 -68.85839 31.20145 0.00011738 1.18094926 0.00030709
t 98
c 359.19582 -68.85839 31.20145 0.00011738 1.18094926 0.00030709
t 97
c 359.19582 -68.85839 31.20145 0.00011738 1.18094926 0.00030709
t 96
c 359.19582 -68.85839 31.20145 0.00011738 1.18094926 0.00030709
t 95
c 359.19582 -68.85839 31.20145 0.00011738 1.18094926 0.00030709
t 94
c 359.19582 -68.85839 31.20145 0.00011738 1.18094926 0.00030709
t 93
c 359.19582 -68.85839 31.20145 0.00011738 1.18094926 0.00030709
t 92
c 359.19582 -68.85839 31.20145 0.00011738 1.18094926 0.00030709
t 91
c 359.19582 -68.85839 31.20145 0.00011738 1.18094926 0.00030709
t 90
c 359.19582 -68.85839 31.20145 0.00011738 1.18094926 0.00030709
t 89
c 359.19582 -68.85839 31.20145 0.00011738 1.18094926 0.00030709
t 88
c 359.19582 -68.85839 31.20145 0.00011738 1.18094926 0.00030709
t 87
c 359.19582 -68.85839 31.20145 0.00011738 1.18094926 0.00030709
t 86
c 359.19582 -68.85839 31.20145 0.00011738 1.18094926 0.00030709
t 85
c 359.19582 -68.85839 31.20145 0.00011738 1.18094926 0.00030709
t 84
c 359.19582 -68.85839 31.20145 0.00011738 1.18094926 0.00030709
t 83
c 359.19582 -68.85839 31.20145 0.00011738 1.18094926 0.00030709
t 82
c 359.19582 -68.85839 31.20145 0.00011738 1.18094926 0.00030709
t 81
c 359.19582 -68.85839 31.20145 0.00011738 1.18094926 0.00030709
t 80
c 359.19582 -68.85839 31.20145 0.00011738 1.18094926 0.00030709
t 79
c 359.19582 -68.85839 31.20145 0.00011738 1.18094926 0.00030709
t 78
c 359.19582 -68.85839 31.20145 0.00011738 1.18094926 0.00030709
t 77
c 359.19582 -68.85839 31.20145 0.00011738 1.18094926 0.00030709
t 76
c 359.19582 -68.85839 31.20145 0.00011738 1.18094926 0.00030709
t 75
c 359.19582 -68.85839 31.20145 0.00011738 1.18094926 0.00030709
t 74
c 359.19582 -68.85839 31.20145 0.00011738 1.18094926 0.00030709
t 73
c 359.19582 -68.85839 31.20145 0.00011738 1.18094926 0.00030709
t 72
c 359.19582 -68.85839 31.20145 0.00011738 1.18094926 0.00030709
t 71
c 359.19582 -68.85839 31.20145 0.00011738 1.18094926 0.00030709
t 70
c 359.19582 -68.85839 31.20145 0.00011738 1.18094926 0.00030709
t 69
c 359.19582 -68.85839 31.20145 0.00011738 1.18094926 0.00030709
t 68
c 359.19582 -68.85839 31.20145 0.00011738 1.18094926 0.00030709
t 67
c 359.19582 -68.85839 31.20145 0.00011738 1.18094926 0.00030709
t 66
c 359.19582 -68.85839 31.20145 0.00011738 1.18094926 0.00030709
t 65
c 359.19582 -68.85839 31.20145 0.00011738 1.18094926 0.00030709
t 64
c 359.19582 -68.85839 31.20145 0.00011738 1.18094926 0.00030709
t 64
c 359.19664 -65.73562 33.89343 0.00011503 1.18095507 0.0003374
t 64
c 359.19745 -62.61285 36.58541 0.00011267 1.18096088 0.00036772
t 64
c 359.19827 -59.49008 39.27739 0.00011032 1.18096669 0.00039804
t 64
c 359.19908 -56.36731 41.96937 0.00010796 1.1809725 0.00042836
t 64
c 359.1999 -53.24453 44.66135 0.00010561 1.18097831 0.00045867
t 64
c 359.20071 -50.12176 47.35333 0.00010325 1.18098412 0.00048899
t 64
c 359.20153 -46.99899 50.04531 0.0001009 1.18098993 0.00051931
t 64
c 359.20234 -43.87622 52.73729 9.854e-05 1.18099574 0.00054963
t 64
c 359.20316 -40.75345 55.42926 9.619e-05 1.18100155 0.00057994
t 64
c 359.20397 -37.63067 58.12124 9.383e-05 1.18100736 0.00061026
t 64
c 359.20479 -34.5079 60.81322 9.148e-05 1.18101317 0.00064058
t 64
c 359.2056 -31.38513 63.5052 8.912e-05 1.18101898 0.00067089
t 64
c 359.20642 -28.26236 66.19718 8.677e-05 1.18102478 0.00070121
t 64
c 359.20723 -25.13959 68.88916 8.441e-05 1.18103059 0.00073153
t 64
c 359.20805 -22.01682 71.58114 8.206e-05 1.1810364 0.00076185
t 64
c 359.20886 -18.89404 74.27312 7.97e-05 1.18104221 0.00079216
t 64
c 359.20967 -15.77127 76.9651 7.735e-05 1.18104802 0.00082248
t 64
c 359.21049 -12.6485 79.65707 7.499e-05 1.18105383 0.0008528
t 64
c 359.2113 -9.52573 82.34905 7.264e-05 1.18105964 0.00088312
t 64
c 359.21212 -6.40296 85.04103 7.028e-05 1.18106545 0.00091343
t 64
c 359.21293 -3.28019 87.73301 6.793e-05 1.18107126 0.00094375
t 64
c 359.21375 -0.15741 90.42499 6.557e-05 1.18107707 0.00097407
t 64
c 359.21456 2.96536 93.11697 6.322e-05 1.18108288 0.00100439
t 64
c 359.21538 6.08813 95.80895 6.086e-05 1.18108869 0.0010347
t 64
c 359.21619 9.2109 98.50093 5.851e-05 1.1810945 0.00106502
t 64
c 359.21701 12.33367 101.19291 5.615e-05 1.18110031 0.00109534
t 64
c 359.21782 15.45645 103.88488 5.38e-05 1.18110612 0.00112566
t 64
c 359.21782 15.45645 103.88488 5.38e-05 1.18110612 0.00112566
t 64
c 359.21813 19.46451 103.8913 0.00010511 1.18109687 0.00118311
t 64
c 359.21844 23.47258 103.89772 0.00015643 1.18108761 0.00124056
t 64
c 359.21876 27.48065 103.90413 0.00020775 1.18107836 0.00129801
t 64
c 359.21907 31.48872 103.91055 0.00025907 1.1810691 0.00135547
t 64
c 359.21938 35.49678 103.91696 0.00031039 1.18105985 0.00141292
t 64
c 359.21969 39.50485 103.92338 0.00036171 1.18105059 0.00147037
t 64
c 359.22 43.51292 103.92979 0.00041303 1.18104134 0.00152783
t 64
c 359.22031 47.52099 103.93621 0.00046434 1.18103208 0.00158528
t 64
c 359.22062 51.52905 103.94262 0.00051566 1.18102283 0.00164273
t 64
c 359.22094 55.53712 103.94904 0.00056698 1.18101357 0.00170019
t 64
c 359.22125 59.54519 103.95545 0.0006183 1.18100432 0.00175764
t 64
c 359.22156 63.55326 103.96187 0.00066962 1.18099506 0.00181509
t 64
c 359.22187 67.56132 103.96828 0.00072094 1.18098581 0.00187255
t 64
c 359.22218 71.56939 103.9747 0.00077225 1.18097655 0.00193
t 64
c 359.22249 75.57746 103.98112 0.00082357 1.1809673 0.00198745
t 64
c 359.2228 79.58553 103.98753 0.00087489 1.18095804 0.0020449
t 64
c 359.22311 83.59359 103.99395 0.00092621 1.18094879 0.00210236
t 64
c 359.22343 87.60166 104.00036 0.00097753 1.18093953 0.00215981
t 64
c 359.22374 91.60973 104.00678 0.00102885 1.18093028 0.00221726
t 64
c 359.22405 95.6178 104.01319 0.00108017 1.18092102 0.00227472
t 64
c 359.22436 99.62586 104.01961 0.00113148 1.18091177 0.00233217
t 64
c 359.22467 103.63393 104.02602 0.0011828 1.18090251 0.00238962
t 64
c 359.22498 107.642 104.03244 0.00123412 1.18089326 0.00244708
t 64
c 359.22529 111.65007 104.03885 0.00128544 1.180884 0.00250453
t 64
c 359.2256 115.65813 104.04527 0.00133676 1.18087474 0.00256198
t 64
c 359.22592 119.6662 104.05168 0.00138808 1.18086549 0.00261944
t 64
c 359.22623 123.67427 104.0581 0.0014394 1.18085623 0.00267689
t 64
c 359.22654 127.68234 104.06451 0.00149071 1.18084698 0.00273434
t 64
c 359.22685 131.6904 104.07093 0.00154203 1.18083772 0.0027918
t 64
c 359.22716 135.69847 104.07735 0.00159335 1.18082847 0.00284925
t 64
c 359.22747 139.70654 104.08376 0.00164467 1.18081921 0.0029067
t 64
c 359.22747 139.70654 104.08376 0.00164467 1.18081921 0.0029067
t 64
c 359.22388 139.70819 99.92518 0.00169254 1.18082455 0.0029527
t 64
c 359.22029 139.70984 95.7666 0.00174042 1.18082988 0.00299871
t 64
c 359.2167 139.7115 91.60802 0.00178829 1.18083522 0.00304471
t 64
c 359.2131 139.71315 87.44944 0.00183616 1.18084055 0.00309071
t 64
c 359.20951 139.7148 83.29085 0.00188404 1.18084588 0.00313671
t 64
c 359.20592 139.71645 79.13227 0.00193191 1.18085122 0.00318271
t 64
c 359.20233 139.7181 74.97369 0.00197978 1.18085655 0.00322872
t 64
c 359.19873 139.71976 70.81511 0.00202766 1.18086188 0.00327472
t 64
c 359.19514 139.72141 66.65653 0.00207553 1.18086722 0.00332072
t 64
c 359.19155 139.72306 62.49795 0.0021234 1.18087255 0.00336672
t 64
c 359.18796 139.72471 58.33937 0.00217128 1.18087789 0.00341273
t 64
c 359.18436 139.72637 54.18078 0.00221915 1.18088322 0.00345873
t 64
c 359.18077 139.72802 50.0222 0.00226702 1.18088855 0.00350473
t 64
c 359.17718 139.72967 45.86362 0.0023149 1.18089389 0.00355073
t 64
c 359.17718 139.72967 45.86362 0.0023149 1.18089389 0.00355073
t 64
c 359.17718 139.72967 45.86362 0.0023149 1.18089389 0.00355073
t 65
c 359.17718 139.72967 45.86362 0.0023149 1.18089389 0.00355073
t 66
c 359.17718 139.72967 45.86362 0.0023149 1.18089389 0.00355073
t 67
c 359.17718 139.72967 45.86362 0.0023149 1.18089389 0.00355073
t 68
c 359.17718 139.72967 45.86362 0.0023149 1.18089389 0.00355073
t 69
c 359.17718 139.72967 45.86362 0.0023149 1.18089389 0.00355073
t 70
c 359.17718 139.72967 45.86362 0.0023149 1.18089389 0.00355073
t 71
c 359.17718 139.72967 45.86362 0.0023149 1.18089389 0.00355073
t 72
c 359.17718 139.72967 45.86362 0.0023149 1.18089389 0.00355073
t 73
c 359.17718 139.72967 45.86362 0.0023149 1.18089389 0.00355073
t 74
c 359.17718 139.72967 45.86362 0.0023149 1.18089389 0.00355073
t 75
c 359.17718 139.72967 45.86362 0.0023149 1.18089389 0.00355073
t 76
c 359.17718 139.72967 45.86362 0.0023149 1.18089389 0.00355073
t 77
c 359.17718 139.72967 45.86362 0.0023149 1.18089389 0.00355073
t 78
c 359.17718 139.72967 45.86362 0.0023149 1.18089389 0.00355073
t 79
c 359.17718 139.72967 45.86362 0.0023149 1.18089389 0.00355073
t 80
c 359.17718 139.72967 45.86362 0.0023149 1.18089389 0.00355073
t 81
c 359.17718 139.72967 45.86362 0.0023149 1.18089389 0.00355073
t 82
c 359.17718 139.72967 45.86362 0.0023149 1.18089389 0.00355073
t 83
c 359.17718 139.72967 45.86362 0.0023149 1.18089389 0.00355073
t 84
c 359.17718 139.72967 45.86362 0.0023149 1.18089389 0.00355073
t 85
c 359.17718 139.72967 45.86362 0.0023149 1.18089389 0.00355073
t 86
c 359.17718 139.72967 45.86362 0.0023149 1.18089389 0.00355073
t 87
c 359.17718 139.72967 45.86362 0.0023149 1.18089389 0.00355073
t 88
c 359.17718 139.72967 45.86362 0.0023149 1.18089389 0.00355073
t 89
c 359.17718 139.72967 45.86362 0.0023149 1.18089389 0.00355073
t 90
c 359.17718 139.72967 45.86362 0.0023149 1.18089389 0.00355073
t 91
c 359.17718 139.72967 45.86362 0.0023149 1.18089389 0.00355073
t 92
c 359.17718 139.72967 45.86362 0.0023149 1.18089389 0.00355073
t 93
c 359.17718 139.72967 45.86362 0.0023149 1.18089389 0.00355073
t 94
c 359.17718 139.72967 45.86362 0.0023149 1.18089389 0.00355073
t 95
c 359.17718 139.72967 45.86362 0.0023149 1.18089389 0.00355073
t 96
c 359.17718 139.72967 45.86362 0.0023149 1.18089389 0.00355073
t 97
c 359.17718 139.72967 45.86362 0.0023149 1.18089389 0.00355073
t 98
c 359.17718 139.72967 45.86362 0.0023149 1.18089389 0.00355073
t 99
c 359.17718 139.72967 45.86362 0.0023149 1.18089389 0.00355073
t 100
c 359.17718 139.72967 45.86362 0.0023149 1.18089389 0.00355073
t 101
c 359.17718 139.72967 45.86362 0.0023149 1.18089389 0.00355073
t 102
c 359.17718 139.72967 45.86362 0.0023149 1.18089389 0.00355073
t 103
c 359.17718 139.72967 45.86362 0.0023149 1.18089389 0.00355073
t 104
c 359.17718 139.72967 45.86362 0.0023149 1.18089389 0.00355073
t 105
c 359.17718 139.72967 45.86362 0.0023149 1.18089389 0.00355073
t 106
c 359.17718 139.72967 45.86362 0.0023149 1.18089389 0.00355073
t 107
c 359.17718 139.72967 45.86362 0.0023149 1.18089389 0.00355073
t 108
c 359.17718 139.72967 45.86362 0.0023149 1.18089389 0.00355073
t 109
c 359.17718 139.72967 45.86362 0.0023149 1.18089389 0.00355073
t 110
c 359.17718 139.72967 45.86362 0.0023149 1.18089389 0.00355073
t 111
c 359.17718 139.72967 45.86362 0.0023149 1.18089389 0.00355073
t 112
c 359.17718 139.72967 45.86362 0.0023149 1.18089389 0.00355073
t 113
c 359.17718 139.72967 45.86362 0.0023149 1.18089389 0.00355073
t 114
c 359.17718 139.72967 45.86362 0.0023149 1.18089389 0.00355073
t 115
c 359.17718 139.72967 45.86362 0.0023149 1.18089389 0.00355073
t 116
c 359.17718 139.72967 45.86362 0.0023149 1.18089389 0.00355073
t 117
c 359.17718 139.72967 45.86362 0.0023149 1.18089389 0.00355073
t 118
c 359.17718 139.72967 45.86362 0.0023149 1.18089389 0.00355073
t 119
c 359.17718 139.72967 45.86362 0.0023149 1.18089389 0.00355073
t 120
c 359.17718 139.72967 45.86362 0.0023149 1.18089389 0.00355073
t 121
c 359.17718 139.72967 45.86362 0.0023149 1.18089389 0.00355073
t 122
c 359.17718 139.72967 45.86362 0.0023149 1.18089389 0.00355073
t 123
c 359.17718 139.72967 45.86362 0.0023149 1.18089389 0.00355073
t 124
c 359.17718 139.72967 45.86362 0.0023149 1.18089389 0.00355073
t 125
c 359.17718 139.72967 45.86362 0.0023149 1.18089389 0.00355073
t 126
c 359.17718 139.72967 45.86362 0.0023149 1.18089389 0.00355073
t 127
c 359.17718 139.72967 45.86362 0.0023149 1.18089389 0.00355073
t 128
c 359.17718 139.72967 45.86362 0.0023149 1.18089389 0.00355073
t 129
c 359.17718 139.72967 45.86362 0.0023149 1.18089389 0.00355073
t 130
c 359.17718 139.72967 45.86362 0.0023149 1.18089389 0.00355073
t 131
c 359.17718 139.72967 45.86362 0.0023149 1.18089389 0.00355073
t 132
c 359.17718 139.72967 45.86362 0.0023149 1.18089389 0.00355073
t 133
c 359.17718 139.72967 45.86362 0.0023149 1.18089389 0.00355073
t 134
c 359.17718 139.72967 45.86362 0.0023149 1.18089389 0.00355073
t 135
c 359.17718 139.72967 45.86362 0.0023149 1.18089389 0.00355073
t 136
c 359.17718 139.72967 45.86362 0.0023149 1.18089389 0.00355073
t 137
c 359.17718 139.72967 45.86362 0.0023149 1.18089389 0.00355073
t 138
c 359.17718 139.72967 45.86362 0.0023149 1.18089389 0.00355073
t 139
c 359.17718 139.72967 45.86362 0.0023149 1.18089389 0.00355073
t 140
c 359.17718 139.72967 45.86362 0.0023149 1.18089389 0.00355073
t 141
c 359.17718 139.72967 45.86362 0.0023149 1.18089389 0.00355073
t 141
c 359.18771 139.7278 50.0499 0.00221509 1.18083832 0.00350768
t 141
c 359.19824 139.72593 54.23617 0.00211529 1.18078275 0.00346463
t 141
c 359.20877 139.72406 58.42244 0.00201549 1.18072718 0.00342158
t 141
c 359.21929 139.72219 62.60872 0.00191569 1.18067161 0.00337852
t 141
c 359.22982 139.72032 66.79499 0.00181589 1.18061604 0.00333547
t 141
c 359.24035 139.71845 70.98127 0.00171609 1.18056047 0.00329242
t 141
c 359.25088 139.71658 75.16754 0.00161629 1.1805049 0.00324937
t 141
c 359.26141 139.71471 79.35381 0.00151648 1.18044933 0.00320631
t 141
c 359.26141 139.71471 79.35381 0.00151648 1.18044933 0.00320631
t 141
c 359.26349 139.711 75.26966 0.00145545 1.18043255 0.00315254
t 141
c 359.26557 139.70728 71.18551 0.00139442 1.18041577 0.00309876
t 141
c 359.26764 139.70357 67.10136 0.00133338 1.18039899 0.00304498
t 141
c 359.26972 139.69985 63.01721 0.00127235 1.1803822 0.0029912
t 141
c 359.2718 139.69614 58.93306 0.00121131 1.18036542 0.00293743
t 141
c 359.27388 139.69242 54.84891 0.00115028 1.18034864 0.00288365
t 141
c 359.27595 139.68871 50.76476 0.00108924 1.18033186 0.00282987
t 141
c 359.27803 139.685 46.68061 0.00102821 1.18031507 0.00277609
t 141
c 359.28011 139.68128 42.59646 0.00096718 1.18029829 0.00272232
t 141
c 359.28219 139.67757 38.51231 0.00090614 1.18028151 0.00266854
t 141
c 359.28427 139.67385 34.42816 0.00084511 1.18026473 0.00261476
t 141
c 359.28634 139.67014 30.34401 0.00078407 1.18024794 0.00256098
t 141
c 359.28842 139.66643 26.25986 0.00072304 1.18023116 0.00250721
t 141
c 359.28842 139.66643 26.25986 0.00072304 1.18023116 0.00250721
t 141
c 359.29721 139.66958 31.91003 0.00076353 1.18018382 0.00254564
t 70
c 359.29721 139.66958 31.91003 0.00076353 1.18018382 0.00254564
t 70
c 359.29721 139.66958 31.91003 0.00076353 1.18018382 0.00254564
t 69
c 359.29721 139.66958 31.91003 0.00076353 1.18018382 0.00254564
t 68
c 359.29721 139.66958 31.91003 0.00076353 1.18018382 0.00254564
t 68
c 359.29014 139.67039 36.13511 0.00079556 1.1802317 0.00255558
t 67
c 359.28307 139.67121 40.36018 0.00082758 1.18027959 0.00256552
t 67
c 359.276 139.67203 44.58525 0.00085961 1.18032747 0.00257547
t 66
c 359.26893 139.67284 48.81032 0.00089163 1.18037536 0.00258541
t 66
c 359.26186 139.67366 53.03539 0.00092366 1.18042324 0.00259535
t 65
c 359.25479 139.67448 57.26046 0.00095568 1.18047112 0.0026053
t 65
c 359.24772 139.67529 61.48553 0.00098771 1.18051901 0.00261524
t 64
c 359.24065 139.67611 65.7106 0.00101973 1.18056689 0.00262518
t 64
c 359.23358 139.67693 69.93568 0.00105176 1.18061478 0.00263512
t 63
c 359.22651 139.67774 74.16075 0.00108378 1.18066266 0.00264507
t 63
c 359.21944 139.67856 78.38582 0.00111581 1.18071055 0.00265501
t 62
c 359.21237 139.67937 82.61089 0.00114783 1.18075843 0.00266495
t 62
c 359.2053 139.68019 86.83596 0.00117986 1.18080632 0.0026749
t 61
c 359.19823 139.68101 91.06103 0.00121188 1.1808542 0.00268484
t 61
c 359.19117 139.68182 95.2861 0.00124391 1.18090209 0.00269478
t 60
c 359.1841 139.68264 99.51117 0.00127593 1.18094997 0.00270473
t 60
c 359.1841 139.68264 99.51117 0.00127593 1.18094997 0.00270473
t 60
c 359.18154 135.6713 99.51069 0.00129402 1.18096461 0.00272015
t 60
c 359.17899 131.65997 99.51021 0.00131211 1.18097925 0.00273557
t 60
c 359.17643 127.64863 99.50973 0.00133021 1.18099388 0.002751
t 60
c 359.17388 123.6373 99.50925 0.0013483 1.18100852 0.00276642
t 60
c 359.17132 119.62596 99.50876 0.00136639 1.18102316 0.00278185
t 60
c 359.16877 115.61462 99.50828 0.00138448 1.1810378 0.00279727
t 60
c 359.16622 111.60329 99.5078 0.00140257 1.18105244 0.0028127
t 60
c 359.16366 107.59195 99.50732 0.00142066 1.18106707 0.00282812
t 60
c 359.16111 103.58061 99.50684 0.00143876 1.18108171 0.00284355
t 59
c 359.15855 99.56928 99.50636 0.00145685 1.18109635 0.00285897
t 60
c 359.156 95.55794 99.50587 0.00147494 1.18111099 0.00287439
t 60
c 359.15344 91.54661 99.50539 0.00149303 1.18112562 0.00288982
t 60
c 359.15089 87.53527 99.50491 0.00151112 1.18114026 0.00290524
t 59
c 359.14834 83.52393 99.50443 0.00152921 1.1811549 0.00292067
t 60
c 359.14578 79.5126 99.50395 0.00154731 1.18116954 0.00293609
t 60
c 359.14323 75.50126 99.50347 0.0015654 1.18118417 0.00295152
t 60
c 359.14067 71.48993 99.50298 0.00158349 1.18119881 0.00296694
t 60
c 359.13812 67.47859 99.5025 0.00160158 1.18121345 0.00298237
t 60
c 359.13556 63.46725 99.50202 0.00161967 1.18122809 0.00299779
t 60
c 359.13301 59.45592 99.50154 0.00163776 1.18124273 0.00301321
t 60
c 359.13046 55.44458 99.50106 0.00165586 1.18125736 0.00302864
t 60
c 359.1279 51.43324 99.50057 0.00167395 1.181272 0.00304406
t 60
c 359.12535 47.42191 99.50009 0.00169204 1.18128664 0.00305949
t 60
c 359.12279 43.41057 99.49961 0.00171013 1.18130128 0.00307491
t 60
c 359.12024 39.39924 99.49913 0.00172822 1.18131591 0.00309034
t 60
c 359.11768 35.3879 99.49865 0.00174631 1.18133055 0.00310576
t 60
c 359.11513 31.37656 99.49817 0.00176441 1.18134519 0.00312118
t 60
c 359.11258 27.36523 99.49768 0.0017825 1.18135983 0.00313661
t 60
c 359.11002 23.35389 99.4972 0.00180059 1.18137446 0.00315203
t 60
c 359.10747 19.34255 99.49672 0.00181868 1.1813891 0.00316746
t 60
c 359.10491 15.33122 99.49624 0.00183677 1.18140374 0.00318288
t 60
c 359.10236 11.31988 99.49576 0.00185487 1.18141838 0.00319831
t 60
c 359.0998 7.30855 99.49528 0.00187296 1.18143301 0.00321373
t 60
c 359.09725 3.29721 99.49479 0.00189105 1.18144765 0.00322916
t 60
c 359.0947 -0.71413 99.49431 0.00190914 1.18146229 0.00324458
t 60
c 359.09214 -4.72546 99.49383 0.00192723 1.18147693 0.00326
t 60
c 359.08959 -8.7368 99.49335 0.00194532 1.18149157 0.00327543
t 60
c 359.08703 -12.74814 99.49287 0.00196342 1.1815062 0.00329085
t 60
c 359.08448 -16.75947 99.49238 0.00198151 1.18152084 0.00330628
t 60
c 359.08192 -20.77081 99.4919 0.0019996 1.18153548 0.0033217
t 60
c 359.07937 -24.78214 99.49142 0.00201769 1.18155012 0.00333713
t 60
c 359.07682 -28.79348 99.49094 0.00203578 1.18156475 0.00335255
t 60
c 359.07426 -32.80482 99.49046 0.00205387 1.18157939 0.00336798
t 60
c 359.07171 -36.81615 99.48998 0.00207197 1.18159403 0.0033834
t 60
c 359.06915 -40.82749 99.48949 0.00209006 1.18160867 0.00339882
t 60
c 359.0666 -44.83882 99.48901 0.00210815 1.1816233 0.00341425
t 60
c 359.06404 -48.85016 99.48853 0.00212624 1.18163794 0.00342967
t 60
c 359.06149 -52.8615 99.48805 0.00214433 1.18165258 0.0034451
t 60
c 359.05894 -56.87283 99.48757 0.00216242 1.18166722 0.00346052
t 60
c 359.05638 -60.88417 99.48708 0.00218052 1.18168186 0.00347595
t 60
c 359.05383 -64.89551 99.4866 0.00219861 1.18169649 0.00349137
t 60
c 359.05383 -64.89551 99.4866 0.00219861 1.18169649 0.00349137
t 60
c 359.05886 -64.89928 95.41034 0.00214142 1.18166815 0.00343437
t 60
c 359.0639 -64.90305 91.33408 0.00208423 1.18163981 0.00337736
t 60
c 359.06894 -64.90683 87.25782 0.00202704 1.18161147 0.00332035
t 59
c 359.07397 -64.9106 83.18156 0.00196985 1.18158314 0.00326335
t 60
c 359.07901 -64.91438 79.1053 0.00191266 1.1815548 0.00320634
t 60
c 359.08405 -64.91815 75.02904 0.00185547 1.18152646 0.00314933
t 60
c 359.08908 -64.92192 70.95278 0.00179828 1.18149812 0.00309233
t 60
c 359.09412 -64.9257 66.87652 0.00174109 1.18146978 0.00303532
t 60
c 359.09915 -64.92947 62.80026 0.0016839 1.18144144 0.00297832
t 60
c 359.10419 -64.93325 58.72399 0.00162671 1.1814131 0.00292131
t 60
c 359.10923 -64.93702 54.64773 0.00156952 1.18138476 0.0028643
t 60
c 359.11426 -64.94079 50.57147 0.00151234 1.18135642 0.0028073
t 60
c 359.1193 -64.94457 46.49521 0.00145515 1.18132808 0.00275029
t 60
c 359.12434 -64.94834 42.41895 0.00139796 1.18129974 0.00269328
t 60
c 359.12434 -64.94834 42.41895 0.00139796 1.18129974 0.00269328
t 60
c 359.12434 -64.94834 42.41895 0.00139796 1.18129974 0.00269328
t 61
c 359.12434 -64.94834 42.41895 0.00139796 1.18129974 0.00269328
t 62
c 359.12434 -64.94834 42.41895 0.00139796 1.18129974 0.00269328
t 63
c 359.12434 -64.94834 42.41895 0.00139796 1.18129974 0.00269328
t 64
c 359.12434 -64.94834 42.41895 0.00139796 1.18129974 0.00269328
t 65
c 359.12434 -64.94834 42.41895 0.00139796 1.18129974 0.00269328
t 66
c 359.12434 -64.94834 42.41895 0.00139796 1.18129974 0.00269328
t 67
c 359.12434 -64.94834 42.41895 0.00139796 1.18129974 0.00269328
t 68
c 359.12434 -64.94834 42.41895 0.00139796 1.18129974 0.00269328
t 69
c 359.12434 -64.94834 42.41895 0.00139796 1.18129974 0.00269328
t 70
c 359.12434 -64.94834 42.41895 0.00139796 1.18129974 0.00269328
t 71
c 359.12434 -64.94834 42.41895 0.00139796 1.18129974 0.00269328
t 72
c 359.12434 -64.94834 42.41895 0.00139796 1.18129974 0.00269328
t 73
c 359.12434 -64.94834 42.41895 0.00139796 1.18129974 0.00269328
t 74
c 359.12434 -64.94834 42.41895 0.00139796 1.18129974 0.00269328
t 75
c 359.12434 -64.94834 42.41895 0.00139796 1.18129974 0.00269328
t 76
c 359.12434 -64.94834 42.41895 0.00139796 1.18129974 0.00269328
t 77
c 359.12434 -64.94834 42.41895 0.00139796 1.18129974 0.00269328
t 78
c 359.12434 -64.94834 42.41895 0.00139796 1.18129974 0.00269328
t 79
c 359.12434 -64.94834 42.41895 0.00139796 1.18129974 0.00269328
t 80
c 359.12434 -64.94834 42.41895 0.00139796 1.18129974 0.00269328
t 81
c 359.12434 -64.94834 42.41895 0.00139796 1.18129974 0.00269328
t 82
c 359.12434 -64.94834 42.41895 0.00139796 1.18129974 0.00269328
t 83
c 359.12434 -64.94834 42.41895 0.00139796 1.18129974 0.00269328
t 84
c 359.12434 -64.94834 42.41895 0.00139796 1.18129974 0.00269328
t 85
c 359.12434 -64.94834 42.41895 0.00139796 1.18129974 0.00269328
t 86
c 359.12434 -64.94834 42.41895 0.00139796 1.18129974 0.00269328
t 87
c 359.12434 -64.94834 42.41895 0.00139796 1.18129974 0.00269328
t 88
c 359.12434 -64.94834 42.41895 0.00139796 1.18129974 0.00269328
t 89
c 359.12434 -64.94834 42.41895 0.00139796 1.18129974 0.00269328
t 90
c 359.12434 -64.94834 42.41895 0.00139796 1.18129974 0.00269328
t 91
c 359.12434 -64.94834 42.41895 0.00139796 1.18129974 0.00269328
t 92
c 359.12434 -64.94834 42.41895 0.00139796 1.18129974 0.00269328
t 93
c 359.12434 -64.94834 42.41895 0.00139796 1.18129974 0.00269328
t 94
c 359.12434 -64.94834 42.41895 0.00139796 1.18129974 0.00269328
t 95
c 359.12434 -64.94834 42.41895 0.00139796 1.18129974 0.00269328
t 96
c 359.12434 -64.94834 42.41895 0.00139796 1.18129974 0.00269328
t 97
c 359.12434 -64.94834 42.41895 0.00139796 1.18129974 0.00269328
t 98
c 359.12434 -64.94834 42.41895 0.00139796 1.18129974 0.00269328
t 99
c 359.12434 -64.94834 42.41895 0.00139796 1.18129974 0.00269328
t 100
c 359.12434 -64.94834 42.41895 0.00139796 1.18129974 0.00269328
t 101
c 359.12434 -64.94834 42.41895 0.00139796 1.18129974 0.00269328
t 102
c 359.12434 -64.94834 42.41895 0.00139796 1.18129974 0.00269328
t 103
c 359.12434 -64.94834 42.41895 0.00139796 1.18129974 0.00269328
t 104
c 359.12434 -64.94834 42.41895 0.00139796 1.18129974 0.00269328
t 105
c 359.12434 -64.94834 42.41895 0.00139796 1.18129974 0.00269328
t 106
c 359.12434 -64.94834 42.41895 0.00139796 1.18129974 0.00269328
t 107
c 359.12434 -64.94834 42.41895 0.00139796 1.18129974 0.00269328
t 108
c 359.12434 -64.94834 42.41895 0.00139796 1.18129974 0.00269328
t 109
c 359.12434 -64.94834 42.41895 0.00139796 1.18129974 0.00269328
t 110
c 359.12434 -64.94834 42.41895 0.00139796 1.18129974 0.00269328
t 111
c 359.12434 -64.94834 42.41895 0.00139796 1.18129974 0.00269328
t 112
c 359.12434 -64.94834 42.41895 0.00139796 1.18129974 0.00269328
t 113
c 359.12434 -64.94834 42.41895 0.00139796 1.18129974 0.00269328
t 114
c 359.12434 -64.94834 42.41895 0.00139796 1.18129974 0.00269328
t 115
c 359.12434 -64.94834 42.41895 0.00139796 1.18129974 0.00269328
t 116
c 359.12434 -64.94834 42.41895 0.00139796 1.18129974 0.00269328
t 117
c 359.12434 -64.94834 42.41895 0.00139796 1.18129974 0.00269328
t 118
c 359.12434 -64.94834 42.41895 0.00139796 1.18129974 0.00269328
t 119
c 359.12434 -64.94834 42.41895 0.00139796 1.18129974 0.00269328
t 120
c 359.12434 -64.94834 42.41895 0.00139796 1.18129974 0.00269328
t 121
c 359.12434 -64.94834 42.41895 0.00139796 1.18129974 0.00269328
t 122
c 359.12434 -64.94834 42.41895 0.00139796 1.18129974 0.00269328
t 123
c 359.12434 -64.94834 42.41895 0.00139796 1.18129974 0.00269328
t 124
c 359.12434 -64.94834 42.41895 0.00139796 1.18129974 0.00269328
t 125
c 359.12434 -64.94834 42.41895 0.00139796 1.18129974 0.00269328
t 126
c 359.12434 -64.94834 42.41895 0.00139796 1.18129974 0.00269328
t 127
c 359.12434 -64.94834 42.41895 0.00139796 1.18129974 0.00269328
t 128
c 359.12434 -64.94834 42.41895 0.00139796 1.18129974 0.00269328
t 129
c 359.12434 -64.94834 42.41895 0.00139796 1.18129974 0.00269328
t 130
c 359.12434 -64.94834 42.41895 0.00139796 1.18129974 0.00269328
t 131
c 359.12434 -64.94834 42.41895 0.00139796 1.18129974 0.00269328
t 132
c 359.12434 -64.94834 42.41895 0.00139796 1.18129974 0.00269328
t 133
c 359.12434 -64.94834 42.41895 0.00139796 1.18129974 0.00269328
t 134
c 359.12434 -64.94834 42.41895 0.00139796 1.18129974 0.00269328
t 135
c 359.12434 -64.94834 42.41895 0.00139796 1.18129974 0.00269328
t 136
c 359.12434 -64.94834 42.41895 0.00139796 1.18129974 0.00269328
t 137
