c 326.0 0.0 334.0 -0.0756758 0.3668262 0.0
c 325.8577 0.00912 334.0 -0.0756758 0.36480652 0.0
c 325.71541 0.01823 334.0 -0.0756758 0.36278683 0.0
c 325.57311 0.02735 334.0 -0.0756758 0.36076715 0.0
c 325.43082 0.03646 334.0 -0.0756758 0.35874747 0.0
c 325.28852 0.04558 334.0 -0.0756758 0.35672779 0.0
c 325.14623 0.05469 334.0 -0.0756758 0.3547081 0.0
c 325.00393 0.06381 334.0 -0.0756758 0.35268842 0.0
c 324.86164 0.07292 334.0 -0.0756758 0.35066874 0.0
c 324.71934 0.08204 334.0 -0.0756758 0.34864905 0.0
c 324.57705 0.09115 334.0 -0.0756758 0.34662937 0.0
c 324.43475 0.10027 334.0 -0.0756758 0.34460969 0.0
c 324.29245 0.10938 334.0 -0.0756758 0.34259001 0.0
c 324.15016 0.1185 334.0 -0.0756758 0.34057032 0.0
c 324.00786 0.12761 334.0 -0.0756758 0.33855064 0.0
c 323.86557 0.13673 334.0 -0.0756758 0.33653096 0.0
c 323.72327 0.14584 334.0 -0.0756758 0.33451127 0.0
c 323.58098 0.15496 334.0 -0.0756758 0.33249159 0.0
c 323.43868 0.16407 334.0 -0.0756758 0.33047191 0.0
c 323.29639 0.17319 334.0 -0.0756758 0.32845223 0.0
c 323.15409 0.18231 334.0 -0.0756758 0.32643254 0.0
c 323.0118 0.19142 334.0 -0.0756758 0.32441286 0.0
c 322.8695 0.20054 334.0 -0.0756758 0.32239318 0.0
c 322.7272 0.20965 334.0 -0.0756758 0.32037349 0.0
c 322.58491 0.21877 334.0 -0.0756758 0.31835381 0.0
c 322.44261 0.22788 334.0 -0.0756758 0.31633413 0.0
c 322.30032 0.237 334.0 -0.0756758 0.31431445 0.0
c 322.15802 0.24611 334.0 -0.0756758 0.31229476 0.0
c 322.01573 0.25523 334.0 -0.0756758 0.31027508 0.0
c 321.87343 0.26434 334.0 -0.0756758 0.3082554 0.0
c 321.73114 0.27346 334.0 -0.0756758 0.30623571 0.0
c 321.58884 0.28257 334.0 -0.0756758 0.30421603 0.0
c 321.44655 0.29169 334.0 -0.0756758 0.30219635 0.0
c 321.30425 0.3008 334.0 -0.0756758 0.30017667 0.0
c 321.16195 0.30992 334.0 -0.0756758 0.29815698 0.0
c 321.01966 0.31903 334.0 -0.0756758 0.2961373 0.0
c 320.87736 0.32815 334.0 -0.0756758 0.29411762 0.0
c 320.73507 0.33726 334.0 -0.0756758 0.29209793 0.0
c 320.59277 0.34638 334.0 -0.0756758 0.29007825 0.0
c 320.45048 0.3555 334.0 -0.0756758 0.28805857 0.0
c 320.30818 0.36461 334.0 -0.0756758 0.28603889 0.0
c 320.16589 0.37373 334.0 -0.0756758 0.2840192 0.0
c 320.02359 0.38284 334.0 -0.0756758 0.28199952 0.0
c 319.8813 0.39196 334.0 -0.0756758 0.27997984 0.0
c 319.739 0.40107 334.0 -0.0756758 0.27796015 0.0
c 319.59671 0.41019 334.0 -0.0756758 0.27594047 0.0
c 319.45441 0.4193 334.0 -0.0756758 0.27392079 0.0
c 319.31211 0.42842 334.0 -0.0756758 0.27190111 0.0
c 319.16982 0.43753 334.0 -0.0756758 0.26988142 0.0
c 319.02752 0.44665 334.0 -0.0756758 0.26786174 0.0
c 318.88523 0.45576 334.0 -0.0756758 0.26584206 0.0
c 318.74293 0.46488 334.0 -0.0756758 0.26382237 0.0
c 318.60064 0.47399 334.0 -0.0756758 0.26180269 0.0
c 318.45834 0.48311 334.0 -0.0756758 0.25978301 0.0
c 318.31605 0.49222 334.0 -0.0756758 0.25776333 0.0
c 318.17375 0.50134 334.0 -0.0756758 0.25574364 0.0
c 318.03146 0.51045 334.0 -0.0756758 0.25372396 0.0
c 317.88916 0.51957 334.0 -0.0756758 0.25170428 0.0
c 317.74686 0.52869 334.0 -0.0756758 0.24968459 0.0
c 317.60457 0.5378 334.0 -0.0756758 0.24766491 0.0
c 317.46227 0.54692 334.0 -0.0756758 0.24564523 0.0
c 317.31998 0.55603 334.0 -0.0756758 0.24362555 0.0
c 317.17768 0.56515 334.0 -0.0756758 0.24160586 0.0
c 317.03539 0.57426 334.0 -0.0756758 0.23958618 0.0
c 316.89309 0.58338 334.0 -0.0756758 0.2375665 0.0
c 316.7508 0.59249 334.0 -0.0756758 0.23554681 0.0
c 316.6085 0.60161 334.0 -0.0756758 0.23352713 0.0
c 316.46621 0.61072 334.0 -0.0756758 0.23150745 0.0
c 316.32391 0.61984 334.0 -0.0756758 0.22948777 0.0
c 316.18161 0.62895 334.0 -0.0756758 0.22746808 0.0
c 316.03932 0.63807 334.0 -0.0756758 0.2254484 0.0
c 315.89702 0.64718 334.0 -0.0756758 0.22342872 0.0
c 315.75473 0.6563 334.0 -0.0756758 0.22140903 0.0
c 315.61243 0.66541 334.0 -0.0756758 0.21938935 0.0
c 315.47014 0.67453 334.0 -0.0756758 0.21736967 0.0
c 315.32784 0.68364 334.0 -0.0756758 0.21534999 0.0
c 315.18555 0.69276 334.0 -0.0756758 0.2133303 0.0
c 315.04325 0.70188 334.0 -0.0756758 0.21131062 0.0
c 314.90096 0.71099 334.0 -0.0756758 0.20929094 0.0
c 314.75866 0.72011 334.0 -0.0756758 0.20727125 0.0
c 314.61636 0.72922 334.0 -0.0756758 0.20525157 0.0
c 314.47407 0.73834 334.0 -0.0756758 0.20323189 0.0
c 314.33177 0.74745 334.0 -0.0756758 0.20121221 0.0
c 314.18948 0.75657 334.0 -0.0756758 0.19919252 0.0
c 314.04718 0.76568 334.0 -0.0756758 0.19717284 0.0
c 313.90489 0.7748 334.0 -0.0756758 0.19515316 0.0
c 313.76259 0.78391 334.0 -0.0756758 0.19313347 0.0
c 313.6203 0.79303 334.0 -0.0756758 0.19111379 0.0
c 313.478 0.80214 334.0 -0.0756758 0.18909411 0.0
c 313.33571 0.81126 334.0 -0.0756758 0.18707443 0.0
c 313.19341 0.82037 334.0 -0.0756758 0.18505474 0.0
c 313.05111 0.82949 334.0 -0.0756758 0.18303506 0.0
c 312.90882 0.8386 334.0 -0.0756758 0.18101538 0.0
c 312.76652 0.84772 334.0 -0.0756758 0.17899569 0.0
c 312.62423 0.85683 334.0 -0.0756758 0.17697601 0.0
c 312.48193 0.86595 334.0 -0.0756758 0.17495633 0.0
c 312.33964 0.87507 334.0 -0.0756758 0.17293665 0.0
c 312.19734 0.88418 334.0 -0.0756758 0.17091696 0.0
c 312.05505 0.8933 334.0 -0.0756758 0.16889728 0.0
c 311.91275 0.90241 334.0 -0.0756758 0.1668776 0.0
c 311.77046 0.91153 334.0 -0.0756758 0.16485791 0.0
c 311.62816 0.92064 334.0 -0.0756758 0.16283823 0.0
c 311.48586 0.92976 334.0 -0.0756758 0.16081855 0.0
c 311.34357 0.93887 334.0 -0.0756758 0.15879887 0.0
c 311.20127 0.94799 334.0 -0.0756758 0.15677918 0.0
c 311.05898 0.9571 334.0 -0.0756758 0.1547595 0.0
c 310.91668 0.96622 334.0 -0.0756758 0.15273982 0.0
c 310.77439 0.97533 334.0 -0.0756758 0.15072013 0.0
c 310.63209 0.98445 334.0 -0.0756758 0.14870045 0.0
c 310.4898 0.99356 334.0 -0.0756758 0.14668077 0.0
c 310.3475 1.00268 334.0 -0.0756758 0.14466109 0.0
c 310.20521 1.01179 334.0 -0.0756758 0.1426414 0.0
c 310.06291 1.02091 334.0 -0.0756758 0.14062172 0.0
c 309.92061 1.03002 334.0 -0.0756758 0.13860204 0.0
c 309.77832 1.03914 334.0 -0.0756758 0.13658235 0.0
c 309.63602 1.04826 334.0 -0.0756758 0.13456267 0.0
c 309.49373 1.05737 334.0 -0.0756758 0.13254299 0.0
c 309.35143 1.06649 334.0 -0.0756758 0.13052331 0.0
c 309.20914 1.0756 334.0 -0.0756758 0.12850362 0.0
c 309.06684 1.08472 334.0 -0.0756758 0.12648394 0.0
c 308.92455 1.09383 334.0 -0.0756758 0.12446426 0.0
c 308.78225 1.10295 334.0 -0.0756758 0.12244457 0.0
c 308.63996 1.11206 334.0 -0.0756758 0.12042489 0.0
c 308.49766 1.12118 334.0 -0.0756758 0.11840521 0.0
c 308.35537 1.13029 334.0 -0.0756758 0.11638553 0.0
c 308.21307 1.13941 334.0 -0.0756758 0.11436584 0.0
c 308.07077 1.14852 334.0 -0.0756758 0.11234616 0.0
c 307.92848 1.15764 334.0 -0.0756758 0.11032648 0.0
c 307.78618 1.16675 334.0 -0.0756758 0.10830679 0.0
c 307.64389 1.17587 334.0 -0.0756758 0.10628711 0.0
c 307.50159 1.18498 334.0 -0.0756758 0.10426743 0.0
c 307.3593 1.1941 334.0 -0.0756758 0.10224775 0.0
c 307.217 1.20321 334.0 -0.0756758 0.10022806 0.0
c 307.07471 1.21233 334.0 -0.0756758 0.09820838 0.0
c 306.93241 1.22145 334.0 -0.0756758 0.0961887 0.0
c 306.79012 1.23056 334.0 -0.0756758 0.09416901 0.0
c 306.64782 1.23968 334.0 -0.0756758 0.09214933 0.0
c 306.50552 1.24879 334.0 -0.0756758 0.09012965 0.0
c 306.36323 1.25791 334.0 -0.0756758 0.08810997 0.0
c 306.22093 1.26702 334.0 -0.0756758 0.08609028 0.0
c 306.07864 1.27614 334.0 -0.0756758 0.0840706 0.0
c 305.93634 1.28525 334.0 -0.0756758 0.08205092 0.0
c 305.79405 1.29437 334.0 -0.0756758 0.08003123 0.0
c 305.65175 1.30348 334.0 -0.0756758 0.07801155 0.0
c 305.50946 1.3126 334.0 -0.0756758 0.07599187 0.0
c 305.36716 1.32171 334.0 -0.0756758 0.07397219 0.0
c 305.22487 1.33083 334.0 -0.0756758 0.0719525 0.0
c 305.08257 1.33994 334.0 -0.0756758 0.06993282 0.0
c 304.94027 1.34906 334.0 -0.0756758 0.06791314 0.0
c 304.79798 1.35817 334.0 -0.0756758 0.06589345 0.0
c 304.65568 1.36729 334.0 -0.0756758 0.06387377 0.0
c 304.51339 1.3764 334.0 -0.0756758 0.06185409 0.0
c 304.37109 1.38552 334.0 -0.0756758 0.05983441 0.0
c 304.2288 1.39464 334.0 -0.0756758 0.05781472 0.0
c 304.0865 1.40375 334.0 -0.0756758 0.05579504 0.0
c 303.94421 1.41287 334.0 -0.0756758 0.05377536 0.0
c 303.80191 1.42198 334.0 -0.0756758 0.05175567 0.0
c 303.65962 1.4311 334.0 -0.0756758 0.04973599 0.0
c 303.51732 1.44021 334.0 -0.0756758 0.04771631 0.0
c 303.37502 1.44933 334.0 -0.0756758 0.04569663 0.0
c 303.23273 1.45844 334.0 -0.0756758 0.04367694 0.0
c 303.09043 1.46756 334.0 -0.0756758 0.04165726 0.0
c 302.94814 1.47667 334.0 -0.0756758 0.03963758 0.0
c 302.80584 1.48579 334.0 -0.0756758 0.03761789 0.0
c 302.66355 1.4949 334.0 -0.0756758 0.03559821 0.0
c 302.52125 1.50402 334.0 -0.0756758 0.03357853 0.0
c 302.37896 1.51313 334.0 -0.0756758 0.03155885 0.0
c 302.23666 1.52225 334.0 -0.0756758 0.02953916 0.0
c 302.09437 1.53136 334.0 -0.0756758 0.02751948 0.0
c 301.95207 1.54048 334.0 -0.0756758 0.0254998 0.0
c 301.80977 1.54959 334.0 -0.0756758 0.02348011 0.0
c 301.66748 1.55871 334.0 -0.0756758 0.02146043 0.0
c 301.52518 1.56783 334.0 -0.0756758 0.01944075 0.0
c 301.38289 1.57694 334.0 -0.0756758 0.01742107 0.0
c 301.24059 1.58606 334.0 -0.0756758 0.01540138 0.0
c 301.0983 1.59517 334.0 -0.0756758 0.0133817 0.0
c 300.956 1.60429 334.0 -0.0756758 0.01136202 0.0
c 300.81371 1.6134 334.0 -0.0756758 0.00934233 0.0
c 300.67141 1.62252 334.0 -0.0756758 0.00732265 0.0
c 300.52912 1.63163 334.0 -0.0756758 0.00530297 0.0
c 300.38682 1.64075 334.0 -0.0756758 0.00328329 0.0
c 300.24452 1.64986 334.0 -0.0756758 0.0012636 0.0
c 300.10223 1.65898 334.0 -0.0756758 -0.00075608 0.0
c 299.95993 1.66809 334.0 -0.0756758 -0.00277576 0.0
c 299.81764 1.67721 334.0 -0.0756758 -0.00479545 0.0
c 299.67534 1.68632 334.0 -0.0756758 -0.00681513 0.0
c 299.53305 1.69544 334.0 -0.0756758 -0.00883481 0.0
c 299.39075 1.70455 334.0 -0.0756758 -0.01085449 0.0
c 299.24846 1.71367 334.0 -0.0756758 -0.01287418 0.0
c 299.10616 1.72278 334.0 -0.0756758 -0.01489386 0.0
c 298.96387 1.7319 334.0 -0.0756758 -0.01691354 0.0
c 298.82157 1.74102 334.0 -0.0756758 -0.01893323 0.0
c 298.67927 1.75013 334.0 -0.0756758 -0.02095291 0.0
c 298.53698 1.75925 334.0 -0.0756758 -0.02297259 0.0
c 298.39468 1.76836 334.0 -0.0756758 -0.02499227 0.0
c 298.25239 1.77748 334.0 -0.0756758 -0.02701196 0.0
c 298.11009 1.78659 334.0 -0.0756758 -0.02903164 0.0
c 297.9678 1.79571 334.0 -0.0756758 -0.03105132 0.0
c 297.8255 1.80482 334.0 -0.0756758 -0.03307101 0.0
c 297.68321 1.81394 334.0 -0.0756758 -0.03509069 0.0
c 297.54091 1.82305 334.0 -0.0756758 -0.03711037 0.0
c 297.39862 1.83217 334.0 -0.0756758 -0.03913005 0.0
c 297.25632 1.84128 334.0 -0.0756758 -0.04114974 0.0
c 297.11403 1.8504 334.0 -0.0756758 -0.04316942 0.0
c 296.97173 1.85951 334.0 -0.0756758 -0.0451891 0.0
c 296.82943 1.86863 334.0 -0.0756758 -0.04720879 0.0
c 296.68714 1.87774 334.0 -0.0756758 -0.04922847 0.0
c 296.54484 1.88686 334.0 -0.0756758 -0.05124815 0.0
c 296.40255 1.89597 334.0 -0.0756758 -0.05326783 0.0
c 296.26025 1.90509 334.0 -0.0756758 -0.05528752 0.0
c 296.11796 1.91421 334.0 -0.0756758 -0.0573072 0.0
c 295.97566 1.92332 334.0 -0.0756758 -0.05932688 0.0
c 295.83337 1.93244 334.0 -0.0756758 -0.06134657 0.0
c 295.69107 1.94155 334.0 -0.0756758 -0.06336625 0.0
c 295.54878 1.95067 334.0 -0.0756758 -0.06538593 0.0
c 295.40648 1.95978 334.0 -0.0756758 -0.06740561 0.0
c 295.26418 1.9689 334.0 -0.0756758 -0.0694253 0.0
c 295.12189 1.97801 334.0 -0.0756758 -0.07144498 0.0
c 294.97959 1.98713 334.0 -0.0756758 -0.07346466 0.0
c 294.8373 1.99624 334.0 -0.0756758 -0.07548435 0.0
c 294.695 2.00536 334.0 -0.0756758 -0.07750403 0.0
c 294.55271 2.01447 334.0 -0.0756758 -0.07952371 0.0
c 294.41041 2.02359 334.0 -0.0756758 -0.08154339 0.0
c 294.26812 2.0327 334.0 -0.0756758 -0.08356308 0.0
c 294.12582 2.04182 334.0 -0.0756758 -0.08558276 0.0
c 293.98353 2.05093 334.0 -0.0756758 -0.08760244 0.0
c 293.84123 2.06005 334.0 -0.0756758 -0.08962213 0.0
c 293.69893 2.06916 334.0 -0.0756758 -0.09164181 0.0
c 293.55664 2.07828 334.0 -0.0756758 -0.09366149 0.0
c 293.41434 2.0874 334.0 -0.0756758 -0.09568117 0.0
c 293.27205 2.09651 334.0 -0.0756758 -0.09770086 0.0
c 293.12975 2.10563 334.0 -0.0756758 -0.09972054 0.0
c 292.98746 2.11474 334.0 -0.0756758 -0.10174022 0.0
c 292.84516 2.12386 334.0 -0.0756758 -0.10375991 0.0
c 292.70287 2.13297 334.0 -0.0756758 -0.10577959 0.0
c 292.56057 2.14209 334.0 -0.0756758 -0.10779927 0.0
c 292.41828 2.1512 334.0 -0.0756758 -0.10981895 0.0
c 292.27598 2.16032 334.0 -0.0756758 -0.11183864 0.0
c 292.13368 2.16943 334.0 -0.0756758 -0.11385832 0.0
c 291.99139 2.17855 334.0 -0.0756758 -0.115878 0.0
c 291.84909 2.18766 334.0 -0.0756758 -0.11789769 0.0
c 291.7068 2.19678 334.0 -0.0756758 -0.11991737 0.0
c 291.5645 2.20589 334.0 -0.0756758 -0.12193705 0.0
c 291.42221 2.21501 334.0 -0.0756758 -0.12395673 0.0
c 291.27991 2.22412 334.0 -0.0756758 -0.12597642 0.0
c 291.13762 2.23324 334.0 -0.0756758 -0.1279961 0.0
c 290.99532 2.24236 334.0 -0.0756758 -0.13001578 0.0
c 290.85303 2.25147 334.0 -0.0756758 -0.13203547 0.0
c 290.71073 2.26059 334.0 -0.0756758 -0.13405515 0.0
c 290.56843 2.2697 334.0 -0.0756758 -0.13607483 0.0
c 290.42614 2.27882 334.0 -0.0756758 -0.13809451 0.0
c 290.28384 2.28793 334.0 -0.0756758 -0.1401142 0.0
c 290.14155 2.29705 334.0 -0.0756758 -0.14213388 0.0
c 289.99925 2.30616 334.0 -0.0756758 -0.14415356 0.0
c 289.85696 2.31528 334.0 -0.0756758 -0.14617325 0.0
c 289.71466 2.32439 334.0 -0.0756758 -0.14819293 0.0
c 289.57237 2.33351 334.0 -0.0756758 -0.15021261 0.0
c 289.43007 2.34262 334.0 -0.0756758 -0.15223229 0.0
c 289.28778 2.35174 334.0 -0.0756758 -0.15425198 0.0
c 289.14548 2.36085 334.0 -0.0756758 -0.15627166 0.0
c 289.00318 2.36997 334.0 -0.0756758 -0.15829134 0.0
c 288.86089 2.37908 334.0 -0.0756758 -0.16031103 0.0
c 288.71859 2.3882 334.0 -0.0756758 -0.16233071 0.0
c 288.5763 2.39731 334.0 -0.0756758 -0.16435039 0.0
c 288.434 2.40643 334.0 -0.0756758 -0.16637007 0.0
c 288.29171 2.41555 334.0 -0.0756758 -0.16838976 0.0
c 288.14941 2.42466 334.0 -0.0756758 -0.17040944 0.0
c 288.00712 2.43378 334.0 -0.0756758 -0.17242912 0.0
c 287.86482 2.44289 334.0 -0.0756758 -0.17444881 0.0
c 287.72253 2.45201 334.0 -0.0756758 -0.17646849 0.0
c 287.58023 2.46112 334.0 -0.0756758 -0.17848817 0.0
c 287.43793 2.47024 334.0 -0.0756758 -0.18050785 0.0
c 287.29564 2.47935 334.0 -0.0756758 -0.18252754 0.0
c 287.15334 2.48847 334.0 -0.0756758 -0.18454722 0.0
c 287.01105 2.49758 334.0 -0.0756758 -0.1865669 0.0
c 286.86875 2.5067 334.0 -0.0756758 -0.18858659 0.0
c 286.72646 2.51581 334.0 -0.0756758 -0.19060627 0.0
c 286.58416 2.52493 334.0 -0.0756758 -0.19262595 0.0
c 286.44187 2.53404 334.0 -0.0756758 -0.19464563 0.0
c 286.29957 2.54316 334.0 -0.0756758 -0.19666532 0.0
c 286.15728 2.55227 334.0 -0.0756758 -0.198685 0.0
c 286.15728 2.55227 334.0 -0.0756758 -0.198685 0.0
c 286.15728 2.75447 334.0 -0.0756758 -0.198685 0.0
c 286.15728 2.95667 334.0 -0.0756758 -0.198685 0.0
c 286.15728 3.15887 334.0 -0.0756758 -0.198685 0.0
c 286.15728 3.36106 334.0 -0.0756758 -0.198685 0.0
c 286.15728 3.56326 334.0 -0.0756758 -0.198685 0.0
c 286.15728 3.76546 334.0 -0.0756758 -0.198685 0.0
c 286.15728 3.96765 334.0 -0.0756758 -0.198685 0.0
c 286.15728 4.16985 334.0 -0.0756758 -0.198685 0.0
c 286.15728 4.37205 334.0 -0.0756758 -0.198685 0.0
c 286.15728 4.57425 334.0 -0.0756758 -0.198685 0.0
c 286.15728 4.77644 334.0 -0.0756758 -0.198685 0.0
c 286.15728 4.97864 334.0 -0.0756758 -0.198685 0.0
c 286.15728 5.18084 334.0 -0.0756758 -0.198685 0.0
c 286.15728 5.38303 334.0 -0.0756758 -0.198685 0.0
c 286.15728 5.58523 334.0 -0.0756758 -0.198685 0.0
c 286.15728 5.78743 334.0 -0.0756758 -0.198685 0.0
c 286.15728 5.98963 334.0 -0.0756758 -0.198685 0.0
c 286.15728 6.19182 334.0 -0.0756758 -0.198685 0.0
c 286.15728 6.39402 334.0 -0.0756758 -0.198685 0.0
c 286.15728 6.59622 334.0 -0.0756758 -0.198685 0.0
c 286.15728 6.79841 334.0 -0.0756758 -0.198685 0.0
c 286.15728 7.00061 334.0 -0.0756758 -0.198685 0.0
c 286.15728 7.20281 334.0 -0.0756758 -0.198685 0.0
c 286.15728 7.40501 334.0 -0.0756758 -0.198685 0.0
c 286.15728 7.6072 334.0 -0.0756758 -0.198685 0.0
c 286.15728 7.8094 334.0 -0.0756758 -0.198685 0.0
c 286.15728 8.0116 334.0 -0.0756758 -0.198685 0.0
c 286.15728 8.21379 334.0 -0.0756758 -0.198685 0.0
c 286.15728 8.41599 334.0 -0.0756758 -0.198685 0.0
c 286.15728 8.61819 334.0 -0.0756758 -0.198685 0.0
c 286.15728 8.82039 334.0 -0.0756758 -0.198685 0.0
c 286.15728 9.02258 334.0 -0.0756758 -0.198685 0.0
c 286.15728 9.22478 334.0 -0.0756758 -0.198685 0.0
c 286.15728 9.42698 334.0 -0.0756758 -0.198685 0.0
c 286.15728 9.62917 334.0 -0.0756758 -0.198685 0.0
c 286.15728 9.83137 334.0 -0.0756758 -0.198685 0.0
c 286.15728 10.03357 334.0 -0.0756758 -0.198685 0.0
c 286.15728 10.23577 334.0 -0.0756758 -0.198685 0.0
c 286.15728 10.43796 334.0 -0.0756758 -0.198685 0.0
c 286.15728 10.64016 334.0 -0.0756758 -0.198685 0.0
c 286.15728 10.84236 334.0 -0.0756758 -0.198685 0.0
c 286.15728 11.04455 334.0 -0.0756758 -0.198685 0.0
c 286.15728 11.24675 334.0 -0.0756758 -0.198685 0.0
c 286.15728 11.44895 334.0 -0.0756758 -0.198685 0.0
c 286.15728 11.65115 334.0 -0.0756758 -0.198685 0.0
c 286.15728 11.85334 334.0 -0.0756758 -0.198685 0.0
c 286.15728 12.05554 334.0 -0.0756758 -0.198685 0.0
c 286.15728 12.25774 334.0 -0.0756758 -0.198685 0.0
c 286.15728 12.45993 334.0 -0.0756758 -0.198685 0.0
c 286.15728 12.66213 334.0 -0.0756758 -0.198685 0.0
c 286.15728 12.86433 334.0 -0.0756758 -0.198685 0.0
c 286.15728 13.06653 334.0 -0.0756758 -0.198685 0.0
c 286.15728 13.26872 334.0 -0.0756758 -0.198685 0.0
c 286.15728 13.47092 334.0 -0.0756758 -0.198685 0.0
c 286.15728 13.67312 334.0 -0.0756758 -0.198685 0.0
c 286.15728 13.87532 334.0 -0.0756758 -0.198685 0.0
c 286.15728 14.07751 334.0 -0.0756758 -0.198685 0.0
c 286.15728 14.27971 334.0 -0.0756758 -0.198685 0.0
c 286.15728 14.48191 334.0 -0.0756758 -0.198685 0.0
c 286.15728 14.6841 334.0 -0.0756758 -0.198685 0.0
c 286.15728 14.8863 334.0 -0.0756758 -0.198685 0.0
c 286.15728 15.0885 334.0 -0.0756758 -0.198685 0.0
c 286.15728 15.2907 334.0 -0.0756758 -0.198685 0.0
c 286.15728 15.49289 334.0 -0.0756758 -0.198685 0.0
c 286.15728 15.69509 334.0 -0.0756758 -0.198685 0.0
c 286.15728 15.89729 334.0 -0.0756758 -0.198685 0.0
c 286.15728 16.09948 334.0 -0.0756758 -0.198685 0.0
c 286.15728 16.30168 334.0 -0.0756758 -0.198685 0.0
c 286.15728 16.50388 334.0 -0.0756758 -0.198685 0.0
c 286.15728 16.70608 334.0 -0.0756758 -0.198685 0.0
c 286.15728 16.90827 334.0 -0.0756758 -0.198685 0.0
c 286.15728 17.11047 334.0 -0.0756758 -0.198685 0.0
c 286.15728 17.31267 334.0 -0.0756758 -0.198685 0.0
c 286.15728 17.51486 334.0 -0.0756758 -0.198685 0.0
c 286.15728 17.71706 334.0 -0.0756758 -0.198685 0.0
c 286.15728 17.91926 334.0 -0.0756758 -0.198685 0.0
c 286.15728 18.12146 334.0 -0.0756758 -0.198685 0.0
c 286.15728 18.32365 334.0 -0.0756758 -0.198685 0.0
c 286.15728 18.52585 334.0 -0.0756758 -0.198685 0.0
c 286.15728 18.72805 334.0 -0.0756758 -0.198685 0.0
c 286.15728 18.93024 334.0 -0.0756758 -0.198685 0.0
c 286.15728 19.13244 334.0 -0.0756758 -0.198685 0.0
c 286.15728 19.33464 334.0 -0.0756758 -0.198685 0.0
c 286.15728 19.53684 334.0 -0.0756758 -0.198685 0.0
c 286.15728 19.73903 334.0 -0.0756758 -0.198685 0.0
c 286.15728 19.94123 334.0 -0.0756758 -0.198685 0.0
c 286.15728 20.14343 334.0 -0.0756758 -0.198685 0.0
c 286.15728 20.34562 334.0 -0.0756758 -0.198685 0.0
c 286.15728 20.54782 334.0 -0.0756758 -0.198685 0.0
c 286.15728 20.75002 334.0 -0.0756758 -0.198685 0.0
c 286.15728 20.95222 334.0 -0.0756758 -0.198685 0.0
c 286.15728 21.15441 334.0 -0.0756758 -0.198685 0.0
c 286.15728 21.35661 334.0 -0.0756758 -0.198685 0.0
c 286.15728 21.55881 334.0 -0.0756758 -0.198685 0.0
c 286.15728 21.761 334.0 -0.0756758 -0.198685 0.0
c 286.15728 21.9632 334.0 -0.0756758 -0.198685 0.0
c 286.15728 22.1654 334.0 -0.0756758 -0.198685 0.0
c 286.15728 22.3676 334.0 -0.0756758 -0.198685 0.0
c 286.15728 22.56979 334.0 -0.0756758 -0.198685 0.0
c 286.15728 22.77199 334.0 -0.0756758 -0.198685 0.0
c 286.15728 22.97419 334.0 -0.0756758 -0.198685 0.0
c 286.15728 23.17638 334.0 -0.0756758 -0.198685 0.0
c 286.15728 23.37858 334.0 -0.0756758 -0.198685 0.0
c 286.15728 23.58078 334.0 -0.0756758 -0.198685 0.0
c 286.15728 23.78298 334.0 -0.0756758 -0.198685 0.0
c 286.15728 23.98517 334.0 -0.0756758 -0.198685 0.0
c 286.15728 24.18737 334.0 -0.0756758 -0.198685 0.0
c 286.15728 24.38957 334.0 -0.0756758 -0.198685 0.0
c 286.15728 24.59176 334.0 -0.0756758 -0.198685 0.0
c 286.15728 24.79396 334.0 -0.0756758 -0.198685 0.0
c 286.15728 24.99616 334.0 -0.0756758 -0.198685 0.0
c 286.15728 25.19836 334.0 -0.0756758 -0.198685 0.0
c 286.15728 25.40055 334.0 -0.0756758 -0.198685 0.0
c 286.15728 25.60275 334.0 -0.0756758 -0.198685 0.0
c 286.15728 25.80495 334.0 -0.0756758 -0.198685 0.0
c 286.15728 26.00714 334.0 -0.0756758 -0.198685 0.0
c 286.15728 26.20934 334.0 -0.0756758 -0.198685 0.0
c 286.15728 26.41154 334.0 -0.0756758 -0.198685 0.0
c 286.15728 26.61374 334.0 -0.0756758 -0.198685 0.0
c 286.15728 26.81593 334.0 -0.0756758 -0.198685 0.0
c 286.15728 27.01813 334.0 -0.0756758 -0.198685 0.0
c 286.15728 27.22033 334.0 -0.0756758 -0.198685 0.0
c 286.15728 27.42252 334.0 -0.0756758 -0.198685 0.0
c 286.15728 27.62472 334.0 -0.0756758 -0.198685 0.0
c 286.15728 27.82692 334.0 -0.0756758 -0.198685 0.0
c 286.15728 28.02912 334.0 -0.0756758 -0.198685 0.0
c 286.15728 28.23131 334.0 -0.0756758 -0.198685 0.0
c 286.15728 28.43351 334.0 -0.0756758 -0.198685 0.0
c 286.15728 28.63571 334.0 -0.0756758 -0.198685 0.0
c 286.15728 28.83791 334.0 -0.0756758 -0.198685 0.0
c 286.15728 29.0401 334.0 -0.0756758 -0.198685 0.0
c 286.15728 29.2423 334.0 -0.0756758 -0.198685 0.0
c 286.15728 29.4445 334.0 -0.0756758 -0.198685 0.0
c 286.15728 29.64669 334.0 -0.0756758 -0.198685 0.0
c 286.15728 29.84889 334.0 -0.0756758 -0.198685 0.0
c 286.15728 30.05109 334.0 -0.0756758 -0.198685 0.0
c 286.15728 30.25329 334.0 -0.0756758 -0.198685 0.0
c 286.15728 30.45548 334.0 -0.0756758 -0.198685 0.0
c 286.15728 30.65768 334.0 -0.0756758 -0.198685 0.0
c 286.15728 30.85988 334.0 -0.0756758 -0.198685 0.0
c 286.15728 31.06207 334.0 -0.0756758 -0.198685 0.0
c 286.15728 31.26427 334.0 -0.0756758 -0.198685 0.0
c 286.15728 31.46647 334.0 -0.0756758 -0.198685 0.0
c 286.15728 31.66867 334.0 -0.0756758 -0.198685 0.0
c 286.15728 31.87086 334.0 -0.0756758 -0.198685 0.0
c 286.15728 32.07306 334.0 -0.0756758 -0.198685 0.0
c 286.15728 32.27526 334.0 -0.0756758 -0.198685 0.0
c 286.15728 32.47745 334.0 -0.0756758 -0.198685 0.0
c 286.15728 32.67965 334.0 -0.0756758 -0.198685 0.0
c 286.15728 32.88185 334.0 -0.0756758 -0.198685 0.0
c 286.15728 33.08405 334.0 -0.0756758 -0.198685 0.0
c 286.15728 33.28624 334.0 -0.0756758 -0.198685 0.0
c 286.15728 33.48844 334.0 -0.0756758 -0.198685 0.0
c 286.15728 33.69064 334.0 -0.0756758 -0.198685 0.0
c 286.15728 33.89283 334.0 -0.0756758 -0.198685 0.0
c 286.15728 34.09503 334.0 -0.0756758 -0.198685 0.0
c 286.15728 34.29723 334.0 -0.0756758 -0.198685 0.0
c 286.15728 34.49943 334.0 -0.0756758 -0.198685 0.0
c 286.15728 34.70162 334.0 -0.0756758 -0.198685 0.0
c 286.15728 34.90382 334.0 -0.0756758 -0.198685 0.0
c 286.15728 35.10602 334.0 -0.0756758 -0.198685 0.0
c 286.15728 35.30821 334.0 -0.0756758 -0.198685 0.0
c 286.15728 35.51041 334.0 -0.0756758 -0.198685 0.0
c 286.15728 35.71261 334.0 -0.0756758 -0.198685 0.0
c 286.15728 35.91481 334.0 -0.0756758 -0.198685 0.0
c 286.15728 36.117 334.0 -0.0756758 -0.198685 0.0
c 286.15728 36.3192 334.0 -0.0756758 -0.198685 0.0
c 286.15728 36.5214 334.0 -0.0756758 -0.198685 0.0
c 286.15728 36.72359 334.0 -0.0756758 -0.198685 0.0
c 286.15728 36.92579 334.0 -0.0756758 -0.198685 0.0
c 286.15728 37.12799 334.0 -0.0756758 -0.198685 0.0
c 286.15728 37.33019 334.0 -0.0756758 -0.198685 0.0
c 286.15728 37.53238 334.0 -0.0756758 -0.198685 0.0
c 286.15728 37.73458 334.0 -0.0756758 -0.198685 0.0
c 286.15728 37.93678 334.0 -0.0756758 -0.198685 0.0
c 286.15728 38.13897 334.0 -0.0756758 -0.198685 0.0
c 286.15728 38.34117 334.0 -0.0756758 -0.198685 0.0
c 286.15728 38.54337 334.0 -0.0756758 -0.198685 0.0
c 286.15728 38.74557 334.0 -0.0756758 -0.198685 0.0
c 286.15728 38.94776 334.0 -0.0756758 -0.198685 0.0
c 286.15728 39.14996 334.0 -0.0756758 -0.198685 0.0
c 286.15728 39.35216 334.0 -0.0756758 -0.198685 0.0
c 286.15728 39.55435 334.0 -0.0756758 -0.198685 0.0
c 286.15728 39.75655 334.0 -0.0756758 -0.198685 0.0
c 286.15728 39.95875 334.0 -0.0756758 -0.198685 0.0
c 286.15728 40.16095 334.0 -0.0756758 -0.198685 0.0
c 286.15728 40.36314 334.0 -0.0756758 -0.198685 0.0
c 286.15728 40.56534 334.0 -0.0756758 -0.198685 0.0
c 286.15728 40.76754 334.0 -0.0756758 -0.198685 0.0
c 286.15728 40.96973 334.0 -0.0756758 -0.198685 0.0
c 286.15728 41.17193 334.0 -0.0756758 -0.198685 0.0
c 286.15728 41.37413 334.0 -0.0756758 -0.198685 0.0
c 286.15728 41.57633 334.0 -0.0756758 -0.198685 0.0
c 286.15728 41.77852 334.0 -0.0756758 -0.198685 0.0
c 286.15728 41.98072 334.0 -0.0756758 -0.198685 0.0
c 286.15728 42.18292 334.0 -0.0756758 -0.198685 0.0
c 286.15728 42.38511 334.0 -0.0756758 -0.198685 0.0
c 286.15728 42.58731 334.0 -0.0756758 -0.198685 0.0
c 286.15728 42.78951 334.0 -0.0756758 -0.198685 0.0
c 286.15728 42.99171 334.0 -0.0756758 -0.198685 0.0
c 286.15728 43.1939 334.0 -0.0756758 -0.198685 0.0
c 286.15728 43.3961 334.0 -0.0756758 -0.198685 0.0
c 286.15728 43.5983 334.0 -0.0756758 -0.198685 0.0
c 286.15728 43.8005 334.0 -0.0756758 -0.198685 0.0
c 286.15728 44.00269 334.0 -0.0756758 -0.198685 0.0
c 286.15728 44.20489 334.0 -0.0756758 -0.198685 0.0
c 286.15728 44.40709 334.0 -0.0756758 -0.198685 0.0
c 286.15728 44.60928 334.0 -0.0756758 -0.198685 0.0
c 286.15728 44.81148 334.0 -0.0756758 -0.198685 0.0
c 286.15728 45.01368 334.0 -0.0756758 -0.198685 0.0
c 286.15728 45.21588 334.0 -0.0756758 -0.198685 0.0
c 286.15728 45.41807 334.0 -0.0756758 -0.198685 0.0
c 286.15728 45.62027 334.0 -0.0756758 -0.198685 0.0
c 286.15728 45.82247 334.0 -0.0756758 -0.198685 0.0
c 286.15728 46.02466 334.0 -0.0756758 -0.198685 0.0
c 286.15728 46.22686 334.0 -0.0756758 -0.198685 0.0
c 286.15728 46.42906 334.0 -0.0756758 -0.198685 0.0
c 286.15728 46.63126 334.0 -0.0756758 -0.198685 0.0
c 286.15728 46.83345 334.0 -0.0756758 -0.198685 0.0
c 286.15728 47.03565 334.0 -0.0756758 -0.198685 0.0
c 286.15728 47.23785 334.0 -0.0756758 -0.198685 0.0
c 286.15728 47.44004 334.0 -0.0756758 -0.198685 0.0
c 286.15728 47.64224 334.0 -0.0756758 -0.198685 0.0
c 286.15728 47.84444 334.0 -0.0756758 -0.198685 0.0
c 286.15728 48.04664 334.0 -0.0756758 -0.198685 0.0
c 286.15728 48.24883 334.0 -0.0756758 -0.198685 0.0
c 286.15728 48.45103 334.0 -0.0756758 -0.198685 0.0
c 286.15728 48.65323 334.0 -0.0756758 -0.198685 0.0
c 286.15728 48.85542 334.0 -0.0756758 -0.198685 0.0
c 286.15728 49.05762 334.0 -0.0756758 -0.198685 0.0
c 286.15728 49.25982 334.0 -0.0756758 -0.198685 0.0
c 286.15728 49.46202 334.0 -0.0756758 -0.198685 0.0
c 286.15728 49.66421 334.0 -0.0756758 -0.198685 0.0
c 286.15728 49.86641 334.0 -0.0756758 -0.198685 0.0
c 286.15728 50.06861 334.0 -0.0756758 -0.198685 0.0
c 286.15728 50.2708 334.0 -0.0756758 -0.198685 0.0
c 286.15728 50.473 334.0 -0.0756758 -0.198685 0.0
c 286.15728 50.6752 334.0 -0.0756758 -0.198685 0.0
c 286.15728 50.8774 334.0 -0.0756758 -0.198685 0.0
c 286.15728 51.07959 334.0 -0.0756758 -0.198685 0.0
c 286.15728 51.28179 334.0 -0.0756758 -0.198685 0.0
c 286.15728 51.48399 334.0 -0.0756758 -0.198685 0.0
c 286.15728 51.68618 334.0 -0.0756758 -0.198685 0.0
c 286.15728 51.88838 334.0 -0.0756758 -0.198685 0.0
c 286.15728 52.09058 334.0 -0.0756758 -0.198685 0.0
c 286.15728 52.29278 334.0 -0.0756758 -0.198685 0.0
c 286.15728 52.49497 334.0 -0.0756758 -0.198685 0.0
c 286.15728 52.69717 334.0 -0.0756758 -0.198685 0.0
c 286.15728 52.89937 334.0 -0.0756758 -0.198685 0.0
c 286.15728 53.10156 334.0 -0.0756758 -0.198685 0.0
c 286.15728 53.30376 334.0 -0.0756758 -0.198685 0.0
c 286.15728 53.50596 334.0 -0.0756758 -0.198685 0.0
c 286.15728 53.70816 334.0 -0.0756758 -0.198685 0.0
c 286.15728 53.91035 334.0 -0.0756758 -0.198685 0.0
c 286.15728 54.11255 334.0 -0.0756758 -0.198685 0.0
c 286.15728 54.31475 334.0 -0.0756758 -0.198685 0.0
c 286.15728 54.51694 334.0 -0.0756758 -0.198685 0.0
c 286.15728 54.71914 334.0 -0.0756758 -0.198685 0.0
c 286.15728 54.92134 334.0 -0.0756758 -0.198685 0.0
c 286.15728 55.12354 334.0 -0.0756758 -0.198685 0.0
c 286.15728 55.32573 334.0 -0.0756758 -0.198685 0.0
c 286.15728 55.52793 334.0 -0.0756758 -0.198685 0.0
c 286.15728 55.73013 334.0 -0.0756758 -0.198685 0.0
c 286.15728 55.93232 334.0 -0.0756758 -0.198685 0.0
c 286.15728 56.13452 334.0 -0.0756758 -0.198685 0.0
c 286.15728 56.33672 334.0 -0.0756758 -0.198685 0.0
c 286.15728 56.53892 334.0 -0.0756758 -0.198685 0.0
c 286.15728 56.74111 334.0 -0.0756758 -0.198685 0.0
c 286.15728 56.94331 334.0 -0.0756758 -0.198685 0.0
c 286.15728 57.14551 334.0 -0.0756758 -0.198685 0.0
c 286.15728 57.3477 334.0 -0.0756758 -0.198685 0.0
c 286.15728 57.5499 334.0 -0.0756758 -0.198685 0.0
c 286.15728 57.7521 334.0 -0.0756758 -0.198685 0.0
c 286.15728 57.9543 334.0 -0.0756758 -0.198685 0.0
c 286.15728 58.15649 334.0 -0.0756758 -0.198685 0.0
c 286.15728 58.35869 334.0 -0.0756758 -0.198685 0.0
c 286.15728 58.56089 334.0 -0.0756758 -0.198685 0.0
c 286.15728 58.76309 334.0 -0.0756758 -0.198685 0.0
c 286.15728 58.96528 334.0 -0.0756758 -0.198685 0.0
c 286.15728 59.16748 334.0 -0.0756758 -0.198685 0.0
c 286.15728 59.36968 334.0 -0.0756758 -0.198685 0.0
c 286.15728 59.57187 334.0 -0.0756758 -0.198685 0.0
c 286.15728 59.77407 334.0 -0.0756758 -0.198685 0.0
c 286.15728 59.97627 334.0 -0.0756758 -0.198685 0.0
c 286.15728 60.17847 334.0 -0.0756758 -0.198685 0.0
c 286.15728 60.38066 334.0 -0.0756758 -0.198685 0.0
c 286.15728 60.58286 334.0 -0.0756758 -0.198685 0.0
c 286.15728 60.78506 334.0 -0.0756758 -0.198685 0.0
c 286.15728 60.98725 334.0 -0.0756758 -0.198685 0.0
c 286.15728 61.18945 334.0 -0.0756758 -0.198685 0.0
c 286.15728 61.39165 334.0 -0.0756758 -0.198685 0.0
c 286.15728 61.59385 334.0 -0.0756758 -0.198685 0.0
c 286.15728 61.79604 334.0 -0.0756758 -0.198685 0.0
c 286.15728 61.99824 334.0 -0.0756758 -0.198685 0.0
c 286.15728 62.20044 334.0 -0.0756758 -0.198685 0.0
c 286.15728 62.40263 334.0 -0.0756758 -0.198685 0.0
c 286.15728 62.60483 334.0 -0.0756758 -0.198685 0.0
c 286.15728 62.80703 334.0 -0.0756758 -0.198685 0.0
c 286.15728 63.00923 334.0 -0.0756758 -0.198685 0.0
c 286.15728 63.21142 334.0 -0.0756758 -0.198685 0.0
c 286.15728 63.41362 334.0 -0.0756758 -0.198685 0.0
c 286.15728 63.61582 334.0 -0.0756758 -0.198685 0.0
c 286.15728 63.81801 334.0 -0.0756758 -0.198685 0.0
c 286.15728 64.02021 334.0 -0.0756758 -0.198685 0.0
c 286.15728 64.22241 334.0 -0.0756758 -0.198685 0.0
c 286.15728 64.42461 334.0 -0.0756758 -0.198685 0.0
c 286.15728 64.6268 334.0 -0.0756758 -0.198685 0.0
c 286.15728 64.829 334.0 -0.0756758 -0.198685 0.0
c 286.15728 65.0312 334.0 -0.0756758 -0.198685 0.0
c 286.15728 65.23339 334.0 -0.0756758 -0.198685 0.0
c 286.15728 65.43559 334.0 -0.0756758 -0.198685 0.0
c 286.15728 65.63779 334.0 -0.0756758 -0.198685 0.0
c 286.15728 65.83999 334.0 -0.0756758 -0.198685 0.0
c 286.15728 66.04218 334.0 -0.0756758 -0.198685 0.0
c 286.15728 66.24438 334.0 -0.0756758 -0.198685 0.0
c 286.15728 66.44658 334.0 -0.0756758 -0.198685 0.0
c 286.15728 66.64877 334.0 -0.0756758 -0.198685 0.0
c 286.15728 66.85097 334.0 -0.0756758 -0.198685 0.0
c 286.15728 67.05317 334.0 -0.0756758 -0.198685 0.0
c 286.15728 67.25537 334.0 -0.0756758 -0.198685 0.0
c 286.15728 67.45756 334.0 -0.0756758 -0.198685 0.0
c 286.15728 67.65976 334.0 -0.0756758 -0.198685 0.0
c 286.15728 67.86196 334.0 -0.0756758 -0.198685 0.0
c 286.15728 68.06415 334.0 -0.0756758 -0.198685 0.0
c 286.15728 68.26635 334.0 -0.0756758 -0.198685 0.0
c 286.15728 68.46855 334.0 -0.0756758 -0.198685 0.0
c 286.15728 68.67075 334.0 -0.0756758 -0.198685 0.0
c 286.15728 68.87294 334.0 -0.0756758 -0.198685 0.0
c 286.15728 69.07514 334.0 -0.0756758 -0.198685 0.0
c 286.15728 69.27734 334.0 -0.0756758 -0.198685 0.0
c 286.15728 69.47953 334.0 -0.0756758 -0.198685 0.0
c 286.15728 69.68173 334.0 -0.0756758 -0.198685 0.0
c 286.15728 69.88393 334.0 -0.0756758 -0.198685 0.0
c 286.15728 70.08613 334.0 -0.0756758 -0.198685 0.0
c 286.15728 70.28832 334.0 -0.0756758 -0.198685 0.0
c 286.15728 70.49052 334.0 -0.0756758 -0.198685 0.0
c 286.15728 70.69272 334.0 -0.0756758 -0.198685 0.0
c 286.15728 70.89491 334.0 -0.0756758 -0.198685 0.0
c 286.15728 71.09711 334.0 -0.0756758 -0.198685 0.0
c 286.15728 71.29931 334.0 -0.0756758 -0.198685 0.0
c 286.15728 71.50151 334.0 -0.0756758 -0.198685 0.0
c 286.15728 71.7037 334.0 -0.0756758 -0.198685 0.0
c 286.15728 71.9059 334.0 -0.0756758 -0.198685 0.0
c 286.15728 72.1081 334.0 -0.0756758 -0.198685 0.0
c 286.15728 72.3103 334.0 -0.0756758 -0.198685 0.0
c 286.15728 72.51249 334.0 -0.0756758 -0.198685 0.0
c 286.15728 72.71469 334.0 -0.0756758 -0.198685 0.0
c 286.15728 72.91689 334.0 -0.0756758 -0.198685 0.0
c 286.15728 73.11908 334.0 -0.0756758 -0.198685 0.0
c 286.15728 73.32128 334.0 -0.0756758 -0.198685 0.0
c 286.15728 73.52348 334.0 -0.0756758 -0.198685 0.0
c 286.15728 73.72568 334.0 -0.0756758 -0.198685 0.0
c 286.15728 73.92787 334.0 -0.0756758 -0.198685 0.0
c 286.15728 74.13007 334.0 -0.0756758 -0.198685 0.0
c 286.15728 74.33227 334.0 -0.0756758 -0.198685 0.0
c 286.15728 74.53446 334.0 -0.0756758 -0.198685 0.0
c 286.15728 74.73666 334.0 -0.0756758 -0.198685 0.0
c 286.15728 74.93886 334.0 -0.0756758 -0.198685 0.0
c 286.15728 75.14106 334.0 -0.0756758 -0.198685 0.0
c 286.15728 75.34325 334.0 -0.0756758 -0.198685 0.0
c 286.15728 75.54545 334.0 -0.0756758 -0.198685 0.0
c 286.15728 75.74765 334.0 -0.0756758 -0.198685 0.0
c 286.15728 75.94984 334.0 -0.0756758 -0.198685 0.0
c 286.15728 76.15204 334.0 -0.0756758 -0.198685 0.0
c 286.15728 76.35424 334.0 -0.0756758 -0.198685 0.0
c 286.15728 76.55644 334.0 -0.0756758 -0.198685 0.0
c 286.15728 76.75863 334.0 -0.0756758 -0.198685 0.0
c 286.15728 76.96083 334.0 -0.0756758 -0.198685 0.0
c 286.15728 77.16303 334.0 -0.0756758 -0.198685 0.0
c 286.15728 77.36522 334.0 -0.0756758 -0.198685 0.0
c 286.15728 77.56742 334.0 -0.0756758 -0.198685 0.0
c 286.15728 77.76962 334.0 -0.0756758 -0.198685 0.0
c 286.15728 77.97182 334.0 -0.0756758 -0.198685 0.0
c 286.15728 78.17401 334.0 -0.0756758 -0.198685 0.0
c 286.15728 78.37621 334.0 -0.0756758 -0.198685 0.0
c 286.15728 78.57841 334.0 -0.0756758 -0.198685 0.0
c 286.15728 78.7806 334.0 -0.0756758 -0.198685 0.0
c 286.15728 78.9828 334.0 -0.0756758 -0.198685 0.0
c 286.15728 79.185 334.0 -0.0756758 -0.198685 0.0
c 286.15728 79.3872 334.0 -0.0756758 -0.198685 0.0
c 286.15728 79.58939 334.0 -0.0756758 -0.198685 0.0
c 286.15728 79.79159 334.0 -0.0756758 -0.198685 0.0
c 286.15728 79.99379 334.0 -0.0756758 -0.198685 0.0
c 286.15728 80.19598 334.0 -0.0756758 -0.198685 0.0
c 286.15728 80.39818 334.0 -0.0756758 -0.198685 0.0
c 286.15728 80.60038 334.0 -0.0756758 -0.198685 0.0
c 286.15728 80.80258 334.0 -0.0756758 -0.198685 0.0
c 286.15728 81.00477 334.0 -0.0756758 -0.198685 0.0
c 286.15728 81.20697 334.0 -0.0756758 -0.198685 0.0
c 286.15728 81.40917 334.0 -0.0756758 -0.198685 0.0
c 286.15728 81.61136 334.0 -0.0756758 -0.198685 0.0
c 286.15728 81.81356 334.0 -0.0756758 -0.198685 0.0
c 286.15728 82.01576 334.0 -0.0756758 -0.198685 0.0
c 286.15728 82.21796 334.0 -0.0756758 -0.198685 0.0
c 286.15728 82.42015 334.0 -0.0756758 -0.198685 0.0
c 286.15728 82.62235 334.0 -0.0756758 -0.198685 0.0
c 286.15728 82.82455 334.0 -0.0756758 -0.198685 0.0
c 286.15728 83.02674 334.0 -0.0756758 -0.198685 0.0
c 286.15728 83.22894 334.0 -0.0756758 -0.198685 0.0
c 286.15728 83.43114 334.0 -0.0756758 -0.198685 0.0
c 286.15728 83.63334 334.0 -0.0756758 -0.198685 0.0
c 286.15728 83.83553 334.0 -0.0756758 -0.198685 0.0
c 286.15728 84.03773 334.0 -0.0756758 -0.198685 0.0
c 286.15728 84.23993 334.0 -0.0756758 -0.198685 0.0
c 286.15728 84.44212 334.0 -0.0756758 -0.198685 0.0
c 286.15728 84.64432 334.0 -0.0756758 -0.198685 0.0
c 286.15728 84.84652 334.0 -0.0756758 -0.198685 0.0
c 286.15728 85.04872 334.0 -0.0756758 -0.198685 0.0
c 286.15728 85.25091 334.0 -0.0756758 -0.198685 0.0
c 286.15728 85.45311 334.0 -0.0756758 -0.198685 0.0
c 286.15728 85.65531 334.0 -0.0756758 -0.198685 0.0
c 286.15728 85.8575 334.0 -0.0756758 -0.198685 0.0
c 286.15728 86.0597 334.0 -0.0756758 -0.198685 0.0
c 286.15728 86.2619 334.0 -0.0756758 -0.198685 0.0
c 286.15728 86.4641 334.0 -0.0756758 -0.198685 0.0
c 286.15728 86.66629 334.0 -0.0756758 -0.198685 0.0
c 286.15728 86.86849 334.0 -0.0756758 -0.198685 0.0
c 286.15728 87.07069 334.0 -0.0756758 -0.198685 0.0
c 286.15728 87.27289 334.0 -0.0756758 -0.198685 0.0
c 286.15728 87.47508 334.0 -0.0756758 -0.198685 0.0
c 286.15728 87.67728 334.0 -0.0756758 -0.198685 0.0
c 286.15728 87.87948 334.0 -0.0756758 -0.198685 0.0
c 286.15728 88.08167 334.0 -0.0756758 -0.198685 0.0
c 286.15728 88.28387 334.0 -0.0756758 -0.198685 0.0
c 286.15728 88.48607 334.0 -0.0756758 -0.198685 0.0
c 286.15728 88.48607 334.0 -0.0756758 -0.198685 0.0
c 286.01233 88.48607 334.13844 -0.0756758 -0.19890994 0.0
c 285.86739 88.48607 334.27687 -0.0756758 -0.19913488 0.0
c 285.72245 88.48607 334.41531 -0.0756758 -0.19935982 0.0
c 285.57751 88.48607 334.55375 -0.0756758 -0.19958476 0.0
c 285.43256 88.48607 334.69218 -0.0756758 -0.19980969 0.0
c 285.28762 88.48607 334.83062 -0.0756758 -0.20003463 0.0
c 285.14268 88.48607 334.96905 -0.0756758 -0.20025957 0.0
c 284.99774 88.48607 335.10749 -0.0756758 -0.20048451 0.0
c 284.85279 88.48607 335.24593 -0.0756758 -0.20070945 0.0
c 284.70785 88.48607 335.38436 -0.0756758 -0.20093439 0.0
c 284.56291 88.48607 335.5228 -0.0756758 -0.20115933 0.0
c 284.41797 88.48607 335.66124 -0.0756758 -0.20138427 0.0
c 284.27303 88.48607 335.79967 -0.0756758 -0.20160921 0.0
c 284.12808 88.48607 335.93811 -0.0756758 -0.20183414 0.0
c 283.98314 88.48607 336.07655 -0.0756758 -0.20205908 0.0
c 283.8382 88.48607 336.21498 -0.0756758 -0.20228402 0.0
c 283.69326 88.48607 336.35342 -0.0756758 -0.20250896 0.0
c 283.54831 88.48607 336.49186 -0.0756758 -0.2027339 0.0
c 283.40337 88.48607 336.63029 -0.0756758 -0.20295884 0.0
c 283.25843 88.48607 336.76873 -0.0756758 -0.20318378 0.0
c 283.11349 88.48607 336.90716 -0.0756758 -0.20340872 0.0
c 282.96854 88.48607 337.0456 -0.0756758 -0.20363366 0.0
c 282.8236 88.48607 337.18404 -0.0756758 -0.20385859 0.0
c 282.67866 88.48607 337.32247 -0.0756758 -0.20408353 0.0
c 282.53372 88.48607 337.46091 -0.0756758 -0.20430847 0.0
c 282.38877 88.48607 337.59935 -0.0756758 -0.20453341 0.0
c 282.24383 88.48607 337.73778 -0.0756758 -0.20475835 0.0
c 282.09889 88.48607 337.87622 -0.0756758 -0.20498329 0.0
c 281.95395 88.48607 338.01466 -0.0756758 -0.20520823 0.0
c 281.80901 88.48607 338.15309 -0.0756758 -0.20543317 0.0
c 281.66406 88.48607 338.29153 -0.0756758 -0.20565811 0.0
c 281.51912 88.48607 338.42997 -0.0756758 -0.20588305 0.0
c 281.37418 88.48607 338.5684 -0.0756758 -0.20610798 0.0
c 281.22924 88.48607 338.70684 -0.0756758 -0.20633292 0.0
c 281.08429 88.48607 338.84527 -0.0756758 -0.20655786 0.0
c 280.93935 88.48607 338.98371 -0.0756758 -0.2067828 0.0
c 280.79441 88.48607 339.12215 -0.0756758 -0.20700774 0.0
c 280.64947 88.48607 339.26058 -0.0756758 -0.20723268 0.0
c 280.50452 88.48607 339.39902 -0.0756758 -0.20745762 0.0
c 280.35958 88.48607 339.53746 -0.0756758 -0.20768256 0.0
c 280.21464 88.48607 339.67589 -0.0756758 -0.2079075 0.0
c 280.0697 88.48607 339.81433 -0.0756758 -0.20813243 0.0
c 279.92476 88.48607 339.95277 -0.0756758 -0.20835737 0.0
c 279.77981 88.48607 340.0912 -0.0756758 -0.20858231 0.0
c 279.63487 88.48607 340.22964 -0.0756758 -0.20880725 0.0
c 279.48993 88.48607 340.36807 -0.0756758 -0.20903219 0.0
c 279.34499 88.48607 340.50651 -0.0756758 -0.20925713 0.0
c 279.20004 88.48607 340.64495 -0.0756758 -0.20948207 0.0
c 279.0551 88.48607 340.78338 -0.0756758 -0.20970701 0.0
c 278.91016 88.48607 340.92182 -0.0756758 -0.20993195 0.0
c 278.76522 88.48607 341.06026 -0.0756758 -0.21015688 0.0
c 278.62027 88.48607 341.19869 -0.0756758 -0.21038182 0.0
c 278.47533 88.48607 341.33713 -0.0756758 -0.21060676 0.0
c 278.33039 88.48607 341.47557 -0.0756758 -0.2108317 0.0
c 278.18545 88.48607 341.614 -0.0756758 -0.21105664 0.0
c 278.0405 88.48607 341.75244 -0.0756758 -0.21128158 0.0
c 277.89556 88.48607 341.89088 -0.0756758 -0.21150652 0.0
c 277.75062 88.48607 342.02931 -0.0756758 -0.21173146 0.0
c 277.60568 88.48607 342.16775 -0.0756758 -0.2119564 0.0
c 277.46074 88.48607 342.30618 -0.0756758 -0.21218133 0.0
c 277.31579 88.48607 342.44462 -0.0756758 -0.21240627 0.0
c 277.17085 88.48607 342.58306 -0.0756758 -0.21263121 0.0
c 277.02591 88.48607 342.72149 -0.0756758 -0.21285615 0.0
c 276.88097 88.48607 342.85993 -0.0756758 -0.21308109 0.0
c 276.73602 88.48607 342.99837 -0.0756758 -0.21330603 0.0
c 276.59108 88.48607 343.1368 -0.0756758 -0.21353097 0.0
c 276.44614 88.48607 343.27524 -0.0756758 -0.21375591 0.0
c 276.3012 88.48607 343.41368 -0.0756758 -0.21398085 0.0
c 276.15625 88.48607 343.55211 -0.0756758 -0.21420578 0.0
c 276.01131 88.48607 343.69055 -0.0756758 -0.21443072 0.0
c 275.86637 88.48607 343.82898 -0.0756758 -0.21465566 0.0
c 275.72143 88.48607 343.96742 -0.0756758 -0.2148806 0.0
c 275.57648 88.48607 344.10586 -0.0756758 -0.21510554 0.0
c 275.43154 88.48607 344.24429 -0.0756758 -0.21533048 0.0
c 275.2866 88.48607 344.38273 -0.0756758 -0.21555542 0.0
c 275.14166 88.48607 344.52117 -0.0756758 -0.21578036 0.0
c 274.99672 88.48607 344.6596 -0.0756758 -0.2160053 0.0
c 274.85177 88.48607 344.79804 -0.0756758 -0.21623023 0.0
c 274.70683 88.48607 344.93648 -0.0756758 -0.21645517 0.0
c 274.56189 88.48607 345.07491 -0.0756758 -0.21668011 0.0
c 274.41695 88.48607 345.21335 -0.0756758 -0.21690505 0.0
c 274.272 88.48607 345.35179 -0.0756758 -0.21712999 0.0
c 274.12706 88.48607 345.49022 -0.0756758 -0.21735493 0.0
c 273.98212 88.48607 345.62866 -0.0756758 -0.21757987 0.0
c 273.83718 88.48607 345.76709 -0.0756758 -0.21780481 0.0
c 273.69223 88.48607 345.90553 -0.0756758 -0.21802975 0.0
c 273.54729 88.48607 346.04397 -0.0756758 -0.21825468 0.0
c 273.40235 88.48607 346.1824 -0.0756758 -0.21847962 0.0
c 273.25741 88.48607 346.32084 -0.0756758 -0.21870456 0.0
c 273.11246 88.48607 346.45928 -0.0756758 -0.2189295 0.0
c 272.96752 88.48607 346.59771 -0.0756758 -0.21915444 0.0
c 272.82258 88.48607 346.73615 -0.0756758 -0.21937938 0.0
c 272.67764 88.48607 346.87459 -0.0756758 -0.21960432 0.0
c 272.5327 88.48607 347.01302 -0.0756758 -0.21982926 0.0
c 272.38775 88.48607 347.15146 -0.0756758 -0.2200542 0.0
c 272.24281 88.48607 347.2899 -0.0756758 -0.22027914 0.0
c 272.09787 88.48607 347.42833 -0.0756758 -0.22050407 0.0
c 271.95293 88.48607 347.56677 -0.0756758 -0.22072901 0.0
c 271.80798 88.48607 347.7052 -0.0756758 -0.22095395 0.0
c 271.66304 88.48607 347.84364 -0.0756758 -0.22117889 0.0
c 271.5181 88.48607 347.98208 -0.0756758 -0.22140383 0.0
c 271.37316 88.48607 348.12051 -0.0756758 -0.22162877 0.0
c 271.22821 88.48607 348.25895 -0.0756758 -0.22185371 0.0
c 271.08327 88.48607 348.39739 -0.0756758 -0.22207865 0.0
c 270.93833 88.48607 348.53582 -0.0756758 -0.22230359 0.0
c 270.79339 88.48607 348.67426 -0.0756758 -0.22252852 0.0
c 270.64844 88.48607 348.8127 -0.0756758 -0.22275346 0.0
c 270.5035 88.48607 348.95113 -0.0756758 -0.2229784 0.0
c 270.35856 88.48607 349.08957 -0.0756758 -0.22320334 0.0
c 270.21362 88.48607 349.228 -0.0756758 -0.22342828 0.0
c 270.06868 88.48607 349.36644 -0.0756758 -0.22365322 0.0
c 269.92373 88.48607 349.50488 -0.0756758 -0.22387816 0.0
c 269.77879 88.48607 349.64331 -0.0756758 -0.2241031 0.0
c 269.63385 88.48607 349.78175 -0.0756758 -0.22432804 0.0
c 269.48891 88.48607 349.92019 -0.0756758 -0.22455297 0.0
c 269.34396 88.48607 350.05862 -0.0756758 -0.22477791 0.0
c 269.19902 88.48607 350.19706 -0.0756758 -0.22500285 0.0
c 269.05408 88.48607 350.3355 -0.0756758 -0.22522779 0.0
c 268.90914 88.48607 350.47393 -0.0756758 -0.22545273 0.0
c 268.76419 88.48607 350.61237 -0.0756758 -0.22567767 0.0
c 268.61925 88.48607 350.75081 -0.0756758 -0.22590261 0.0
c 268.47431 88.48607 350.88924 -0.0756758 -0.22612755 0.0
c 268.32937 88.48607 351.02768 -0.0756758 -0.22635249 0.0
c 268.18442 88.48607 351.16611 -0.0756758 -0.22657742 0.0
c 268.03948 88.48607 351.30455 -0.0756758 -0.22680236 0.0
c 267.89454 88.48607 351.44299 -0.0756758 -0.2270273 0.0
c 267.7496 88.48607 351.58142 -0.0756758 -0.22725224 0.0
c 267.60466 88.48607 351.71986 -0.0756758 -0.22747718 0.0
c 267.45971 88.48607 351.8583 -0.0756758 -0.22770212 0.0
c 267.31477 88.48607 351.99673 -0.0756758 -0.22792706 0.0
c 267.16983 88.48607 352.13517 -0.0756758 -0.228152 0.0
c 267.02489 88.48607 352.27361 -0.0756758 -0.22837694 0.0
c 266.87994 88.48607 352.41204 -0.0756758 -0.22860187 0.0
c 266.735 88.48607 352.55048 -0.0756758 -0.22882681 0.0
c 266.59006 88.48607 352.68891 -0.0756758 -0.22905175 0.0
c 266.44512 88.48607 352.82735 -0.0756758 -0.22927669 0.0
c 266.30017 88.48607 352.96579 -0.0756758 -0.22950163 0.0
c 266.15523 88.48607 353.10422 -0.0756758 -0.22972657 0.0
c 266.01029 88.48607 353.24266 -0.0756758 -0.22995151 0.0
c 265.86535 88.48607 353.3811 -0.0756758 -0.23017645 0.0
c 265.7204 88.48607 353.51953 -0.0756758 -0.23040139 0.0
c 265.57546 88.48607 353.65797 -0.0756758 -0.23062632 0.0
c 265.43052 88.48607 353.79641 -0.0756758 -0.23085126 0.0
c 265.28558 88.48607 353.93484 -0.0756758 -0.2310762 0.0
c 265.14064 88.48607 354.07328 -0.0756758 -0.23130114 0.0
c 264.99569 88.48607 354.21172 -0.0756758 -0.23152608 0.0
c 264.85075 88.48607 354.35015 -0.0756758 -0.23175102 0.0
c 264.70581 88.48607 354.48859 -0.0756758 -0.23197596 0.0
c 264.56087 88.48607 354.62702 -0.0756758 -0.2322009 0.0
c 264.41592 88.48607 354.76546 -0.0756758 -0.23242584 0.0
c 264.27098 88.48607 354.9039 -0.0756758 -0.23265078 0.0
c 264.12604 88.48607 355.04233 -0.0756758 -0.23287571 0.0
c 263.9811 88.48607 355.18077 -0.0756758 -0.23310065 0.0
c 263.83615 88.48607 355.31921 -0.0756758 -0.23332559 0.0
c 263.69121 88.48607 355.45764 -0.0756758 -0.23355053 0.0
c 263.54627 88.48607 355.59608 -0.0756758 -0.23377547 0.0
c 263.40133 88.48607 355.73452 -0.0756758 -0.23400041 0.0
c 263.25639 88.48607 355.87295 -0.0756758 -0.23422535 0.0
c 263.11144 88.48607 356.01139 -0.0756758 -0.23445029 0.0
c 262.9665 88.48607 356.14983 -0.0756758 -0.23467523 0.0
c 262.82156 88.48607 356.28826 -0.0756758 -0.23490016 0.0
c 262.67662 88.48607 356.4267 -0.0756758 -0.2351251 0.0
c 262.53167 88.48607 356.56513 -0.0756758 -0.23535004 0.0
c 262.38673 88.48607 356.70357 -0.0756758 -0.23557498 0.0
c 262.24179 88.48607 356.84201 -0.0756758 -0.23579992 0.0
c 262.09685 88.48607 356.98044 -0.0756758 -0.23602486 0.0
c 261.9519 88.48607 357.11888 -0.0756758 -0.2362498 0.0
c 261.80696 88.48607 357.25732 -0.0756758 -0.23647474 0.0
c 261.66202 88.48607 357.39575 -0.0756758 -0.23669968 0.0
c 261.51708 88.48607 357.53419 -0.0756758 -0.23692461 0.0
c 261.37213 88.48607 357.67263 -0.0756758 -0.23714955 0.0
c 261.22719 88.48607 357.81106 -0.0756758 -0.23737449 0.0
c 261.08225 88.48607 357.9495 -0.0756758 -0.23759943 0.0
c 260.93731 88.48607 358.08793 -0.0756758 -0.23782437 0.0
c 260.79237 88.48607 358.22637 -0.0756758 -0.23804931 0.0
c 260.64742 88.48607 358.36481 -0.0756758 -0.23827425 0.0
c 260.50248 88.48607 358.50324 -0.0756758 -0.23849919 0.0
c 260.35754 88.48607 358.64168 -0.0756758 -0.23872413 0.0
c 260.2126 88.48607 358.78012 -0.0756758 -0.23894906 0.0
c 260.06765 88.48607 358.91855 -0.0756758 -0.239174 0.0
c 259.92271 88.48607 359.05699 -0.0756758 -0.23939894 0.0
c 259.77777 88.48607 359.19543 -0.0756758 -0.23962388 0.0
c 259.63283 88.48607 359.33386 -0.0756758 -0.23984882 0.0
c 259.48788 88.48607 359.4723 -0.0756758 -0.24007376 0.0
c 259.34294 88.48607 359.61074 -0.0756758 -0.2402987 0.0
c 259.198 88.48607 359.74917 -0.0756758 -0.24052364 0.0
c 259.05306 88.48607 359.88761 -0.0756758 -0.24074858 0.0
c 258.90811 88.48607 360.02604 -0.0756758 -0.24097351 0.0
c 258.76317 88.48607 360.16448 -0.0756758 -0.24119845 0.0
c 258.61823 88.48607 360.30292 -0.0756758 -0.24142339 0.0
c 258.47329 88.48607 360.44135 -0.0756758 -0.24164833 0.0
c 258.32835 88.48607 360.57979 -0.0756758 -0.24187327 0.0
c 258.1834 88.48607 360.71823 -0.0756758 -0.24209821 0.0
c 258.03846 88.48607 360.85666 -0.0756758 -0.24232315 0.0
c 257.89352 88.48607 360.9951 -0.0756758 -0.24254809 0.0
c 257.74858 88.48607 361.13354 -0.0756758 -0.24277303 0.0
c 257.60363 88.48607 361.27197 -0.0756758 -0.24299796 0.0
c 257.45869 88.48607 361.41041 -0.0756758 -0.2432229 0.0
c 257.31375 88.48607 361.54884 -0.0756758 -0.24344784 0.0
c 257.16881 88.48607 361.68728 -0.0756758 -0.24367278 0.0
c 257.02386 88.48607 361.82572 -0.0756758 -0.24389772 0.0
c 256.87892 88.48607 361.96415 -0.0756758 -0.24412266 0.0
c 256.73398 88.48607 362.10259 -0.0756758 -0.2443476 0.0
c 256.58904 88.48607 362.24103 -0.0756758 -0.24457254 0.0
c 256.44409 88.48607 362.37946 -0.0756758 -0.24479748 0.0
c 256.29915 88.48607 362.5179 -0.0756758 -0.24502241 0.0
c 256.15421 88.48607 362.65634 -0.0756758 -0.24524735 0.0
c 256.00927 88.48607 362.79477 -0.0756758 -0.24547229 0.0
c 255.86433 88.48607 362.93321 -0.0756758 -0.24569723 0.0
c 255.71938 88.48607 363.07165 -0.0756758 -0.24592217 0.0
c 255.57444 88.48607 363.21008 -0.0756758 -0.24614711 0.0
c 255.4295 88.48607 363.34852 -0.0756758 -0.24637205 0.0
c 255.28456 88.48607 363.48695 -0.0756758 -0.24659699 0.0
c 255.13961 88.48607 363.62539 -0.0756758 -0.24682193 0.0
c 254.99467 88.48607 363.76383 -0.0756758 -0.24704687 0.0
c 254.84973 88.48607 363.90226 -0.0756758 -0.2472718 0.0
c 254.70479 88.48607 364.0407 -0.0756758 -0.24749674 0.0
c 254.55984 88.48607 364.17914 -0.0756758 -0.24772168 0.0
c 254.4149 88.48607 364.31757 -0.0756758 -0.24794662 0.0
c 254.26996 88.48607 364.45601 -0.0756758 -0.24817156 0.0
c 254.12502 88.48607 364.59445 -0.0756758 -0.2483965 0.0
c 253.98007 88.48607 364.73288 -0.0756758 -0.24862144 0.0
c 253.83513 88.48607 364.87132 -0.0756758 -0.24884638 0.0
c 253.69019 88.48607 365.00976 -0.0756758 -0.24907132 0.0
c 253.54525 88.48607 365.14819 -0.0756758 -0.24929625 0.0
c 253.40031 88.48607 365.28663 -0.0756758 -0.24952119 0.0
c 253.25536 88.48607 365.42506 -0.0756758 -0.24974613 0.0
c 253.11042 88.48607 365.5635 -0.0756758 -0.24997107 0.0
c 252.96548 88.48607 365.70194 -0.0756758 -0.25019601 0.0
c 252.82054 88.48607 365.84037 -0.0756758 -0.25042095 0.0
c 252.67559 88.48607 365.97881 -0.0756758 -0.25064589 0.0
c 252.53065 88.48607 366.11725 -0.0756758 -0.25087083 0.0
c 252.38571 88.48607 366.25568 -0.0756758 -0.25109577 0.0
c 252.24077 88.48607 366.39412 -0.0756758 -0.2513207 0.0
c 252.09582 88.48607 366.53256 -0.0756758 -0.25154564 0.0
c 251.95088 88.48607 366.67099 -0.0756758 -0.25177058 0.0
c 251.80594 88.48607 366.80943 -0.0756758 -0.25199552 0.0
c 251.661 88.48607 366.94786 -0.0756758 -0.25222046 0.0
c 251.51605 88.48607 367.0863 -0.0756758 -0.2524454 0.0
c 251.37111 88.48607 367.22474 -0.0756758 -0.25267034 0.0
c 251.22617 88.48607 367.36317 -0.0756758 -0.25289528 0.0
c 251.08123 88.48607 367.50161 -0.0756758 -0.25312022 0.0
c 250.93629 88.48607 367.64005 -0.0756758 -0.25334515 0.0
c 250.79134 88.48607 367.77848 -0.0756758 -0.25357009 0.0
c 250.6464 88.48607 367.91692 -0.0756758 -0.25379503 0.0
c 250.50146 88.48607 368.05536 -0.0756758 -0.25401997 0.0
c 250.35652 88.48607 368.19379 -0.0756758 -0.25424491 0.0
c 250.21157 88.48607 368.33223 -0.0756758 -0.25446985 0.0
c 250.06663 88.48607 368.47067 -0.0756758 -0.25469479 0.0
c 249.92169 88.48607 368.6091 -0.0756758 -0.25491973 0.0
c 249.77675 88.48607 368.74754 -0.0756758 -0.25514467 0.0
c 249.6318 88.48607 368.88597 -0.0756758 -0.2553696 0.0
c 249.48686 88.48607 369.02441 -0.0756758 -0.25559454 0.0
c 249.34192 88.48607 369.16285 -0.0756758 -0.25581948 0.0
c 249.19698 88.48607 369.30128 -0.0756758 -0.25604442 0.0
c 249.05203 88.48607 369.43972 -0.0756758 -0.25626936 0.0
c 248.90709 88.48607 369.57816 -0.0756758 -0.2564943 0.0
c 248.76215 88.48607 369.71659 -0.0756758 -0.25671924 0.0
c 248.61721 88.48607 369.85503 -0.0756758 -0.25694418 0.0
c 248.47227 88.48607 369.99347 -0.0756758 -0.25716912 0.0
c 248.32732 88.48607 370.1319 -0.0756758 -0.25739405 0.0
c 248.18238 88.48607 370.27034 -0.0756758 -0.25761899 0.0
c 248.03744 88.48607 370.40877 -0.0756758 -0.25784393 0.0
c 247.8925 88.48607 370.54721 -0.0756758 -0.25806887 0.0
c 247.74755 88.48607 370.68565 -0.0756758 -0.25829381 0.0
c 247.60261 88.48607 370.82408 -0.0756758 -0.25851875 0.0
c 247.45767 88.48607 370.96252 -0.0756758 -0.25874369 0.0
c 247.31273 88.48607 371.10096 -0.0756758 -0.25896863 0.0
c 247.16778 88.48607 371.23939 -0.0756758 -0.25919357 0.0
c 247.02284 88.48607 371.37783 -0.0756758 -0.25941851 0.0
c 246.8779 88.48607 371.51627 -0.0756758 -0.25964344 0.0
c 246.73296 88.48607 371.6547 -0.0756758 -0.25986838 0.0
c 246.58802 88.48607 371.79314 -0.0756758 -0.26009332 0.0
c 246.44307 88.48607 371.93158 -0.0756758 -0.26031826 0.0
c 246.29813 88.48607 372.07001 -0.0756758 -0.2605432 0.0
c 246.15319 88.48607 372.20845 -0.0756758 -0.26076814 0.0
c 246.00825 88.48607 372.34688 -0.0756758 -0.26099308 0.0
c 245.8633 88.48607 372.48532 -0.0756758 -0.26121802 0.0
c 245.71836 88.48607 372.62376 -0.0756758 -0.26144296 0.0
c 245.57342 88.48607 372.76219 -0.0756758 -0.26166789 0.0
c 245.42848 88.48607 372.90063 -0.0756758 -0.26189283 0.0
c 245.28353 88.48607 373.03907 -0.0756758 -0.26211777 0.0
c 245.13859 88.48607 373.1775 -0.0756758 -0.26234271 0.0
c 244.99365 88.48607 373.31594 -0.0756758 -0.26256765 0.0
c 244.84871 88.48607 373.45438 -0.0756758 -0.26279259 0.0
c 244.70376 88.48607 373.59281 -0.0756758 -0.26301753 0.0
c 244.55882 88.48607 373.73125 -0.0756758 -0.26324247 0.0
c 244.41388 88.48607 373.86969 -0.0756758 -0.26346741 0.0
c 244.26894 88.48607 374.00812 -0.0756758 -0.26369234 0.0
c 244.124 88.48607 374.14656 -0.0756758 -0.26391728 0.0
c 243.97905 88.48607 374.28499 -0.0756758 -0.26414222 0.0
c 243.83411 88.48607 374.42343 -0.0756758 -0.26436716 0.0
c 243.68917 88.48607 374.56187 -0.0756758 -0.2645921 0.0
c 243.54423 88.48607 374.7003 -0.0756758 -0.26481704 0.0
c 243.39928 88.48607 374.83874 -0.0756758 -0.26504198 0.0
c 243.25434 88.48607 374.97718 -0.0756758 -0.26526692 0.0
c 243.1094 88.48607 375.11561 -0.0756758 -0.26549186 0.0
c 242.96446 88.48607 375.25405 -0.0756758 -0.26571679 0.0
c 242.81951 88.48607 375.39249 -0.0756758 -0.26594173 0.0
c 242.67457 88.48607 375.53092 -0.0756758 -0.26616667 0.0
c 242.52963 88.48607 375.66936 -0.0756758 -0.26639161 0.0
c 242.38469 88.48607 375.80779 -0.0756758 -0.26661655 0.0
c 242.23974 88.48607 375.94623 -0.0756758 -0.26684149 0.0
c 242.0948 88.48607 376.08467 -0.0756758 -0.26706643 0.0
c 241.94986 88.48607 376.2231 -0.0756758 -0.26729137 0.0
c 241.80492 88.48607 376.36154 -0.0756758 -0.26751631 0.0
c 241.65998 88.48607 376.49998 -0.0756758 -0.26774124 0.0
c 241.51503 88.48607 376.63841 -0.0756758 -0.26796618 0.0
c 241.37009 88.48607 376.77685 -0.0756758 -0.26819112 0.0
c 241.22515 88.48607 376.91529 -0.0756758 -0.26841606 0.0
c 241.08021 88.48607 377.05372 -0.0756758 -0.268641 0.0
c 240.93526 88.48607 377.19216 -0.0756758 -0.26886594 0.0
c 240.79032 88.48607 377.3306 -0.0756758 -0.26909088 0.0
c 240.64538 88.48607 377.46903 -0.0756758 -0.26931582 0.0
c 240.50044 88.48607 377.60747 -0.0756758 -0.26954076 0.0
c 240.35549 88.48607 377.7459 -0.0756758 -0.26976569 0.0
c 240.21055 88.48607 377.88434 -0.0756758 -0.26999063 0.0
c 240.06561 88.48607 378.02278 -0.0756758 -0.27021557 0.0
c 239.92067 88.48607 378.16121 -0.0756758 -0.27044051 0.0
c 239.77572 88.48607 378.29965 -0.0756758 -0.27066545 0.0
c 239.63078 88.48607 378.43809 -0.0756758 -0.27089039 0.0
c 239.48584 88.48607 378.57652 -0.0756758 -0.27111533 0.0
c 239.3409 88.48607 378.71496 -0.0756758 -0.27134027 0.0
c 239.19596 88.48607 378.8534 -0.0756758 -0.27156521 0.0
c 239.05101 88.48607 378.99183 -0.0756758 -0.27179014 0.0
c 238.90607 88.48607 379.13027 -0.0756758 -0.27201508 0.0
c 238.76113 88.48607 379.2687 -0.0756758 -0.27224002 0.0
c 238.61619 88.48607 379.40714 -0.0756758 -0.27246496 0.0
c 238.47124 88.48607 379.54558 -0.0756758 -0.2726899 0.0
c 238.3263 88.48607 379.68401 -0.0756758 -0.27291484 0.0
c 238.18136 88.48607 379.82245 -0.0756758 -0.27313978 0.0
c 238.03642 88.48607 379.96089 -0.0756758 -0.27336472 0.0
c 237.89147 88.48607 380.09932 -0.0756758 -0.27358966 0.0
c 237.74653 88.48607 380.23776 -0.0756758 -0.2738146 0.0
c 237.60159 88.48607 380.3762 -0.0756758 -0.27403953 0.0
c 237.45665 88.48607 380.51463 -0.0756758 -0.27426447 0.0
c 237.3117 88.48607 380.65307 -0.0756758 -0.27448941 0.0
c 237.16676 88.48607 380.79151 -0.0756758 -0.27471435 0.0
c 237.02182 88.48607 380.92994 -0.0756758 -0.27493929 0.0
c 236.87688 88.48607 381.06838 -0.0756758 -0.27516423 0.0
c 236.73194 88.48607 381.20681 -0.0756758 -0.27538917 0.0
c 236.58699 88.48607 381.34525 -0.0756758 -0.27561411 0.0
c 236.44205 88.48607 381.48369 -0.0756758 -0.27583905 0.0
c 236.29711 88.48607 381.62212 -0.0756758 -0.27606398 0.0
c 236.15217 88.48607 381.76056 -0.0756758 -0.27628892 0.0
c 236.00722 88.48607 381.899 -0.0756758 -0.27651386 0.0
c 235.86228 88.48607 382.03743 -0.0756758 -0.2767388 0.0
c 235.71734 88.48607 382.17587 -0.0756758 -0.27696374 0.0
c 235.5724 88.48607 382.31431 -0.0756758 -0.27718868 0.0
c 235.42745 88.48607 382.45274 -0.0756758 -0.27741362 0.0
c 235.28251 88.48607 382.59118 -0.0756758 -0.27763856 0.0
c 235.13757 88.48607 382.72962 -0.0756758 -0.2778635 0.0
c 234.99263 88.48607 382.86805 -0.0756758 -0.27808843 0.0
c 234.84768 88.48607 383.00649 -0.0756758 -0.27831337 0.0
c 234.70274 88.48607 383.14492 -0.0756758 -0.27853831 0.0
c 234.5578 88.48607 383.28336 -0.0756758 -0.27876325 0.0
c 234.41286 88.48607 383.4218 -0.0756758 -0.27898819 0.0
c 234.26792 88.48607 383.56023 -0.0756758 -0.27921313 0.0
c 234.12297 88.48607 383.69867 -0.0756758 -0.27943807 0.0
c 233.97803 88.48607 383.83711 -0.0756758 -0.27966301 0.0
c 233.83309 88.48607 383.97554 -0.0756758 -0.27988795 0.0
c 233.68815 88.48607 384.11398 -0.0756758 -0.28011288 0.0
c 233.5432 88.48607 384.25242 -0.0756758 -0.28033782 0.0
c 233.39826 88.48607 384.39085 -0.0756758 -0.28056276 0.0
c 233.25332 88.48607 384.52929 -0.0756758 -0.2807877 0.0
c 233.10838 88.48607 384.66772 -0.0756758 -0.28101264 0.0
c 232.96343 88.48607 384.80616 -0.0756758 -0.28123758 0.0
c 232.81849 88.48607 384.9446 -0.0756758 -0.28146252 0.0
c 232.67355 88.48607 385.08303 -0.0756758 -0.28168746 0.0
c 232.52861 88.48607 385.22147 -0.0756758 -0.2819124 0.0
c 232.38366 88.48607 385.35991 -0.0756758 -0.28213733 0.0
c 232.23872 88.48607 385.49834 -0.0756758 -0.28236227 0.0
c 232.09378 88.48607 385.63678 -0.0756758 -0.28258721 0.0
c 231.94884 88.48607 385.77522 -0.0756758 -0.28281215 0.0
c 231.8039 88.48607 385.91365 -0.0756758 -0.28303709 0.0
c 231.65895 88.48607 386.05209 -0.0756758 -0.28326203 0.0
c 231.51401 88.48607 386.19053 -0.0756758 -0.28348697 0.0
c 231.36907 88.48607 386.32896 -0.0756758 -0.28371191 0.0
c 231.22413 88.48607 386.4674 -0.0756758 -0.28393685 0.0
c 231.07918 88.48607 386.60583 -0.0756758 -0.28416178 0.0
c 230.93424 88.48607 386.74427 -0.0756758 -0.28438672 0.0
c 230.7893 88.48607 386.88271 -0.0756758 -0.28461166 0.0
c 230.64436 88.48607 387.02114 -0.0756758 -0.2848366 0.0
c 230.49941 88.48607 387.15958 -0.0756758 -0.28506154 0.0
c 230.35447 88.48607 387.29802 -0.0756758 -0.28528648 0.0
c 230.20953 88.48607 387.43645 -0.0756758 -0.28551142 0.0
c 230.06459 88.48607 387.57489 -0.0756758 -0.28573636 0.0
c 229.91965 88.48607 387.71333 -0.0756758 -0.2859613 0.0
c 229.7747 88.48607 387.85176 -0.0756758 -0.28618624 0.0
c 229.62976 88.48607 387.9902 -0.0756758 -0.28641117 0.0
c 229.48482 88.48607 388.12864 -0.0756758 -0.28663611 0.0
c 229.33988 88.48607 388.26707 -0.0756758 -0.28686105 0.0
c 229.19493 88.48607 388.40551 -0.0756758 -0.28708599 0.0
c 229.04999 88.48607 388.54394 -0.0756758 -0.28731093 0.0
c 228.90505 88.48607 388.68238 -0.0756758 -0.28753587 0.0
c 228.76011 88.48607 388.82082 -0.0756758 -0.28776081 0.0
c 228.61516 88.48607 388.95925 -0.0756758 -0.28798575 0.0
c 228.47022 88.48607 389.09769 -0.0756758 -0.28821069 0.0
c 228.32528 88.48607 389.23613 -0.0756758 -0.28843562 0.0
c 228.18034 88.48607 389.37456 -0.0756758 -0.28866056 0.0
c 228.03539 88.48607 389.513 -0.0756758 -0.2888855 0.0
c 227.89045 88.48607 389.65144 -0.0756758 -0.28911044 0.0
c 227.74551 88.48607 389.78987 -0.0756758 -0.28933538 0.0
c 227.60057 88.48607 389.92831 -0.0756758 -0.28956032 0.0
c 227.45563 88.48607 390.06674 -0.0756758 -0.28978526 0.0
c 227.31068 88.48607 390.20518 -0.0756758 -0.2900102 0.0
c 227.16574 88.48607 390.34362 -0.0756758 -0.29023514 0.0
c 227.0208 88.48607 390.48205 -0.0756758 -0.29046007 0.0
c 226.87586 88.48607 390.62049 -0.0756758 -0.29068501 0.0
c 226.73091 88.48607 390.75893 -0.0756758 -0.29090995 0.0
c 226.58597 88.48607 390.89736 -0.0756758 -0.29113489 0.0
c 226.44103 88.48607 391.0358 -0.0756758 -0.29135983 0.0
c 226.29609 88.48607 391.17424 -0.0756758 -0.29158477 0.0
c 226.15114 88.48607 391.31267 -0.0756758 -0.29180971 0.0
c 226.0062 88.48607 391.45111 -0.0756758 -0.29203465 0.0
c 225.86126 88.48607 391.58955 -0.0756758 -0.29225959 0.0
c 225.71632 88.48607 391.72798 -0.0756758 -0.29248452 0.0
c 225.57137 88.48607 391.86642 -0.0756758 -0.29270946 0.0
c 225.42643 88.48607 392.00485 -0.0756758 -0.2929344 0.0
c 225.28149 88.48607 392.14329 -0.0756758 -0.29315934 0.0
c 225.13655 88.48607 392.28173 -0.0756758 -0.29338428 0.0
c 224.99161 88.48607 392.42016 -0.0756758 -0.29360922 0.0
c 224.84666 88.48607 392.5586 -0.0756758 -0.29383416 0.0
c 224.70172 88.48607 392.69704 -0.0756758 -0.2940591 0.0
c 224.55678 88.48607 392.83547 -0.0756758 -0.29428404 0.0
c 224.41184 88.48607 392.97391 -0.0756758 -0.29450897 0.0
c 224.26689 88.48607 393.11235 -0.0756758 -0.29473391 0.0
c 224.12195 88.48607 393.25078 -0.0756758 -0.29495885 0.0
c 223.97701 88.48607 393.38922 -0.0756758 -0.29518379 0.0
c 223.83207 88.48607 393.52765 -0.0756758 -0.29540873 0.0
c 223.68712 88.48607 393.66609 -0.0756758 -0.29563367 0.0
c 223.54218 88.48607 393.80453 -0.0756758 -0.29585861 0.0
c 223.39724 88.48607 393.94296 -0.0756758 -0.29608355 0.0
c 223.2523 88.48607 394.0814 -0.0756758 -0.29630849 0.0
c 223.10735 88.48607 394.21984 -0.0756758 -0.29653342 0.0
c 222.96241 88.48607 394.35827 -0.0756758 -0.29675836 0.0
c 222.81747 88.48607 394.49671 -0.0756758 -0.2969833 0.0
c 222.67253 88.48607 394.63515 -0.0756758 -0.29720824 0.0
c 222.52759 88.48607 394.77358 -0.0756758 -0.29743318 0.0
c 222.38264 88.48607 394.91202 -0.0756758 -0.29765812 0.0
c 222.2377 88.48607 395.05046 -0.0756758 -0.29788306 0.0
c 222.09276 88.48607 395.18889 -0.0756758 -0.298108 0.0
c 221.94782 88.48607 395.32733 -0.0756758 -0.29833294 0.0
c 221.80287 88.48607 395.46576 -0.0756758 -0.29855787 0.0
c 221.65793 88.48607 395.6042 -0.0756758 -0.29878281 0.0
c 221.51299 88.48607 395.74264 -0.0756758 -0.29900775 0.0
c 221.36805 88.48607 395.88107 -0.0756758 -0.29923269 0.0
c 221.2231 88.48607 396.01951 -0.0756758 -0.29945763 0.0
c 221.07816 88.48607 396.15795 -0.0756758 -0.29968257 0.0
c 220.93322 88.48607 396.29638 -0.0756758 -0.29990751 0.0
c 220.78828 88.48607 396.43482 -0.0756758 -0.30013245 0.0
c 220.64333 88.48607 396.57326 -0.0756758 -0.30035739 0.0
c 220.49839 88.48607 396.71169 -0.0756758 -0.30058233 0.0
c 220.35345 88.48607 396.85013 -0.0756758 -0.30080726 0.0
c 220.20851 88.48607 396.98857 -0.0756758 -0.3010322 0.0
c 220.06357 88.48607 397.127 -0.0756758 -0.30125714 0.0
c 219.91862 88.48607 397.26544 -0.0756758 -0.30148208 0.0
c 219.77368 88.48607 397.40387 -0.0756758 -0.30170702 0.0
c 219.62874 88.48607 397.54231 -0.0756758 -0.30193196 0.0
c 219.4838 88.48607 397.68075 -0.0756758 -0.3021569 0.0
c 219.33885 88.48607 397.81918 -0.0756758 -0.30238184 0.0
c 219.19391 88.48607 397.95762 -0.0756758 -0.30260678 0.0
c 219.04897 88.48607 398.09606 -0.0756758 -0.30283171 0.0
c 218.90403 88.48607 398.23449 -0.0756758 -0.30305665 0.0
c 218.75908 88.48607 398.37293 -0.0756758 -0.30328159 0.0
c 218.61414 88.48607 398.51137 -0.0756758 -0.30350653 0.0
c 218.4692 88.48607 398.6498 -0.0756758 -0.30373147 0.0
c 218.32426 88.48607 398.78824 -0.0756758 -0.30395641 0.0
c 218.17931 88.48607 398.92667 -0.0756758 -0.30418135 0.0
c 218.03437 88.48607 399.06511 -0.0756758 -0.30440629 0.0
c 217.88943 88.48607 399.20355 -0.0756758 -0.30463123 0.0
c 217.74449 88.48607 399.34198 -0.0756758 -0.30485616 0.0
c 217.59955 88.48607 399.48042 -0.0756758 -0.3050811 0.0
c 217.4546 88.48607 399.61886 -0.0756758 -0.30530604 0.0
c 217.30966 88.48607 399.75729 -0.0756758 -0.30553098 0.0
c 217.16472 88.48607 399.89573 -0.0756758 -0.30575592 0.0
c 217.01978 88.48607 400.03417 -0.0756758 -0.30598086 0.0
c 216.87483 88.48607 400.1726 -0.0756758 -0.3062058 0.0
c 216.72989 88.48607 400.31104 -0.0756758 -0.30643074 0.0
c 216.58495 88.48607 400.44948 -0.0756758 -0.30665568 0.0
c 216.44001 88.48607 400.58791 -0.0756758 -0.30688061 0.0
c 216.29506 88.48607 400.72635 -0.0756758 -0.30710555 0.0
c 216.15012 88.48607 400.86478 -0.0756758 -0.30733049 0.0
c 216.00518 88.48607 401.00322 -0.0756758 -0.30755543 0.0
c 215.86024 88.48607 401.14166 -0.0756758 -0.30778037 0.0
c 215.71529 88.48607 401.28009 -0.0756758 -0.30800531 0.0
c 215.57035 88.48607 401.41853 -0.0756758 -0.30823025 0.0
c 215.42541 88.48607 401.55697 -0.0756758 -0.30845519 0.0
c 215.28047 88.48607 401.6954 -0.0756758 -0.30868013 0.0
c 215.13553 88.48607 401.83384 -0.0756758 -0.30890506 0.0
c 214.99058 88.48607 401.97228 -0.0756758 -0.30913 0.0
c 214.84564 88.48607 402.11071 -0.0756758 -0.30935494 0.0
c 214.7007 88.48607 402.24915 -0.0756758 -0.30957988 0.0
c 214.55576 88.48607 402.38758 -0.0756758 -0.30980482 0.0
c 214.41081 88.48607 402.52602 -0.0756758 -0.31002976 0.0
c 214.26587 88.48607 402.66446 -0.0756758 -0.3102547 0.0
c 214.12093 88.48607 402.80289 -0.0756758 -0.31047964 0.0
c 213.97599 88.48607 402.94133 -0.0756758 -0.31070458 0.0
c 213.83104 88.48607 403.07977 -0.0756758 -0.31092951 0.0
c 213.6861 88.48607 403.2182 -0.0756758 -0.31115445 0.0
c 213.54116 88.48607 403.35664 -0.0756758 -0.31137939 0.0
c 213.39622 88.48607 403.49508 -0.0756758 -0.31160433 0.0
c 213.25128 88.48607 403.63351 -0.0756758 -0.31182927 0.0
c 213.10633 88.48607 403.77195 -0.0756758 -0.31205421 0.0
c 212.96139 88.48607 403.91039 -0.0756758 -0.31227915 0.0
c 212.81645 88.48607 404.04882 -0.0756758 -0.31250409 0.0
c 212.67151 88.48607 404.18726 -0.0756758 -0.31272903 0.0
c 212.52656 88.48607 404.32569 -0.0756758 -0.31295397 0.0
c 212.38162 88.48607 404.46413 -0.0756758 -0.3131789 0.0
c 212.23668 88.48607 404.60257 -0.0756758 -0.31340384 0.0
c 212.09174 88.48607 404.741 -0.0756758 -0.31362878 0.0
c 211.94679 88.48607 404.87944 -0.0756758 -0.31385372 0.0
c 211.80185 88.48607 405.01788 -0.0756758 -0.31407866 0.0
c 211.65691 88.48607 405.15631 -0.0756758 -0.3143036 0.0
c 211.51197 88.48607 405.29475 -0.0756758 -0.31452854 0.0
c 211.36702 88.48607 405.43319 -0.0756758 -0.31475348 0.0
c 211.22208 88.48607 405.57162 -0.0756758 -0.31497842 0.0
c 211.07714 88.48607 405.71006 -0.0756758 -0.31520335 0.0
c 210.9322 88.48607 405.8485 -0.0756758 -0.31542829 0.0
c 210.78726 88.48607 405.98693 -0.0756758 -0.31565323 0.0
c 210.64231 88.48607 406.12537 -0.0756758 -0.31587817 0.0
c 210.49737 88.48607 406.2638 -0.0756758 -0.31610311 0.0
c 210.35243 88.48607 406.40224 -0.0756758 -0.31632805 0.0
c 210.20749 88.48607 406.54068 -0.0756758 -0.31655299 0.0
c 210.06254 88.48607 406.67911 -0.0756758 -0.31677793 0.0
c 209.9176 88.48607 406.81755 -0.0756758 -0.31700287 0.0
c 209.77266 88.48607 406.95599 -0.0756758 -0.3172278 0.0
c 209.62772 88.48607 407.09442 -0.0756758 -0.31745274 0.0
c 209.48277 88.48607 407.23286 -0.0756758 -0.31767768 0.0
c 209.33783 88.48607 407.3713 -0.0756758 -0.31790262 0.0
c 209.19289 88.48607 407.50973 -0.0756758 -0.31812756 0.0
c 209.04795 88.48607 407.64817 -0.0756758 -0.3183525 0.0
c 208.903 88.48607 407.7866 -0.0756758 -0.31857744 0.0
c 208.75806 88.48607 407.92504 -0.0756758 -0.31880238 0.0
c 208.61312 88.48607 408.06348 -0.0756758 -0.31902732 0.0
c 208.46818 88.48607 408.20191 -0.0756758 -0.31925225 0.0
c 208.32324 88.48607 408.34035 -0.0756758 -0.31947719 0.0
c 208.17829 88.48607 408.47879 -0.0756758 -0.31970213 0.0
c 208.03335 88.48607 408.61722 -0.0756758 -0.31992707 0.0
c 207.88841 88.48607 408.75566 -0.0756758 -0.32015201 0.0
c 207.74347 88.48607 408.8941 -0.0756758 -0.32037695 0.0
c 207.59852 88.48607 409.03253 -0.0756758 -0.32060189 0.0
c 207.45358 88.48607 409.17097 -0.0756758 -0.32082683 0.0
c 207.30864 88.48607 409.30941 -0.0756758 -0.32105177 0.0
c 207.1637 88.48607 409.44784 -0.0756758 -0.3212767 0.0
c 207.01875 88.48607 409.58628 -0.0756758 -0.32150164 0.0
c 206.87381 88.48607 409.72471 -0.0756758 -0.32172658 0.0
c 206.72887 88.48607 409.86315 -0.0756758 -0.32195152 0.0
c 206.58393 88.48607 410.00159 -0.0756758 -0.32217646 0.0
c 206.43898 88.48607 410.14002 -0.0756758 -0.3224014 0.0
c 206.29404 88.48607 410.27846 -0.0756758 -0.32262634 0.0
c 206.1491 88.48607 410.4169 -0.0756758 -0.32285128 0.0
c 206.00416 88.48607 410.55533 -0.0756758 -0.32307622 0.0
c 205.85922 88.48607 410.69377 -0.0756758 -0.32330115 0.0
c 205.71427 88.48607 410.83221 -0.0756758 -0.32352609 0.0
c 205.56933 88.48607 410.97064 -0.0756758 -0.32375103 0.0
c 205.42439 88.48607 411.10908 -0.0756758 -0.32397597 0.0
c 205.27945 88.48607 411.24751 -0.0756758 -0.32420091 0.0
c 205.1345 88.48607 411.38595 -0.0756758 -0.32442585 0.0
c 204.98956 88.48607 411.52439 -0.0756758 -0.32465079 0.0
c 204.84462 88.48607 411.66282 -0.0756758 -0.32487573 0.0
c 204.69968 88.48607 411.80126 -0.0756758 -0.32510067 0.0
c 204.55473 88.48607 411.9397 -0.0756758 -0.3253256 0.0
c 204.40979 88.48607 412.07813 -0.0756758 -0.32555054 0.0
c 204.26485 88.48607 412.21657 -0.0756758 -0.32577548 0.0
c 204.11991 88.48607 412.35501 -0.0756758 -0.32600042 0.0
c 203.97496 88.48607 412.49344 -0.0756758 -0.32622536 0.0
c 203.83002 88.48607 412.63188 -0.0756758 -0.3264503 0.0
c 203.68508 88.48607 412.77032 -0.0756758 -0.32667524 0.0
c 203.54014 88.48607 412.90875 -0.0756758 -0.32690018 0.0
c 203.3952 88.48607 413.04719 -0.0756758 -0.32712512 0.0
c 203.25025 88.48607 413.18562 -0.0756758 -0.32735006 0.0
c 203.10531 88.48607 413.32406 -0.0756758 -0.32757499 0.0
c 202.96037 88.48607 413.4625 -0.0756758 -0.32779993 0.0
c 202.81543 88.48607 413.60093 -0.0756758 -0.32802487 0.0
c 202.67048 88.48607 413.73937 -0.0756758 -0.32824981 0.0
c 202.52554 88.48607 413.87781 -0.0756758 -0.32847475 0.0
c 202.3806 88.48607 414.01624 -0.0756758 -0.32869969 0.0
c 202.23566 88.48607 414.15468 -0.0756758 -0.32892463 0.0
c 202.09071 88.48607 414.29312 -0.0756758 -0.32914957 0.0
c 201.94577 88.48607 414.43155 -0.0756758 -0.32937451 0.0
c 201.80083 88.48607 414.56999 -0.0756758 -0.32959944 0.0
c 201.65589 88.48607 414.70843 -0.0756758 -0.32982438 0.0
c 201.51094 88.48607 414.84686 -0.0756758 -0.33004932 0.0
c 201.366 88.48607 414.9853 -0.0756758 -0.33027426 0.0
c 201.22106 88.48607 415.12373 -0.0756758 -0.3304992 0.0
c 201.07612 88.48607 415.26217 -0.0756758 -0.33072414 0.0
c 200.93118 88.48607 415.40061 -0.0756758 -0.33094908 0.0
c 200.78623 88.48607 415.53904 -0.0756758 -0.33117402 0.0
c 200.64129 88.48607 415.67748 -0.0756758 -0.33139896 0.0
c 200.49635 88.48607 415.81592 -0.0756758 -0.33162389 0.0
c 200.35141 88.48607 415.95435 -0.0756758 -0.33184883 0.0
c 200.20646 88.48607 416.09279 -0.0756758 -0.33207377 0.0
c 200.06152 88.48607 416.23123 -0.0756758 -0.33229871 0.0
c 199.91658 88.48607 416.36966 -0.0756758 -0.33252365 0.0
