c 414.53563 0.0 345.79622 0.0 0.0006 0.0
t 100
c 414.5402 -5.00121 345.78296 -7.81e-06 0.00063694 1.472e-05
t 100
c 414.54478 -10.00242 345.7697 -1.562e-05 0.00067387 2.943e-05
t 100
c 414.54936 -15.00363 345.75644 -2.343e-05 0.00071081 4.415e-05
t 99
c 414.55394 -20.00485 345.74318 -3.124e-05 0.00074775 5.887e-05
t 100
c 414.55852 -25.00606 345.72993 -3.905e-05 0.00078468 7.358e-05
t 100
c 414.56309 -30.00727 345.71667 -4.686e-05 0.00082162 8.83e-05
t 100
c 414.56767 -35.00848 345.70341 -5.467e-05 0.00085856 0.00010301
t 100
c 414.57225 -40.00969 345.69015 -6.247e-05 0.00089549 0.00011773
t 100
c 414.57683 -45.0109 345.67689 -7.028e-05 0.00093243 0.00013245
t 100
c 414.5814 -50.01211 345.66364 -7.809e-05 0.00096937 0.00014716
t 100
c 414.58598 -55.01332 345.65038 -8.59e-05 0.0010063 0.00016188
t 100
c 414.59056 -60.01454 345.63712 -9.371e-05 0.00104324 0.0001766
t 100
c 414.59514 -65.01575 345.62386 -0.00010152 0.00108017 0.00019131
t 100
c 414.59971 -70.01696 345.6106 -0.00010933 0.00111711 0.00020603
t 100
c 414.60429 -75.01817 345.59735 -0.00011714 0.00115405 0.00022075
t 100
c 414.60887 -80.01938 345.58409 -0.00012495 0.00119098 0.00023546
t 100
c 414.61345 -85.02059 345.57083 -0.00013276 0.00122792 0.00025018
t 100
c 414.61802 -90.0218 345.55757 -0.00014057 0.00126486 0.00026489
t 100
c 414.6226 -95.02301 345.54431 -0.00014838 0.00130179 0.00027961
t 100
