c 364.05503 -52.43134 70.54454 0.01549305 1.39970967 0.01526198
t 121
c 364.04895 -52.42249 65.34713 0.01578484 1.39974072 0.01556851
t 121
c 364.04287 -52.41364 60.14972 0.01607663 1.39977177 0.01587503
t 121
c 364.03679 -52.40479 54.95231 0.01636842 1.39980282 0.01618155
t 121
c 364.03071 -52.39594 49.75489 0.01666022 1.39983387 0.01648808
t 121
c 364.02463 -52.38709 44.55748 0.01695201 1.39986492 0.0167946
t 121
c 364.01854 -52.37824 39.36007 0.0172438 1.39989597 0.01710113
t 121
s 1.000
c 364.01854 -52.37824 39.36007 0.0172438 1.39989597 0.01710113
t 121
c 364.01854 -52.37824 39.36007 0.0172438 1.39989597 0.01710113
t 119
c 364.01854 -52.37824 39.36007 0.0172438 1.39989597 0.01710113
t 119
c 364.01854 -52.37824 39.36007 0.0172438 1.39989597 0.01710113
t 117
c 364.01854 -52.37824 39.36007 0.0172438 1.39989597 0.01710113
t 117
c 364.01854 -52.37824 39.36007 0.0172438 1.39989597 0.01710113
t 116
c 364.01854 -52.37824 39.36007 0.0172438 1.39989597 0.01710113
t 115
c 364.01854 -52.37824 39.36007 0.0172438 1.39989597 0.01710113
t 114
c 364.01854 -52.37824 39.36007 0.0172438 1.39989597 0.01710113
t 113
c 364.01854 -52.37824 39.36007 0.0172438 1.39989597 0.01710113
t 112
c 364.01854 -52.37824 39.36007 0.0172438 1.39989597 0.01710113
t 111
c 364.01854 -52.37824 39.36007 0.0172438 1.39989597 0.01710113
t 110
c 364.01854 -52.37824 39.36007 0.0172438 1.39989597 0.01710113
t 109
c 364.01854 -52.37824 39.36007 0.0172438 1.39989597 0.01710113
t 108
c 364.01854 -52.37824 39.36007 0.0172438 1.39989597 0.01710113
t 107
c 364.01854 -52.37824 39.36007 0.0172438 1.39989597 0.01710113
t 106
c 364.01854 -52.37824 39.36007 0.0172438 1.39989597 0.01710113
t 105
c 364.01854 -52.37824 39.36007 0.0172438 1.39989597 0.01710113
t 104
c 364.01854 -52.37824 39.36007 0.0172438 1.39989597 0.01710113
t 103
c 364.01854 -52.37824 39.36007 0.0172438 1.39989597 0.01710113
t 102
c 364.01854 -52.37824 39.36007 0.0172438 1.39989597 0.01710113
t 101
c 364.01854 -52.37824 39.36007 0.0172438 1.39989597 0.01710113
t 100
c 364.01854 -52.37824 39.36007 0.0172438 1.39989597 0.01710113
t 98
c 364.01854 -52.37824 39.36007 0.0172438 1.39989597 0.01710113
t 98
c 364.01854 -52.37824 39.36007 0.0172438 1.39989597 0.01710113
t 96
c 364.01854 -52.37824 39.36007 0.0172438 1.39989597 0.01710113
t 96
c 364.01854 -52.37824 39.36007 0.0172438 1.39989597 0.01710113
t 94
c 364.01854 -52.37824 39.36007 0.0172438 1.39989597 0.01710113
t 94
c 364.01854 -52.37824 39.36007 0.0172438 1.39989597 0.01710113
t 92
c 364.01854 -52.37824 39.36007 0.0172438 1.39989597 0.01710113
t 91
c 364.01854 -52.37824 39.36007 0.0172438 1.39989597 0.01710113
t 90
c 364.01854 -52.37824 39.36007 0.0172438 1.39989597 0.01710113
t 89
c 364.01854 -52.37824 39.36007 0.0172438 1.39989597 0.01710113
t 88
c 364.01854 -52.37824 39.36007 0.0172438 1.39989597 0.01710113
t 87
c 364.01854 -52.37824 39.36007 0.0172438 1.39989597 0.01710113
t 86
c 364.01854 -52.37824 39.36007 0.0172438 1.39989597 0.01710113
t 85
c 364.01854 -52.37824 39.36007 0.0172438 1.39989597 0.01710113
t 84
c 364.01854 -52.37824 39.36007 0.0172438 1.39989597 0.01710113
t 83
c 364.01854 -52.37824 39.36007 0.0172438 1.39989597 0.01710113
t 82
c 364.01854 -52.37824 39.36007 0.0172438 1.39989597 0.01710113
t 81
c 364.01854 -52.37824 39.36007 0.0172438 1.39989597 0.01710113
t 80
c 364.01854 -52.37824 39.36007 0.0172438 1.39989597 0.01710113
t 79
c 364.01854 -52.37824 39.36007 0.0172438 1.39989597 0.01710113
t 78
c 364.01854 -52.37824 39.36007 0.0172438 1.39989597 0.01710113
t 77
c 364.01854 -52.37824 39.36007 0.0172438 1.39989597 0.01710113
t 76
c 364.01854 -52.37824 39.36007 0.0172438 1.39989597 0.01710113
t 75
c 364.01854 -52.37824 39.36007 0.0172438 1.39989597 0.01710113
t 74
c 364.01854 -52.37824 39.36007 0.0172438 1.39989597 0.01710113
t 73
c 364.01854 -52.37824 39.36007 0.0172438 1.39989597 0.01710113
t 72
c 364.01854 -52.37824 39.36007 0.0172438 1.39989597 0.01710113
t 71
c 364.01854 -52.37824 39.36007 0.0172438 1.39989597 0.01710113
t 70
c 364.01854 -52.37824 39.36007 0.0172438 1.39989597 0.01710113
t 69
c 364.01854 -52.37824 39.36007 0.0172438 1.39989597 0.01710113
t 68
c 364.01854 -52.37824 39.36007 0.0172438 1.39989597 0.01710113
t 67
c 364.01854 -52.37824 39.36007 0.0172438 1.39989597 0.01710113
t 66
c 364.01854 -52.37824 39.36007 0.0172438 1.39989597 0.01710113
t 65
c 364.01854 -52.37824 39.36007 0.0172438 1.39989597 0.01710113
t 64
c 364.01854 -52.37824 39.36007 0.0172438 1.39989597 0.01710113
t 63
c 364.01854 -52.37824 39.36007 0.0172438 1.39989597 0.01710113
t 62
c 364.01854 -52.37824 39.36007 0.0172438 1.39989597 0.01710113
t 61
c 364.01854 -52.37824 39.36007 0.0172438 1.39989597 0.01710113
t 60
c 364.01854 -52.37824 39.36007 0.0172438 1.39989597 0.01710113
t 59
s 1.000
c 364.01854 -52.37824 39.36007 0.0172438 1.39989597 0.01710113
t 60
c 364.01446 -47.37311 40.11479 0.01732543 1.39992268 0.01717576
t 60
c 364.01037 -42.36799 40.86951 0.01740706 1.39994939 0.0172504
t 60
c 364.00628 -37.36286 41.62424 0.01748869 1.3999761 0.01732504
t 60
c 364.00219 -32.35774 42.37896 0.01757031 1.40000281 0.01739967
t 59
c 363.9981 -27.35261 43.13368 0.01765194 1.40002952 0.01747431
t 60
c 363.99401 -22.34749 43.88841 0.01773357 1.40005623 0.01754895
t 59
c 363.98992 -17.34236 44.64313 0.0178152 1.40008295 0.01762359
t 60
c 363.98583 -12.33724 45.39785 0.01789682 1.40010966 0.01769822
t 59
c 363.98174 -7.33211 46.15257 0.01797845 1.40013637 0.01777286
t 60
c 363.97765 -2.32699 46.9073 0.01806008 1.40016308 0.0178475
t 60
c 363.97356 2.67814 47.66202 0.01814171 1.40018979 0.01792213
t 60
c 363.96948 7.68326 48.41674 0.01822334 1.4002165 0.01799677
t 60
c 363.96539 12.68839 49.17146 0.01830496 1.40024321 0.01807141
t 60
c 363.9613 17.69351 49.92619 0.01838659 1.40026992 0.01814604
t 60
c 363.95721 22.69864 50.68091 0.01846822 1.40029663 0.01822068
t 60
c 363.95312 27.70376 51.43563 0.01854985 1.40032334 0.01829532
t 60
c 363.94903 32.70889 52.19036 0.01863147 1.40035006 0.01836995
t 60
c 363.94494 37.71401 52.94508 0.0187131 1.40037677 0.01844459
t 60
c 363.94085 42.71914 53.6998 0.01879473 1.40040348 0.01851923
t 60
c 363.93676 47.72426 54.45452 0.01887636 1.40043019 0.01859386
t 60
c 363.93267 52.72939 55.20925 0.01895798 1.4004569 0.0186685
t 60
c 363.92858 57.73451 55.96397 0.01903961 1.40048361 0.01874314
t 60
c 363.92449 62.73964 56.71869 0.01912124 1.40051032 0.01881777
t 60
c 363.92041 67.74476 57.47341 0.01920287 1.40053703 0.01889241
t 60
c 363.91632 72.74989 58.22814 0.0192845 1.40056374 0.01896705
t 60
c 363.91223 77.75501 58.98286 0.01936612 1.40059045 0.01904168
t 60
c 363.90814 82.76014 59.73758 0.01944775 1.40061716 0.01911632
t 60
c 363.90405 87.76526 60.49231 0.01952938 1.40064388 0.01919096
t 60
c 363.89996 92.77039 61.24703 0.01961101 1.40067059 0.01926559
t 60
c 363.89587 97.77551 62.00175 0.01969263 1.4006973 0.01934023
t 60
c 363.89178 102.78064 62.75647 0.01977426 1.40072401 0.01941487
t 60
c 363.88769 107.78576 63.5112 0.01985589 1.40075072 0.01948951
t 60
c 363.8836 112.79089 64.26592 0.01993752 1.40077743 0.01956414
t 60
c 363.87951 117.79601 65.02064 0.02001914 1.40080414 0.01963878
t 60
c 363.87542 122.80114 65.77536 0.02010077 1.40083085 0.01971342
t 60
c 363.87134 127.80626 66.53009 0.0201824 1.40085756 0.01978805
t 60
s 1.000
c 363.87134 127.80626 66.53009 0.0201824 1.40085756 0.01978805
t 60
c 363.86349 127.8091 61.37926 0.02033828 1.4009023 0.019897
t 60
c 363.85564 127.81193 56.22843 0.02049416 1.40094703 0.02000594
t 61
c 363.84779 127.81477 51.0776 0.02065003 1.40099176 0.02011488
t 62
c 363.83994 127.8176 45.92677 0.02080591 1.40103649 0.02022383
t 63
s 1.000
c 363.83994 127.8176 45.92677 0.02080591 1.40103649 0.02022383
t 63
c 363.83994 127.8176 45.92677 0.02080591 1.40103649 0.02022383
t 64
c 363.83994 127.8176 45.92677 0.02080591 1.40103649 0.02022383
t 65
c 363.83994 127.8176 45.92677 0.02080591 1.40103649 0.02022383
t 66
c 363.83994 127.8176 45.92677 0.02080591 1.40103649 0.02022383
t 67
c 363.83994 127.8176 45.92677 0.02080591 1.40103649 0.02022383
t 68
c 363.83994 127.8176 45.92677 0.02080591 1.40103649 0.02022383
t 69
c 363.83994 127.8176 45.92677 0.02080591 1.40103649 0.02022383
t 70
c 363.83994 127.8176 45.92677 0.02080591 1.40103649 0.02022383
t 71
c 363.83994 127.8176 45.92677 0.02080591 1.40103649 0.02022383
t 72
c 363.83994 127.8176 45.92677 0.02080591 1.40103649 0.02022383
t 73
c 363.83994 127.8176 45.92677 0.02080591 1.40103649 0.02022383
t 74
c 363.83994 127.8176 45.92677 0.02080591 1.40103649 0.02022383
t 75
c 363.83994 127.8176 45.92677 0.02080591 1.40103649 0.02022383
t 76
c 363.83994 127.8176 45.92677 0.02080591 1.40103649 0.02022383
t 77
c 363.83994 127.8176 45.92677 0.02080591 1.40103649 0.02022383
t 78
c 363.83994 127.8176 45.92677 0.02080591 1.40103649 0.02022383
t 79
c 363.83994 127.8176 45.92677 0.02080591 1.40103649 0.02022383
t 80
c 363.83994 127.8176 45.92677 0.02080591 1.40103649 0.02022383
t 81
c 363.83994 127.8176 45.92677 0.02080591 1.40103649 0.02022383
t 82
c 363.83994 127.8176 45.92677 0.02080591 1.40103649 0.02022383
t 83
c 363.83994 127.8176 45.92677 0.02080591 1.40103649 0.02022383
t 83
c 363.83994 127.8176 45.92677 0.02080591 1.40103649 0.02022383
t 84
c 363.83994 127.8176 45.92677 0.02080591 1.40103649 0.02022383
t 86
c 363.83994 127.8176 45.92677 0.02080591 1.40103649 0.02022383
t 86
c 363.83994 127.8176 45.92677 0.02080591 1.40103649 0.02022383
t 87
c 363.83994 127.8176 45.92677 0.02080591 1.40103649 0.02022383
t 88
c 363.83994 127.8176 45.92677 0.02080591 1.40103649 0.02022383
t 89
c 363.83994 127.8176 45.92677 0.02080591 1.40103649 0.02022383
t 90
c 363.83994 127.8176 45.92677 0.02080591 1.40103649 0.02022383
t 92
c 363.83994 127.8176 45.92677 0.02080591 1.40103649 0.02022383
t 93
c 363.83994 127.8176 45.92677 0.02080591 1.40103649 0.02022383
t 94
c 363.83994 127.8176 45.92677 0.02080591 1.40103649 0.02022383
t 95
c 363.83994 127.8176 45.92677 0.02080591 1.40103649 0.02022383
t 96
c 363.83994 127.8176 45.92677 0.02080591 1.40103649 0.02022383
t 97
c 363.83994 127.8176 45.92677 0.02080591 1.40103649 0.02022383
t 98
c 363.83994 127.8176 45.92677 0.02080591 1.40103649 0.02022383
t 99
c 363.83994 127.8176 45.92677 0.02080591 1.40103649 0.02022383
t 100
c 363.83994 127.8176 45.92677 0.02080591 1.40103649 0.02022383
t 101
c 363.83994 127.8176 45.92677 0.02080591 1.40103649 0.02022383
t 102
c 363.83994 127.8176 45.92677 0.02080591 1.40103649 0.02022383
t 103
c 363.83994 127.8176 45.92677 0.02080591 1.40103649 0.02022383
t 104
c 363.83994 127.8176 45.92677 0.02080591 1.40103649 0.02022383
t 105
c 363.83994 127.8176 45.92677 0.02080591 1.40103649 0.02022383
t 106
c 363.83994 127.8176 45.92677 0.02080591 1.40103649 0.02022383
t 107
c 363.83994 127.8176 45.92677 0.02080591 1.40103649 0.02022383
t 108
c 363.83994 127.8176 45.92677 0.02080591 1.40103649 0.02022383
t 109
c 363.83994 127.8176 45.92677 0.02080591 1.40103649 0.02022383
t 110
c 363.83994 127.8176 45.92677 0.02080591 1.40103649 0.02022383
t 111
c 363.83994 127.8176 45.92677 0.02080591 1.40103649 0.02022383
t 112
c 363.83994 127.8176 45.92677 0.02080591 1.40103649 0.02022383
t 113
c 363.83994 127.8176 45.92677 0.02080591 1.40103649 0.02022383
t 114
s 1.000
c 363.83994 127.8176 45.92677 0.02080591 1.40103649 0.02022383
t 114
c 363.83994 127.8176 45.92677 0.02080591 1.40103649 0.02022383
t 113
c 363.83994 127.8176 45.92677 0.02080591 1.40103649 0.02022383
t 112
c 363.83994 127.8176 45.92677 0.02080591 1.40103649 0.02022383
t 111
c 363.83994 127.8176 45.92677 0.02080591 1.40103649 0.02022383
t 110
c 363.83994 127.8176 45.92677 0.02080591 1.40103649 0.02022383
t 109
c 363.83994 127.8176 45.92677 0.02080591 1.40103649 0.02022383
t 108
c 363.83994 127.8176 45.92677 0.02080591 1.40103649 0.02022383
t 107
c 363.83994 127.8176 45.92677 0.02080591 1.40103649 0.02022383
t 106
c 363.83994 127.8176 45.92677 0.02080591 1.40103649 0.02022383
t 105
c 363.83994 127.8176 45.92677 0.02080591 1.40103649 0.02022383
t 104
c 363.83994 127.8176 45.92677 0.02080591 1.40103649 0.02022383
t 103
c 363.83994 127.8176 45.92677 0.02080591 1.40103649 0.02022383
t 102
c 363.83994 127.8176 45.92677 0.02080591 1.40103649 0.02022383
t 101
c 363.83994 127.8176 45.92677 0.02080591 1.40103649 0.02022383
t 100
c 363.83994 127.8176 45.92677 0.02080591 1.40103649 0.02022383
t 99
c 363.83994 127.8176 45.92677 0.02080591 1.40103649 0.02022383
t 98
c 363.83994 127.8176 45.92677 0.02080591 1.40103649 0.02022383
t 97
c 363.83994 127.8176 45.92677 0.02080591 1.40103649 0.02022383
t 96
c 363.83994 127.8176 45.92677 0.02080591 1.40103649 0.02022383
t 95
c 363.83994 127.8176 45.92677 0.02080591 1.40103649 0.02022383
t 94
c 363.83994 127.8176 45.92677 0.02080591 1.40103649 0.02022383
t 93
c 363.83994 127.8176 45.92677 0.02080591 1.40103649 0.02022383
t 92
c 363.83994 127.8176 45.92677 0.02080591 1.40103649 0.02022383
t 91
c 363.83994 127.8176 45.92677 0.02080591 1.40103649 0.02022383
t 90
c 363.83994 127.8176 45.92677 0.02080591 1.40103649 0.02022383
t 89
c 363.83994 127.8176 45.92677 0.02080591 1.40103649 0.02022383
t 88
c 363.83994 127.8176 45.92677 0.02080591 1.40103649 0.02022383
t 87
c 363.83994 127.8176 45.92677 0.02080591 1.40103649 0.02022383
t 86
c 363.83994 127.8176 45.92677 0.02080591 1.40103649 0.02022383
t 85
c 363.83994 127.8176 45.92677 0.02080591 1.40103649 0.02022383
t 84
c 363.83994 127.8176 45.92677 0.02080591 1.40103649 0.02022383
t 83
c 363.83994 127.8176 45.92677 0.02080591 1.40103649 0.02022383
t 82
c 363.83994 127.8176 45.92677 0.02080591 1.40103649 0.02022383
t 81
c 363.83994 127.8176 45.92677 0.02080591 1.40103649 0.02022383
t 80
c 363.83994 127.8176 45.92677 0.02080591 1.40103649 0.02022383
t 79
c 363.83994 127.8176 45.92677 0.02080591 1.40103649 0.02022383
t 78
c 363.83994 127.8176 45.92677 0.02080591 1.40103649 0.02022383
t 77
c 363.83994 127.8176 45.92677 0.02080591 1.40103649 0.02022383
t 76
c 363.83994 127.8176 45.92677 0.02080591 1.40103649 0.02022383
t 75
c 363.83994 127.8176 45.92677 0.02080591 1.40103649 0.02022383
t 74
c 363.83994 127.8176 45.92677 0.02080591 1.40103649 0.02022383
t 73
c 363.83994 127.8176 45.92677 0.02080591 1.40103649 0.02022383
t 72
c 363.83994 127.8176 45.92677 0.02080591 1.40103649 0.02022383
t 71
c 363.83994 127.8176 45.92677 0.02080591 1.40103649 0.02022383
t 70
c 363.83994 127.8176 45.92677 0.02080591 1.40103649 0.02022383
t 69
c 363.83994 127.8176 45.92677 0.02080591 1.40103649 0.02022383
t 68
s 1.000
c 363.83994 127.8176 45.92677 0.02080591 1.40103649 0.02022383
t 68
c 360.88276 127.80677 51.16816 0.02053399 1.40107789 0.0199988
t 68
c 357.92559 127.79594 56.40955 0.02026206 1.40111928 0.01977377
t 68
c 354.96842 127.7851 61.65094 0.01999013 1.40116068 0.01954874
t 68
c 352.01125 127.77427 66.89233 0.01971821 1.40120207 0.01932371
t 68
s 1.000
c 352.01125 127.77427 66.89233 0.01971821 1.40120207 0.01932371
t 68
c 351.64719 122.67539 66.88989 0.01971818 1.40119193 0.01932591
t 68
c 351.28313 117.57651 66.88746 0.01971814 1.40118178 0.0193281
t 68
c 350.91907 112.47762 66.88502 0.01971811 1.40117164 0.0193303
t 68
c 350.55501 107.37874 66.88259 0.01971808 1.4011615 0.01933249
t 68
c 350.19095 102.27986 66.88015 0.01971804 1.40115135 0.01933469
t 68
c 349.82689 97.18098 66.87772 0.01971801 1.40114121 0.01933688
t 68
c 349.46283 92.0821 66.87528 0.01971798 1.40113106 0.01933908
t 68
c 349.09877 86.98322 66.87285 0.01971795 1.40112092 0.01934128
t 68
c 348.73471 81.88433 66.87041 0.01971791 1.40111077 0.01934347
t 68
c 348.37065 76.78545 66.86798 0.01971788 1.40110063 0.01934567
t 68
c 348.00659 71.68657 66.86554 0.01971785 1.40109049 0.01934786
t 68
c 347.64253 66.58769 66.86311 0.01971781 1.40108034 0.01935006
t 68
c 347.27847 61.48881 66.86067 0.01971778 1.4010702 0.01935225
t 68
c 346.91441 56.38993 66.85824 0.01971775 1.40106005 0.01935445
t 68
c 346.55035 51.29104 66.8558 0.01971772 1.40104991 0.01935664
t 68
c 346.18629 46.19216 66.85337 0.01971768 1.40103976 0.01935884
t 68
c 345.82223 41.09328 66.85093 0.01971765 1.40102962 0.01936103
t 68
c 345.45817 35.9944 66.8485 0.01971762 1.40101948 0.01936323
t 68
c 345.09411 30.89552 66.84607 0.01971758 1.40100933 0.01936543
t 68
c 344.73005 25.79663 66.84363 0.01971755 1.40099919 0.01936762
t 68
c 344.36599 20.69775 66.8412 0.01971752 1.40098904 0.01936982
t 68
c 344.00193 15.59887 66.83876 0.01971749 1.4009789 0.01937201
t 68
c 343.63787 10.49999 66.83633 0.01971745 1.40096875 0.01937421
t 68
c 343.27381 5.40111 66.83389 0.01971742 1.40095861 0.0193764
t 68
c 342.90975 0.30223 66.83146 0.01971739 1.40094847 0.0193786
t 68
c 342.54569 -4.79666 66.82902 0.01971735 1.40093832 0.01938079
t 68
c 342.18163 -9.89554 66.82659 0.01971732 1.40092818 0.01938299
t 68
c 341.81757 -14.99442 66.82415 0.01971729 1.40091803 0.01938518
t 68
c 341.45351 -20.0933 66.82172 0.01971725 1.40090789 0.01938738
t 68
c 341.08945 -25.19218 66.81928 0.01971722 1.40089775 0.01938958
t 68
c 340.72539 -30.29106 66.81685 0.01971719 1.4008876 0.01939177
t 68
c 340.36133 -35.38995 66.81441 0.01971716 1.40087746 0.01939397
t 68
c 339.99727 -40.48883 66.81198 0.01971712 1.40086731 0.01939616
t 68
c 339.63321 -45.58771 66.80954 0.01971709 1.40085717 0.01939836
t 68
c 339.26915 -50.68659 66.80711 0.01971706 1.40084702 0.01940055
t 68
c 338.90509 -55.78547 66.80467 0.01971702 1.40083688 0.01940275
t 68
c 338.54103 -60.88436 66.80224 0.01971699 1.40082674 0.01940494
t 68
c 338.17697 -65.98324 66.7998 0.01971696 1.40081659 0.01940714
t 68
s 1.000
c 338.17697 -65.98324 66.7998 0.01971696 1.40081659 0.01940714
t 68
c 338.15674 -65.9772 61.55969 0.01988825 1.40093143 0.01962484
t 66
c 338.13651 -65.97116 56.31958 0.02005954 1.40104627 0.01984255
t 64
c 338.11629 -65.96512 51.07947 0.02023083 1.4011611 0.02006025
t 63
c 338.09606 -65.95907 45.83936 0.02040212 1.40127594 0.02027795
t 61
c 338.07584 -65.95303 40.59925 0.02057341 1.40139078 0.02049566
t 60
s 1.000
c 338.07584 -65.95303 40.59925 0.02057341 1.40139078 0.02049566
t 60
c 338.07584 -65.95303 40.59925 0.02057341 1.40139078 0.02049566
t 61
c 338.07584 -65.95303 40.59925 0.02057341 1.40139078 0.02049566
t 62
c 338.07584 -65.95303 40.59925 0.02057341 1.40139078 0.02049566
t 63
c 338.07584 -65.95303 40.59925 0.02057341 1.40139078 0.02049566
t 64
c 338.07584 -65.95303 40.59925 0.02057341 1.40139078 0.02049566
t 65
c 338.07584 -65.95303 40.59925 0.02057341 1.40139078 0.02049566
t 66
c 338.07584 -65.95303 40.59925 0.02057341 1.40139078 0.02049566
t 67
c 338.07584 -65.95303 40.59925 0.02057341 1.40139078 0.02049566
t 68
c 338.07584 -65.95303 40.59925 0.02057341 1.40139078 0.02049566
t 69
c 338.07584 -65.95303 40.59925 0.02057341 1.40139078 0.02049566
t 70
c 338.07584 -65.95303 40.59925 0.02057341 1.40139078 0.02049566
t 71
c 338.07584 -65.95303 40.59925 0.02057341 1.40139078 0.02049566
t 72
c 338.07584 -65.95303 40.59925 0.02057341 1.40139078 0.02049566
t 73
c 338.07584 -65.95303 40.59925 0.02057341 1.40139078 0.02049566
t 74
c 338.07584 -65.95303 40.59925 0.02057341 1.40139078 0.02049566
t 75
c 338.07584 -65.95303 40.59925 0.02057341 1.40139078 0.02049566
t 76
c 338.07584 -65.95303 40.59925 0.02057341 1.40139078 0.02049566
t 77
c 338.07584 -65.95303 40.59925 0.02057341 1.40139078 0.02049566
t 78
c 338.07584 -65.95303 40.59925 0.02057341 1.40139078 0.02049566
t 79
c 338.07584 -65.95303 40.59925 0.02057341 1.40139078 0.02049566
t 80
c 338.07584 -65.95303 40.59925 0.02057341 1.40139078 0.02049566
t 81
c 338.07584 -65.95303 40.59925 0.02057341 1.40139078 0.02049566
t 81
c 338.07584 -65.95303 40.59925 0.02057341 1.40139078 0.02049566
t 82
c 338.07584 -65.95303 40.59925 0.02057341 1.40139078 0.02049566
t 83
c 338.07584 -65.95303 40.59925 0.02057341 1.40139078 0.02049566
t 84
c 338.07584 -65.95303 40.59925 0.02057341 1.40139078 0.02049566
t 85
c 338.07584 -65.95303 40.59925 0.02057341 1.40139078 0.02049566
t 86
c 338.07584 -65.95303 40.59925 0.02057341 1.40139078 0.02049566
t 87
c 338.07584 -65.95303 40.59925 0.02057341 1.40139078 0.02049566
t 88
c 338.07584 -65.95303 40.59925 0.02057341 1.40139078 0.02049566
t 89
c 338.07584 -65.95303 40.59925 0.02057341 1.40139078 0.02049566
t 90
c 338.07584 -65.95303 40.59925 0.02057341 1.40139078 0.02049566
t 91
c 338.07584 -65.95303 40.59925 0.02057341 1.40139078 0.02049566
t 92
c 338.07584 -65.95303 40.59925 0.02057341 1.40139078 0.02049566
t 93
c 338.07584 -65.95303 40.59925 0.02057341 1.40139078 0.02049566
t 94
c 338.07584 -65.95303 40.59925 0.02057341 1.40139078 0.02049566
t 95
c 338.07584 -65.95303 40.59925 0.02057341 1.40139078 0.02049566
t 96
c 338.07584 -65.95303 40.59925 0.02057341 1.40139078 0.02049566
t 97
c 338.07584 -65.95303 40.59925 0.02057341 1.40139078 0.02049566
t 98
c 338.07584 -65.95303 40.59925 0.02057341 1.40139078 0.02049566
t 99
c 338.07584 -65.95303 40.59925 0.02057341 1.40139078 0.02049566
t 100
c 338.07584 -65.95303 40.59925 0.02057341 1.40139078 0.02049566
t 101
c 338.07584 -65.95303 40.59925 0.02057341 1.40139078 0.02049566
t 102
c 338.07584 -65.95303 40.59925 0.02057341 1.40139078 0.02049566
t 103
c 338.07584 -65.95303 40.59925 0.02057341 1.40139078 0.02049566
t 104
c 338.07584 -65.95303 40.59925 0.02057341 1.40139078 0.02049566
t 105
c 338.07584 -65.95303 40.59925 0.02057341 1.40139078 0.02049566
t 106
c 338.07584 -65.95303 40.59925 0.02057341 1.40139078 0.02049566
t 107
c 338.07584 -65.95303 40.59925 0.02057341 1.40139078 0.02049566
t 108
c 338.07584 -65.95303 40.59925 0.02057341 1.40139078 0.02049566
t 109
c 338.07584 -65.95303 40.59925 0.02057341 1.40139078 0.02049566
t 110
c 338.07584 -65.95303 40.59925 0.02057341 1.40139078 0.02049566
t 111
c 338.07584 -65.95303 40.59925 0.02057341 1.40139078 0.02049566
t 112
c 338.07584 -65.95303 40.59925 0.02057341 1.40139078 0.02049566
t 113
