c 340.27025 -77.43026 51.4196 0.00058771 1.31772209 0.00039218
t 134
c 340.25486 -77.42527 47.18115 0.00068477 1.31779176 0.00048602
t 134
c 340.23948 -77.42027 42.9427 0.00078183 1.31786143 0.00057986
t 134
c 340.22409 -77.41528 38.70425 0.00087888 1.3179311 0.0006737
t 134
c 340.20871 -77.41029 34.4658 0.00097594 1.31800077 0.00076755
t 134
c 340.19332 -77.4053 30.22735 0.00107299 1.31807044 0.00086139
t 134
c 340.17794 -77.4003 25.98889 0.00117005 1.31814011 0.00095523
t 134
c 340.16255 -77.39531 21.75044 0.0012671 1.31820978 0.00104907
t 134
c 340.14717 -77.39032 17.51199 0.00136416 1.31827945 0.00114292
t 134
c 340.14717 -77.39032 17.51199 0.00136416 1.31827945 0.00114292
t 134
c 340.12001 -77.38971 25.19903 0.00123376 1.31848089 0.00119407
t 60
c 340.12001 -77.38971 25.19903 0.00123376 1.31848089 0.00119407
t 60
c 340.11661 -77.38542 29.44324 0.00131848 1.31849747 0.00129165
t 60
c 340.11322 -77.38113 33.68744 0.00140321 1.31851406 0.00138923
t 60
c 340.10982 -77.37685 37.93164 0.00148793 1.31853065 0.00148682
t 60
c 340.10642 -77.37256 42.17585 0.00157266 1.31854724 0.0015844
t 60
c 340.10303 -77.36828 46.42005 0.00165739 1.31856383 0.00168198
t 60
c 340.09963 -77.36399 50.66425 0.00174211 1.31858042 0.00177957
t 60
c 340.09624 -77.3597 54.90846 0.00182684 1.31859701 0.00187715
t 60
c 340.09284 -77.35542 59.15266 0.00191156 1.3186136 0.00197473
t 60
c 340.08945 -77.35113 63.39686 0.00199629 1.31863019 0.00207232
t 60
c 340.08605 -77.34685 67.64107 0.00208102 1.31864678 0.0021699
t 60
c 340.08266 -77.34256 71.88527 0.00216574 1.31866337 0.00226748
t 60
c 340.08266 -77.34256 71.88527 0.00216574 1.31866337 0.00226748
t 60
c 340.08348 -73.29652 71.88489 0.00210841 1.31865981 0.00222849
t 60
c 340.0843 -69.25049 71.88452 0.00205108 1.31865626 0.0021895
t 60
c 340.08512 -65.20445 71.88414 0.00199375 1.31865271 0.00215052
t 60
c 340.08594 -61.15841 71.88376 0.00193642 1.31864916 0.00211153
t 60
c 340.08676 -57.11238 71.88339 0.00187909 1.3186456 0.00207254
t 60
c 340.08758 -53.06634 71.88301 0.00182176 1.31864205 0.00203355
t 59
c 340.0884 -49.02031 71.88263 0.00176443 1.3186385 0.00199456
t 60
c 340.08922 -44.97427 71.88226 0.0017071 1.31863494 0.00195558
t 60
c 340.09004 -40.92823 71.88188 0.00164977 1.31863139 0.00191659
t 60
c 340.09086 -36.8822 71.8815 0.00159244 1.31862784 0.0018776
t 60
c 340.09168 -32.83616 71.88112 0.00153511 1.31862428 0.00183861
t 60
c 340.0925 -28.79012 71.88075 0.00147778 1.31862073 0.00179962
t 60
c 340.09332 -24.74409 71.88037 0.00142046 1.31861718 0.00176064
t 60
c 340.09414 -20.69805 71.87999 0.00136313 1.31861363 0.00172165
t 60
c 340.09496 -16.65202 71.87962 0.0013058 1.31861007 0.00168266
t 60
c 340.09578 -12.60598 71.87924 0.00124847 1.31860652 0.00164367
t 60
c 340.0966 -8.55994 71.87886 0.00119114 1.31860297 0.00160468
t 60
c 340.09742 -4.51391 71.87849 0.00113381 1.31859941 0.00156569
t 60
c 340.09824 -0.46787 71.87811 0.00107648 1.31859586 0.00152671
t 60
c 340.09906 3.57817 71.87773 0.00101915 1.31859231 0.00148772
t 60
c 340.09988 7.6242 71.87735 0.00096182 1.31858875 0.00144873
t 60
c 340.1007 11.67024 71.87698 0.00090449 1.3185852 0.00140974
t 60
c 340.10152 15.71628 71.8766 0.00084716 1.31858165 0.00137075
t 60
c 340.10234 19.76231 71.87622 0.00078983 1.3185781 0.00133177
t 60
c 340.10316 23.80835 71.87585 0.0007325 1.31857454 0.00129278
t 60
c 340.10398 27.85438 71.87547 0.00067517 1.31857099 0.00125379
t 60
c 340.1048 31.90042 71.87509 0.00061784 1.31856744 0.0012148
t 60
c 340.10562 35.94646 71.87472 0.00056051 1.31856388 0.00117581
t 60
c 340.10644 39.99249 71.87434 0.00050318 1.31856033 0.00113683
t 60
c 340.10726 44.03853 71.87396 0.00044585 1.31855678 0.00109784
t 60
c 340.10808 48.08457 71.87358 0.00038852 1.31855323 0.00105885
t 60
c 340.1089 52.1306 71.87321 0.00033119 1.31854967 0.00101986
t 60
c 340.10972 56.17664 71.87283 0.00027386 1.31854612 0.00098087
t 60
c 340.11054 60.22267 71.87245 0.00021653 1.31854257 0.00094188
t 60
c 340.11136 64.26871 71.87208 0.0001592 1.31853901 0.0009029
t 60
c 340.11218 68.31475 71.8717 0.00010187 1.31853546 0.00086391
t 60
c 340.113 72.36078 71.87132 4.454e-05 1.31853191 0.00082492
t 60
c 340.11382 76.40682 71.87095 -1.279e-05 1.31852835 0.00078593
t 60
c 340.11464 80.45286 71.87057 -7.012e-05 1.3185248 0.00074694
t 60
c 340.11546 84.49889 71.87019 -0.00012745 1.31852125 0.00070796
t 60
c 340.11628 88.54493 71.86981 -0.00018478 1.3185177 0.00066897
t 60
c 340.1171 92.59097 71.86944 -0.00024211 1.31851414 0.00062998
t 60
c 340.11792 96.637 71.86906 -0.00029944 1.31851059 0.00059099
t 60
c 340.11874 100.68304 71.86868 -0.00035677 1.31850704 0.000552
t 60
c 340.11957 104.72907 71.86831 -0.0004141 1.31850348 0.00051302
t 60
c 340.12039 108.77511 71.86793 -0.00047143 1.31849993 0.00047403
t 60
c 340.12121 112.82115 71.86755 -0.00052876 1.31849638 0.00043504
t 60
c 340.12203 116.86718 71.86718 -0.00058609 1.31849283 0.00039605
t 60
c 340.12285 120.91322 71.8668 -0.00064342 1.31848927 0.00035706
t 60
c 340.12367 124.95926 71.86642 -0.00070075 1.31848572 0.00031807
t 60
c 340.12449 129.00529 71.86604 -0.00075808 1.31848217 0.00027909
t 60
c 340.12531 133.05133 71.86567 -0.00081541 1.31847861 0.0002401
t 60
c 340.12613 137.09737 71.86529 -0.00087274 1.31847506 0.00020111
t 60
c 340.12695 141.1434 71.86491 -0.00093007 1.31847151 0.00016212
t 60
c 340.12695 141.1434 71.86491 -0.00093007 1.31847151 0.00016212
t 60
c 340.12588 141.1449 67.66602 -0.00091207 1.31848012 0.00019378
t 59
c 340.12482 141.1464 63.46712 -0.00089407 1.31848874 0.00022544
t 60
c 340.12376 141.1479 59.26822 -0.00087607 1.31849736 0.00025709
t 60
c 340.12269 141.1494 55.06933 -0.00085807 1.31850597 0.00028875
t 60
c 340.12163 141.1509 50.87043 -0.00084007 1.31851459 0.00032041
t 60
c 340.12057 141.1524 46.67153 -0.00082207 1.3185232 0.00035206
t 60
c 340.1195 141.1539 42.47264 -0.00080407 1.31853182 0.00038372
t 60
c 340.11844 141.1554 38.27374 -0.00078607 1.31854044 0.00041537
t 60
c 340.11738 141.1569 34.07484 -0.00076807 1.31854905 0.00044703
t 60
c 340.11738 141.1569 34.07484 -0.00076807 1.31854905 0.00044703
t 60
c 340.11738 141.1569 34.07484 -0.00076807 1.31854905 0.00044703
t 61
c 340.11738 141.1569 34.07484 -0.00076807 1.31854905 0.00044703
t 62
c 340.11738 141.1569 34.07484 -0.00076807 1.31854905 0.00044703
t 63
c 340.11738 141.1569 34.07484 -0.00076807 1.31854905 0.00044703
t 64
c 340.11738 141.1569 34.07484 -0.00076807 1.31854905 0.00044703
t 65
c 340.11738 141.1569 34.07484 -0.00076807 1.31854905 0.00044703
t 66
c 340.11738 141.1569 34.07484 -0.00076807 1.31854905 0.00044703
t 67
c 340.11738 141.1569 34.07484 -0.00076807 1.31854905 0.00044703
t 68
c 340.11738 141.1569 34.07484 -0.00076807 1.31854905 0.00044703
t 69
c 340.11738 141.1569 34.07484 -0.00076807 1.31854905 0.00044703
t 70
c 340.11738 141.1569 34.07484 -0.00076807 1.31854905 0.00044703
t 71
c 340.11738 141.1569 34.07484 -0.00076807 1.31854905 0.00044703
t 72
c 340.11738 141.1569 34.07484 -0.00076807 1.31854905 0.00044703
t 73
c 340.11738 141.1569 34.07484 -0.00076807 1.31854905 0.00044703
t 74
c 340.11738 141.1569 34.07484 -0.00076807 1.31854905 0.00044703
t 75
c 340.11738 141.1569 34.07484 -0.00076807 1.31854905 0.00044703
t 76
c 340.11738 141.1569 34.07484 -0.00076807 1.31854905 0.00044703
t 77
c 340.11738 141.1569 34.07484 -0.00076807 1.31854905 0.00044703
t 78
c 340.11738 141.1569 34.07484 -0.00076807 1.31854905 0.00044703
t 79
c 340.11738 141.1569 34.07484 -0.00076807 1.31854905 0.00044703
t 80
c 340.11738 141.1569 34.07484 -0.00076807 1.31854905 0.00044703
t 81
c 340.11738 141.1569 34.07484 -0.00076807 1.31854905 0.00044703
t 82
c 340.11738 141.1569 34.07484 -0.00076807 1.31854905 0.00044703
t 83
c 340.11738 141.1569 34.07484 -0.00076807 1.31854905 0.00044703
t 84
c 340.11738 141.1569 34.07484 -0.00076807 1.31854905 0.00044703
t 85
c 340.11738 141.1569 34.07484 -0.00076807 1.31854905 0.00044703
t 86
c 340.11738 141.1569 34.07484 -0.00076807 1.31854905 0.00044703
t 87
c 340.11738 141.1569 34.07484 -0.00076807 1.31854905 0.00044703
t 88
c 340.11738 141.1569 34.07484 -0.00076807 1.31854905 0.00044703
t 89
c 340.11738 141.1569 34.07484 -0.00076807 1.31854905 0.00044703
t 90
c 340.11738 141.1569 34.07484 -0.00076807 1.31854905 0.00044703
t 91
c 340.11738 141.1569 34.07484 -0.00076807 1.31854905 0.00044703
t 92
c 340.11738 141.1569 34.07484 -0.00076807 1.31854905 0.00044703
t 93
c 340.11738 141.1569 34.07484 -0.00076807 1.31854905 0.00044703
t 94
c 340.11738 141.1569 34.07484 -0.00076807 1.31854905 0.00044703
t 95
c 340.11738 141.1569 34.07484 -0.00076807 1.31854905 0.00044703
t 96
c 340.11738 141.1569 34.07484 -0.00076807 1.31854905 0.00044703
t 97
c 340.11738 141.1569 34.07484 -0.00076807 1.31854905 0.00044703
t 98
c 340.11738 141.1569 34.07484 -0.00076807 1.31854905 0.00044703
t 99
c 340.11738 141.1569 34.07484 -0.00076807 1.31854905 0.00044703
t 99
c 340.11738 141.1569 34.07484 -0.00076807 1.31854905 0.00044703
t 100
c 340.11738 141.1569 34.07484 -0.00076807 1.31854905 0.00044703
t 101
c 340.11738 141.1569 34.07484 -0.00076807 1.31854905 0.00044703
t 102
c 340.11738 141.1569 34.07484 -0.00076807 1.31854905 0.00044703
t 103
c 340.11738 141.1569 34.07484 -0.00076807 1.31854905 0.00044703
t 104
c 340.11738 141.1569 34.07484 -0.00076807 1.31854905 0.00044703
t 105
c 340.11738 141.1569 34.07484 -0.00076807 1.31854905 0.00044703
t 106
c 340.11738 141.1569 34.07484 -0.00076807 1.31854905 0.00044703
t 107
c 340.11738 141.1569 34.07484 -0.00076807 1.31854905 0.00044703
t 108
c 340.11738 141.1569 34.07484 -0.00076807 1.31854905 0.00044703
t 109
c 340.11738 141.1569 34.07484 -0.00076807 1.31854905 0.00044703
t 110
c 340.11738 141.1569 34.07484 -0.00076807 1.31854905 0.00044703
t 111
c 340.11738 141.1569 34.07484 -0.00076807 1.31854905 0.00044703
t 112
c 340.11738 141.1569 34.07484 -0.00076807 1.31854905 0.00044703
t 113
c 340.11738 141.1569 34.07484 -0.00076807 1.31854905 0.00044703
t 114
c 340.11738 141.1569 34.07484 -0.00076807 1.31854905 0.00044703
t 115
c 340.11738 141.1569 34.07484 -0.00076807 1.31854905 0.00044703
t 116
c 340.11738 141.1569 34.07484 -0.00076807 1.31854905 0.00044703
t 117
c 340.11738 141.1569 34.07484 -0.00076807 1.31854905 0.00044703
t 118
c 340.11738 141.1569 34.07484 -0.00076807 1.31854905 0.00044703
t 119
c 340.11738 141.1569 34.07484 -0.00076807 1.31854905 0.00044703
t 120
c 340.11738 141.1569 34.07484 -0.00076807 1.31854905 0.00044703
t 121
c 340.11738 141.1569 34.07484 -0.00076807 1.31854905 0.00044703
t 122
c 340.11738 141.1569 34.07484 -0.00076807 1.31854905 0.00044703
t 123
c 340.11738 141.1569 34.07484 -0.00076807 1.31854905 0.00044703
t 124
c 340.11738 141.1569 34.07484 -0.00076807 1.31854905 0.00044703
t 125
c 340.11738 141.1569 34.07484 -0.00076807 1.31854905 0.00044703
t 126
c 340.11738 141.1569 34.07484 -0.00076807 1.31854905 0.00044703
t 127
c 340.11738 141.1569 34.07484 -0.00076807 1.31854905 0.00044703
t 128
c 340.11738 141.1569 34.07484 -0.00076807 1.31854905 0.00044703
t 129
c 340.11738 141.1569 34.07484 -0.00076807 1.31854905 0.00044703
t 128
c 340.11738 141.1569 34.07484 -0.00076807 1.31854905 0.00044703
t 127
c 340.11738 141.1569 34.07484 -0.00076807 1.31854905 0.00044703
t 126
c 340.11738 141.1569 34.07484 -0.00076807 1.31854905 0.00044703
t 125
c 340.11738 141.1569 34.07484 -0.00076807 1.31854905 0.00044703
t 123
c 340.11738 141.1569 34.07484 -0.00076807 1.31854905 0.00044703
t 123
c 340.11738 141.1569 34.07484 -0.00076807 1.31854905 0.00044703
t 122
c 340.11738 141.1569 34.07484 -0.00076807 1.31854905 0.00044703
t 121
c 340.11738 141.1569 34.07484 -0.00076807 1.31854905 0.00044703
t 120
c 340.11738 141.1569 34.07484 -0.00076807 1.31854905 0.00044703
t 119
c 340.11738 141.1569 34.07484 -0.00076807 1.31854905 0.00044703
t 118
c 340.11738 141.1569 34.07484 -0.00076807 1.31854905 0.00044703
t 117
c 340.11738 141.1569 34.07484 -0.00076807 1.31854905 0.00044703
t 116
c 340.11738 141.1569 34.07484 -0.00076807 1.31854905 0.00044703
t 115
c 340.11738 141.1569 34.07484 -0.00076807 1.31854905 0.00044703
t 114
c 340.11738 141.1569 34.07484 -0.00076807 1.31854905 0.00044703
t 113
c 340.11738 141.1569 34.07484 -0.00076807 1.31854905 0.00044703
t 112
c 340.11738 141.1569 34.07484 -0.00076807 1.31854905 0.00044703
t 111
c 340.11738 141.1569 34.07484 -0.00076807 1.31854905 0.00044703
t 110
c 340.11738 141.1569 34.07484 -0.00076807 1.31854905 0.00044703
t 109
c 340.11738 141.1569 34.07484 -0.00076807 1.31854905 0.00044703
t 108
c 340.11738 141.1569 34.07484 -0.00076807 1.31854905 0.00044703
t 107
c 340.11738 141.1569 34.07484 -0.00076807 1.31854905 0.00044703
t 106
c 340.11738 141.1569 34.07484 -0.00076807 1.31854905 0.00044703
t 105
c 340.11738 141.1569 34.07484 -0.00076807 1.31854905 0.00044703
t 104
c 340.11738 141.1569 34.07484 -0.00076807 1.31854905 0.00044703
t 103
c 340.11738 141.1569 34.07484 -0.00076807 1.31854905 0.00044703
t 102
c 340.11738 141.1569 34.07484 -0.00076807 1.31854905 0.00044703
t 101
c 340.11738 141.1569 34.07484 -0.00076807 1.31854905 0.00044703
t 100
c 340.11738 141.1569 34.07484 -0.00076807 1.31854905 0.00044703
t 99
c 340.11738 141.1569 34.07484 -0.00076807 1.31854905 0.00044703
t 98
c 340.11738 141.1569 34.07484 -0.00076807 1.31854905 0.00044703
t 97
c 340.11738 141.1569 34.07484 -0.00076807 1.31854905 0.00044703
t 96
c 340.11738 141.1569 34.07484 -0.00076807 1.31854905 0.00044703
t 95
c 340.11738 141.1569 34.07484 -0.00076807 1.31854905 0.00044703
t 94
c 340.11738 141.1569 34.07484 -0.00076807 1.31854905 0.00044703
t 93
c 340.11738 141.1569 34.07484 -0.00076807 1.31854905 0.00044703
t 92
c 340.11738 141.1569 34.07484 -0.00076807 1.31854905 0.00044703
t 91
c 340.11738 141.1569 34.07484 -0.00076807 1.31854905 0.00044703
t 90
c 340.11738 141.1569 34.07484 -0.00076807 1.31854905 0.00044703
t 89
c 340.11738 141.1569 34.07484 -0.00076807 1.31854905 0.00044703
t 88
c 340.11738 141.1569 34.07484 -0.00076807 1.31854905 0.00044703
t 87
c 340.11738 141.1569 34.07484 -0.00076807 1.31854905 0.00044703
t 86
c 340.11738 141.1569 34.07484 -0.00076807 1.31854905 0.00044703
t 85
c 340.11738 141.1569 34.07484 -0.00076807 1.31854905 0.00044703
t 84
c 340.11738 141.1569 34.07484 -0.00076807 1.31854905 0.00044703
t 83
c 340.11738 141.1569 34.07484 -0.00076807 1.31854905 0.00044703
t 82
c 340.11738 141.1569 34.07484 -0.00076807 1.31854905 0.00044703
t 81
c 340.11738 141.1569 34.07484 -0.00076807 1.31854905 0.00044703
t 80
c 340.11738 141.1569 34.07484 -0.00076807 1.31854905 0.00044703
t 79
c 340.11738 141.1569 34.07484 -0.00076807 1.31854905 0.00044703
t 78
c 340.11738 141.1569 34.07484 -0.00076807 1.31854905 0.00044703
t 77
c 340.11738 141.1569 34.07484 -0.00076807 1.31854905 0.00044703
t 76
c 340.11738 141.1569 34.07484 -0.00076807 1.31854905 0.00044703
t 75
c 340.11738 141.1569 34.07484 -0.00076807 1.31854905 0.00044703
t 74
c 340.11738 141.1569 34.07484 -0.00076807 1.31854905 0.00044703
t 73
c 340.11738 141.1569 34.07484 -0.00076807 1.31854905 0.00044703
t 72
c 340.11738 141.1569 34.07484 -0.00076807 1.31854905 0.00044703
t 71
c 340.11738 141.1569 34.07484 -0.00076807 1.31854905 0.00044703
t 70
c 340.11738 141.1569 34.07484 -0.00076807 1.31854905 0.00044703
t 69
c 340.11738 141.1569 34.07484 -0.00076807 1.31854905 0.00044703
t 68
c 340.11738 141.1569 34.07484 -0.00076807 1.31854905 0.00044703
t 67
c 340.11738 141.1569 34.07484 -0.00076807 1.31854905 0.00044703
t 66
c 340.11738 141.1569 34.07484 -0.00076807 1.31854905 0.00044703
t 65
c 340.11738 141.1569 34.07484 -0.00076807 1.31854905 0.00044703
t 64
c 340.11738 141.1569 34.07484 -0.00076807 1.31854905 0.00044703
t 63
c 340.11738 141.1569 34.07484 -0.00076807 1.31854905 0.00044703
t 63
c 340.12124 141.15826 38.26904 -0.00071134 1.31852327 0.0004832
t 63
c 340.1251 141.15962 42.46324 -0.0006546 1.3184975 0.00051937
t 63
c 340.12896 141.16098 46.65744 -0.00059787 1.31847172 0.00055554
t 63
c 340.13283 141.16234 50.85164 -0.00054114 1.31844594 0.0005917
t 63
c 340.13669 141.1637 55.04584 -0.0004844 1.31842017 0.00062787
t 63
c 340.14055 141.16506 59.24004 -0.00042767 1.31839439 0.00066404
t 63
c 340.14441 141.16643 63.43424 -0.00037094 1.31836861 0.00070021
t 63
c 340.14828 141.16779 67.62845 -0.0003142 1.31834283 0.00073638
t 63
c 340.15214 141.16915 71.82265 -0.00025747 1.31831706 0.00077255
t 63
c 340.156 141.17051 76.01685 -0.00020074 1.31829128 0.00080871
t 63
c 340.15986 141.17187 80.21105 -0.00014401 1.3182655 0.00084488
t 63
c 340.16373 141.17323 84.40525 -8.727e-05 1.31823973 0.00088105
t 63
c 340.16759 141.17459 88.59945 -3.054e-05 1.31821395 0.00091722
t 63
c 340.16759 141.17459 88.59945 -3.054e-05 1.31821395 0.00091722
t 63
c 340.16853 137.15125 88.60166 -2.12e-05 1.31820547 0.00091886
t 63
c 340.16946 133.12791 88.60388 -1.185e-05 1.31819699 0.00092051
t 63
c 340.17039 129.10457 88.6061 -2.51e-06 1.31818851 0.00092215
t 63
c 340.17133 125.08123 88.60831 6.84e-06 1.31818003 0.00092379
t 63
c 340.17226 121.05788 88.61053 1.618e-05 1.31817155 0.00092544
t 63
c 340.1732 117.03454 88.61275 2.552e-05 1.31816307 0.00092708
t 63
c 340.17413 113.0112 88.61496 3.487e-05 1.31815459 0.00092872
t 63
c 340.17507 108.98786 88.61718 4.421e-05 1.31814611 0.00093037
t 63
c 340.176 104.96452 88.6194 5.356e-05 1.31813764 0.00093201
t 63
c 340.17694 100.94117 88.62161 6.29e-05 1.31812916 0.00093366
t 63
c 340.17787 96.91783 88.62383 7.224e-05 1.31812068 0.0009353
t 63
c 340.17881 92.89449 88.62605 8.159e-05 1.3181122 0.00093694
t 63
c 340.17974 88.87115 88.62826 9.093e-05 1.31810372 0.00093859
t 63
c 340.18068 84.84781 88.63048 0.00010028 1.31809524 0.00094023
t 63
c 340.18161 80.82446 88.6327 0.00010962 1.31808676 0.00094187
t 63
c 340.18255 76.80112 88.63491 0.00011896 1.31807828 0.00094352
t 63
c 340.18348 72.77778 88.63713 0.00012831 1.3180698 0.00094516
t 63
c 340.18442 68.75444 88.63935 0.00013765 1.31806132 0.00094681
t 63
c 340.18535 64.7311 88.64156 0.000147 1.31805284 0.00094845
t 63
c 340.18629 60.70775 88.64378 0.00015634 1.31804436 0.00095009
t 63
c 340.18722 56.68441 88.646 0.00016568 1.31803588 0.00095174
t 63
c 340.18816 52.66107 88.64821 0.00017503 1.31802741 0.00095338
t 63
c 340.18909 48.63773 88.65043 0.00018437 1.31801893 0.00095502
t 63
c 340.19003 44.61439 88.65264 0.00019372 1.31801045 0.00095667
t 63
c 340.19096 40.59104 88.65486 0.00020306 1.31800197 0.00095831
t 63
c 340.1919 36.5677 88.65708 0.0002124 1.31799349 0.00095996
t 63
c 340.19283 32.54436 88.65929 0.00022175 1.31798501 0.0009616
t 63
c 340.19377 28.52102 88.66151 0.00023109 1.31797653 0.00096324
t 63
c 340.1947 24.49768 88.66373 0.00024044 1.31796805 0.00096489
t 63
c 340.19563 20.47433 88.66594 0.00024978 1.31795957 0.00096653
t 63
c 340.19657 16.45099 88.66816 0.00025912 1.31795109 0.00096817
t 63
c 340.1975 12.42765 88.67038 0.00026847 1.31794261 0.00096982
t 63
c 340.19844 8.40431 88.67259 0.00027781 1.31793413 0.00097146
t 63
c 340.19937 4.38097 88.67481 0.00028716 1.31792565 0.0009731
t 63
c 340.20031 0.35762 88.67703 0.0002965 1.31791717 0.00097475
t 63
c 340.20124 -3.66572 88.67924 0.00030584 1.3179087 0.00097639
t 63
c 340.20218 -7.68906 88.68146 0.00031519 1.31790022 0.00097804
t 63
c 340.20311 -11.7124 88.68368 0.00032453 1.31789174 0.00097968
t 63
c 340.20405 -15.73574 88.68589 0.00033388 1.31788326 0.00098132
t 63
c 340.20498 -19.75909 88.68811 0.00034322 1.31787478 0.00098297
t 63
c 340.20592 -23.78243 88.69033 0.00035256 1.3178663 0.00098461
t 63
c 340.20685 -27.80577 88.69254 0.00036191 1.31785782 0.00098625
t 63
c 340.20779 -31.82911 88.69476 0.00037125 1.31784934 0.0009879
t 63
c 340.20872 -35.85245 88.69698 0.0003806 1.31784086 0.00098954
t 63
c 340.20966 -39.8758 88.69919 0.00038994 1.31783238 0.00099119
t 63
c 340.21059 -43.89914 88.70141 0.00039928 1.3178239 0.00099283
t 63
c 340.21153 -47.92248 88.70363 0.00040863 1.31781542 0.00099447
t 63
c 340.21246 -51.94582 88.70584 0.00041797 1.31780694 0.00099612
t 63
c 340.2134 -55.96916 88.70806 0.00042732 1.31779846 0.00099776
t 63
c 340.21433 -59.99251 88.71028 0.00043666 1.31778999 0.0009994
t 63
c 340.21527 -64.01585 88.71249 0.000446 1.31778151 0.00100105
t 63
c 340.21527 -64.01585 88.71249 0.000446 1.31778151 0.00100105
t 63
c 340.21984 -64.01928 84.70119 0.00037911 1.31775934 0.00092471
t 63
c 340.22442 -64.02272 80.68988 0.00031222 1.31773717 0.00084836
t 63
c 340.229 -64.02615 76.67858 0.00024532 1.317715 0.00077202
t 63
c 340.23358 -64.02958 72.66727 0.00017843 1.31769283 0.00069568
t 63
c 340.23816 -64.03302 68.65597 0.00011153 1.31767066 0.00061934
t 63
c 340.24274 -64.03645 64.64466 4.464e-05 1.31764849 0.00054299
t 63
c 340.24731 -64.03989 60.63335 -2.225e-05 1.31762633 0.00046665
t 63
c 340.25189 -64.04332 56.62205 -8.915e-05 1.31760416 0.00039031
t 63
c 340.25647 -64.04676 52.61074 -0.00015604 1.31758199 0.00031397
t 63
c 340.26105 -64.05019 48.59944 -0.00022293 1.31755982 0.00023762
t 63
c 340.26563 -64.05362 44.58813 -0.00028983 1.31753765 0.00016128
t 63
c 340.27021 -64.05706 40.57683 -0.00035672 1.31751548 8.494e-05
t 63
c 340.27478 -64.06049 36.56552 -0.00042362 1.31749331 8.6e-06
t 63
c 340.27936 -64.06393 32.55422 -0.00049051 1.31747115 -6.775e-05
t 63
c 340.27936 -64.06393 32.55422 -0.00049051 1.31747115 -6.775e-05
t 63
c 340.27936 -64.06393 32.55422 -0.00049051 1.31747115 -6.775e-05
t 64
c 340.27936 -64.06393 32.55422 -0.00049051 1.31747115 -6.775e-05
t 65
c 340.27936 -64.06393 32.55422 -0.00049051 1.31747115 -6.775e-05
t 66
c 340.27936 -64.06393 32.55422 -0.00049051 1.31747115 -6.775e-05
t 67
c 340.27936 -64.06393 32.55422 -0.00049051 1.31747115 -6.775e-05
t 68
c 340.27936 -64.06393 32.55422 -0.00049051 1.31747115 -6.775e-05
t 69
c 340.27936 -64.06393 32.55422 -0.00049051 1.31747115 -6.775e-05
t 70
c 340.27936 -64.06393 32.55422 -0.00049051 1.31747115 -6.775e-05
t 71
c 340.27936 -64.06393 32.55422 -0.00049051 1.31747115 -6.775e-05
t 72
c 340.27936 -64.06393 32.55422 -0.00049051 1.31747115 -6.775e-05
t 73
c 340.27936 -64.06393 32.55422 -0.00049051 1.31747115 -6.775e-05
t 74
c 340.27936 -64.06393 32.55422 -0.00049051 1.31747115 -6.775e-05
t 75
c 340.27936 -64.06393 32.55422 -0.00049051 1.31747115 -6.775e-05
t 76
c 340.27936 -64.06393 32.55422 -0.00049051 1.31747115 -6.775e-05
t 77
c 340.27936 -64.06393 32.55422 -0.00049051 1.31747115 -6.775e-05
t 78
c 340.27936 -64.06393 32.55422 -0.00049051 1.31747115 -6.775e-05
t 79
c 340.27936 -64.06393 32.55422 -0.00049051 1.31747115 -6.775e-05
t 80
c 340.27936 -64.06393 32.55422 -0.00049051 1.31747115 -6.775e-05
t 81
c 340.27936 -64.06393 32.55422 -0.00049051 1.31747115 -6.775e-05
t 82
c 340.27936 -64.06393 32.55422 -0.00049051 1.31747115 -6.775e-05
t 83
c 340.27936 -64.06393 32.55422 -0.00049051 1.31747115 -6.775e-05
t 84
c 340.27936 -64.06393 32.55422 -0.00049051 1.31747115 -6.775e-05
t 85
c 340.27936 -64.06393 32.55422 -0.00049051 1.31747115 -6.775e-05
t 86
c 340.27936 -64.06393 32.55422 -0.00049051 1.31747115 -6.775e-05
t 87
c 340.27936 -64.06393 32.55422 -0.00049051 1.31747115 -6.775e-05
t 88
c 340.27936 -64.06393 32.55422 -0.00049051 1.31747115 -6.775e-05
t 89
c 340.27936 -64.06393 32.55422 -0.00049051 1.31747115 -6.775e-05
t 90
c 340.27936 -64.06393 32.55422 -0.00049051 1.31747115 -6.775e-05
t 91
c 340.27936 -64.06393 32.55422 -0.00049051 1.31747115 -6.775e-05
t 92
c 340.27936 -64.06393 32.55422 -0.00049051 1.31747115 -6.775e-05
t 93
c 340.27936 -64.06393 32.55422 -0.00049051 1.31747115 -6.775e-05
t 94
c 340.27936 -64.06393 32.55422 -0.00049051 1.31747115 -6.775e-05
t 95
c 340.27936 -64.06393 32.55422 -0.00049051 1.31747115 -6.775e-05
t 96
c 340.27936 -64.06393 32.55422 -0.00049051 1.31747115 -6.775e-05
t 97
c 340.27936 -64.06393 32.55422 -0.00049051 1.31747115 -6.775e-05
t 98
c 340.27936 -64.06393 32.55422 -0.00049051 1.31747115 -6.775e-05
t 99
c 340.27936 -64.06393 32.55422 -0.00049051 1.31747115 -6.775e-05
t 100
c 340.27936 -64.06393 32.55422 -0.00049051 1.31747115 -6.775e-05
t 101
c 340.27936 -64.06393 32.55422 -0.00049051 1.31747115 -6.775e-05
t 102
c 340.27936 -64.06393 32.55422 -0.00049051 1.31747115 -6.775e-05
t 103
c 340.27936 -64.06393 32.55422 -0.00049051 1.31747115 -6.775e-05
t 103
c 340.27936 -64.06393 32.55422 -0.00049051 1.31747115 -6.775e-05
t 104
c 340.27936 -64.06393 32.55422 -0.00049051 1.31747115 -6.775e-05
t 105
c 340.27936 -64.06393 32.55422 -0.00049051 1.31747115 -6.775e-05
t 106
c 340.27936 -64.06393 32.55422 -0.00049051 1.31747115 -6.775e-05
t 107
c 340.27936 -64.06393 32.55422 -0.00049051 1.31747115 -6.775e-05
t 108
c 340.27936 -64.06393 32.55422 -0.00049051 1.31747115 -6.775e-05
t 109
c 340.27936 -64.06393 32.55422 -0.00049051 1.31747115 -6.775e-05
t 110
c 340.27936 -64.06393 32.55422 -0.00049051 1.31747115 -6.775e-05
t 111
c 340.27936 -64.06393 32.55422 -0.00049051 1.31747115 -6.775e-05
t 112
c 340.27936 -64.06393 32.55422 -0.00049051 1.31747115 -6.775e-05
t 113
c 340.27936 -64.06393 32.55422 -0.00049051 1.31747115 -6.775e-05
t 114
c 340.27936 -64.06393 32.55422 -0.00049051 1.31747115 -6.775e-05
t 115
c 340.27936 -64.06393 32.55422 -0.00049051 1.31747115 -6.775e-05
t 116
c 340.27936 -64.06393 32.55422 -0.00049051 1.31747115 -6.775e-05
t 117
c 340.27936 -64.06393 32.55422 -0.00049051 1.31747115 -6.775e-05
t 118
c 340.27936 -64.06393 32.55422 -0.00049051 1.31747115 -6.775e-05
t 119
c 340.27936 -64.06393 32.55422 -0.00049051 1.31747115 -6.775e-05
t 120
c 340.27936 -64.06393 32.55422 -0.00049051 1.31747115 -6.775e-05
t 121
c 340.27936 -64.06393 32.55422 -0.00049051 1.31747115 -6.775e-05
t 122
c 340.27936 -64.06393 32.55422 -0.00049051 1.31747115 -6.775e-05
t 123
c 340.27936 -64.06393 32.55422 -0.00049051 1.31747115 -6.775e-05
t 124
c 340.27936 -64.06393 32.55422 -0.00049051 1.31747115 -6.775e-05
t 125
c 340.27936 -64.06393 32.55422 -0.00049051 1.31747115 -6.775e-05
t 126
c 340.27936 -64.06393 32.55422 -0.00049051 1.31747115 -6.775e-05
t 127
c 340.27936 -64.06393 32.55422 -0.00049051 1.31747115 -6.775e-05
t 128
c 340.27936 -64.06393 32.55422 -0.00049051 1.31747115 -6.775e-05
t 129
c 340.27936 -64.06393 32.55422 -0.00049051 1.31747115 -6.775e-05
t 130
c 340.27936 -64.06393 32.55422 -0.00049051 1.31747115 -6.775e-05
t 131
c 340.27936 -64.06393 32.55422 -0.00049051 1.31747115 -6.775e-05
t 132
