c 335.00155 -230.3618 330.74401 0.0 -0.2029315 0.0
c 335.01346 -230.3618 330.5417 0.0 -0.2029315 0.0
c 335.02537 -230.3618 330.33939 0.0 -0.2029315 0.0
c 335.03727 -230.3618 330.13709 0.0 -0.2029315 0.0
c 335.04918 -230.3618 329.93478 0.0 -0.2029315 0.0
c 335.06109 -230.3618 329.73247 0.0 -0.2029315 0.0
c 335.073 -230.3618 329.53016 0.0 -0.2029315 0.0
c 335.08491 -230.3618 329.32785 0.0 -0.2029315 0.0
c 335.09682 -230.3618 329.12554 0.0 -0.2029315 0.0
c 335.10873 -230.3618 328.92323 0.0 -0.2029315 0.0
c 335.12064 -230.3618 328.72092 0.0 -0.2029315 0.0
c 335.13254 -230.3618 328.51861 0.0 -0.2029315 0.0
c 335.14445 -230.3618 328.3163 0.0 -0.2029315 0.0
c 335.15636 -230.3618 328.11399 0.0 -0.2029315 0.0
c 335.16827 -230.3618 327.91168 0.0 -0.2029315 0.0
c 335.18018 -230.3618 327.70937 0.0 -0.2029315 0.0
c 335.19209 -230.3618 327.50707 0.0 -0.2029315 0.0
c 335.204 -230.3618 327.30476 0.0 -0.2029315 0.0
c 335.21591 -230.3618 327.10245 0.0 -0.2029315 0.0
c 335.22782 -230.3618 326.90014 0.0 -0.2029315 0.0
c 335.23972 -230.3618 326.69783 0.0 -0.2029315 0.0
c 335.25163 -230.3618 326.49552 0.0 -0.2029315 0.0
c 335.26354 -230.3618 326.29321 0.0 -0.2029315 0.0
c 335.27545 -230.3618 326.0909 0.0 -0.2029315 0.0
c 335.28736 -230.3618 325.88859 0.0 -0.2029315 0.0
c 335.29927 -230.3618 325.68628 0.0 -0.2029315 0.0
c 335.31118 -230.3618 325.48397 0.0 -0.2029315 0.0
c 335.32309 -230.3618 325.28166 0.0 -0.2029315 0.0
c 335.33499 -230.3618 325.07935 0.0 -0.2029315 0.0
c 335.3469 -230.3618 324.87705 0.0 -0.2029315 0.0
c 335.35881 -230.3618 324.67474 0.0 -0.2029315 0.0
c 335.37072 -230.3618 324.47243 0.0 -0.2029315 0.0
c 335.38263 -230.3618 324.27012 0.0 -0.2029315 0.0
c 335.39454 -230.3618 324.06781 0.0 -0.2029315 0.0
c 335.40645 -230.3618 323.8655 0.0 -0.2029315 0.0
c 335.41836 -230.3618 323.66319 0.0 -0.2029315 0.0
c 335.43027 -230.3618 323.46088 0.0 -0.2029315 0.0
c 335.44217 -230.3618 323.25857 0.0 -0.2029315 0.0
c 335.45408 -230.3618 323.05626 0.0 -0.2029315 0.0
c 335.46599 -230.3618 322.85395 0.0 -0.2029315 0.0
c 335.4779 -230.3618 322.65164 0.0 -0.2029315 0.0
c 335.48981 -230.3618 322.44933 0.0 -0.2029315 0.0
c 335.50172 -230.3618 322.24703 0.0 -0.2029315 0.0
c 335.51363 -230.3618 322.04472 0.0 -0.2029315 0.0
c 335.52554 -230.3618 321.84241 0.0 -0.2029315 0.0
c 335.53744 -230.3618 321.6401 0.0 -0.2029315 0.0
c 335.54935 -230.3618 321.43779 0.0 -0.2029315 0.0
c 335.56126 -230.3618 321.23548 0.0 -0.2029315 0.0
c 335.57317 -230.3618 321.03317 0.0 -0.2029315 0.0
c 335.58508 -230.3618 320.83086 0.0 -0.2029315 0.0
c 335.59699 -230.3618 320.62855 0.0 -0.2029315 0.0
c 335.6089 -230.3618 320.42624 0.0 -0.2029315 0.0
c 335.62081 -230.3618 320.22393 0.0 -0.2029315 0.0
c 335.63272 -230.3618 320.02162 0.0 -0.2029315 0.0
c 335.64462 -230.3618 319.81931 0.0 -0.2029315 0.0
c 335.65653 -230.3618 319.61701 0.0 -0.2029315 0.0
c 335.66844 -230.3618 319.4147 0.0 -0.2029315 0.0
c 335.68035 -230.3618 319.21239 0.0 -0.2029315 0.0
c 335.69226 -230.3618 319.01008 0.0 -0.2029315 0.0
c 335.70417 -230.3618 318.80777 0.0 -0.2029315 0.0
c 335.71608 -230.3618 318.60546 0.0 -0.2029315 0.0
c 335.72799 -230.3618 318.40315 0.0 -0.2029315 0.0
c 335.73989 -230.3618 318.20084 0.0 -0.2029315 0.0
c 335.7518 -230.3618 317.99853 0.0 -0.2029315 0.0
c 335.76371 -230.3618 317.79622 0.0 -0.2029315 0.0
c 335.77562 -230.3618 317.59391 0.0 -0.2029315 0.0
c 335.78753 -230.3618 317.3916 0.0 -0.2029315 0.0
c 335.79944 -230.3618 317.18929 0.0 -0.2029315 0.0
c 335.81135 -230.3618 316.98699 0.0 -0.2029315 0.0
c 335.82326 -230.3618 316.78468 0.0 -0.2029315 0.0
c 335.83517 -230.3618 316.58237 0.0 -0.2029315 0.0
c 335.84707 -230.3618 316.38006 0.0 -0.2029315 0.0
c 335.85898 -230.3618 316.17775 0.0 -0.2029315 0.0
c 335.87089 -230.3618 315.97544 0.0 -0.2029315 0.0
c 335.8828 -230.3618 315.77313 0.0 -0.2029315 0.0
c 335.89471 -230.3618 315.57082 0.0 -0.2029315 0.0
c 335.90662 -230.3618 315.36851 0.0 -0.2029315 0.0
c 335.91853 -230.3618 315.1662 0.0 -0.2029315 0.0
c 335.93044 -230.3618 314.96389 0.0 -0.2029315 0.0
c 335.94234 -230.3618 314.76158 0.0 -0.2029315 0.0
c 335.95425 -230.3618 314.55927 0.0 -0.2029315 0.0
c 335.96616 -230.3618 314.35697 0.0 -0.2029315 0.0
c 335.97807 -230.3618 314.15466 0.0 -0.2029315 0.0
c 335.98998 -230.3618 313.95235 0.0 -0.2029315 0.0
c 336.00189 -230.3618 313.75004 0.0 -0.2029315 0.0
c 336.0138 -230.3618 313.54773 0.0 -0.2029315 0.0
c 336.02571 -230.3618 313.34542 0.0 -0.2029315 0.0
c 336.03762 -230.3618 313.14311 0.0 -0.2029315 0.0
c 336.04952 -230.3618 312.9408 0.0 -0.2029315 0.0
c 336.06143 -230.3618 312.73849 0.0 -0.2029315 0.0
c 336.07334 -230.3618 312.53618 0.0 -0.2029315 0.0
c 336.08525 -230.3618 312.33387 0.0 -0.2029315 0.0
c 336.09716 -230.3618 312.13156 0.0 -0.2029315 0.0
c 336.10907 -230.3618 311.92925 0.0 -0.2029315 0.0
c 336.12098 -230.3618 311.72695 0.0 -0.2029315 0.0
c 336.13289 -230.3618 311.52464 0.0 -0.2029315 0.0
c 336.14479 -230.3618 311.32233 0.0 -0.2029315 0.0
c 336.1567 -230.3618 311.12002 0.0 -0.2029315 0.0
c 336.16861 -230.3618 310.91771 0.0 -0.2029315 0.0
c 336.18052 -230.3618 310.7154 0.0 -0.2029315 0.0
c 336.19243 -230.3618 310.51309 0.0 -0.2029315 0.0
c 336.20434 -230.3618 310.31078 0.0 -0.2029315 0.0
c 336.21625 -230.3618 310.10847 0.0 -0.2029315 0.0
c 336.22816 -230.3618 309.90616 0.0 -0.2029315 0.0
c 336.24007 -230.3618 309.70385 0.0 -0.2029315 0.0
c 336.25197 -230.3618 309.50154 0.0 -0.2029315 0.0
c 336.26388 -230.3618 309.29923 0.0 -0.2029315 0.0
c 336.27579 -230.3618 309.09693 0.0 -0.2029315 0.0
c 336.2877 -230.3618 308.89462 0.0 -0.2029315 0.0
c 336.29961 -230.3618 308.69231 0.0 -0.2029315 0.0
c 336.31152 -230.3618 308.49 0.0 -0.2029315 0.0
c 336.32343 -230.3618 308.28769 0.0 -0.2029315 0.0
c 336.33534 -230.3618 308.08538 0.0 -0.2029315 0.0
c 336.34724 -230.3618 307.88307 0.0 -0.2029315 0.0
c 336.35915 -230.3618 307.68076 0.0 -0.2029315 0.0
c 336.37106 -230.3618 307.47845 0.0 -0.2029315 0.0
c 336.38297 -230.3618 307.27614 0.0 -0.2029315 0.0
c 336.39488 -230.3618 307.07383 0.0 -0.2029315 0.0
c 336.40679 -230.3618 306.87152 0.0 -0.2029315 0.0
c 336.4187 -230.3618 306.66922 0.0 -0.2029315 0.0
c 336.43061 -230.3618 306.46691 0.0 -0.2029315 0.0
c 336.44251 -230.3618 306.2646 0.0 -0.2029315 0.0
c 336.45442 -230.3618 306.06229 0.0 -0.2029315 0.0
c 336.46633 -230.3618 305.85998 0.0 -0.2029315 0.0
c 336.47824 -230.3618 305.65767 0.0 -0.2029315 0.0
c 336.49015 -230.3618 305.45536 0.0 -0.2029315 0.0
c 336.50206 -230.3618 305.25305 0.0 -0.2029315 0.0
c 336.51397 -230.3618 305.05074 0.0 -0.2029315 0.0
c 336.52588 -230.3618 304.84843 0.0 -0.2029315 0.0
c 336.53779 -230.3618 304.64612 0.0 -0.2029315 0.0
c 336.54969 -230.3618 304.44381 0.0 -0.2029315 0.0
c 336.5616 -230.3618 304.2415 0.0 -0.2029315 0.0
c 336.57351 -230.3618 304.0392 0.0 -0.2029315 0.0
c 336.58542 -230.3618 303.83689 0.0 -0.2029315 0.0
c 336.59733 -230.3618 303.63458 0.0 -0.2029315 0.0
c 336.60924 -230.3618 303.43227 0.0 -0.2029315 0.0
c 336.62115 -230.3618 303.22996 0.0 -0.2029315 0.0
c 336.63306 -230.3618 303.02765 0.0 -0.2029315 0.0
c 336.64496 -230.3618 302.82534 0.0 -0.2029315 0.0
c 336.65687 -230.3618 302.62303 0.0 -0.2029315 0.0
c 336.66878 -230.3618 302.42072 0.0 -0.2029315 0.0
c 336.68069 -230.3618 302.21841 0.0 -0.2029315 0.0
c 336.6926 -230.3618 302.0161 0.0 -0.2029315 0.0
c 336.70451 -230.3618 301.81379 0.0 -0.2029315 0.0
c 336.71642 -230.3618 301.61148 0.0 -0.2029315 0.0
c 336.72833 -230.3618 301.40918 0.0 -0.2029315 0.0
c 336.74024 -230.3618 301.20687 0.0 -0.2029315 0.0
c 336.75214 -230.3618 301.00456 0.0 -0.2029315 0.0
c 336.76405 -230.3618 300.80225 0.0 -0.2029315 0.0
c 336.77596 -230.3618 300.59994 0.0 -0.2029315 0.0
c 336.78787 -230.3618 300.39763 0.0 -0.2029315 0.0
c 336.79978 -230.3618 300.19532 0.0 -0.2029315 0.0
c 336.81169 -230.3618 299.99301 0.0 -0.2029315 0.0
c 336.8236 -230.3618 299.7907 0.0 -0.2029315 0.0
c 336.83551 -230.3618 299.58839 0.0 -0.2029315 0.0
c 336.84741 -230.3618 299.38608 0.0 -0.2029315 0.0
c 336.85932 -230.3618 299.18377 0.0 -0.2029315 0.0
c 336.87123 -230.3618 298.98146 0.0 -0.2029315 0.0
c 336.88314 -230.3618 298.77916 0.0 -0.2029315 0.0
c 336.89505 -230.3618 298.57685 0.0 -0.2029315 0.0
c 336.90696 -230.3618 298.37454 0.0 -0.2029315 0.0
c 336.91887 -230.3618 298.17223 0.0 -0.2029315 0.0
c 336.93078 -230.3618 297.96992 0.0 -0.2029315 0.0
c 336.94269 -230.3618 297.76761 0.0 -0.2029315 0.0
c 336.95459 -230.3618 297.5653 0.0 -0.2029315 0.0
c 336.9665 -230.3618 297.36299 0.0 -0.2029315 0.0
c 336.97841 -230.3618 297.16068 0.0 -0.2029315 0.0
c 336.99032 -230.3618 296.95837 0.0 -0.2029315 0.0
c 337.00223 -230.3618 296.75606 0.0 -0.2029315 0.0
c 337.01414 -230.3618 296.55375 0.0 -0.2029315 0.0
c 337.02605 -230.3618 296.35144 0.0 -0.2029315 0.0
c 337.03796 -230.3618 296.14914 0.0 -0.2029315 0.0
c 337.04986 -230.3618 295.94683 0.0 -0.2029315 0.0
c 337.06177 -230.3618 295.74452 0.0 -0.2029315 0.0
c 337.07368 -230.3618 295.54221 0.0 -0.2029315 0.0
c 337.08559 -230.3618 295.3399 0.0 -0.2029315 0.0
c 337.0975 -230.3618 295.13759 0.0 -0.2029315 0.0
c 337.10941 -230.3618 294.93528 0.0 -0.2029315 0.0
c 337.12132 -230.3618 294.73297 0.0 -0.2029315 0.0
c 337.13323 -230.3618 294.53066 0.0 -0.2029315 0.0
c 337.14514 -230.3618 294.32835 0.0 -0.2029315 0.0
c 337.15704 -230.3618 294.12604 0.0 -0.2029315 0.0
c 337.16895 -230.3618 293.92373 0.0 -0.2029315 0.0
c 337.18086 -230.3618 293.72142 0.0 -0.2029315 0.0
c 337.19277 -230.3618 293.51912 0.0 -0.2029315 0.0
c 337.20468 -230.3618 293.31681 0.0 -0.2029315 0.0
c 337.21659 -230.3618 293.1145 0.0 -0.2029315 0.0
c 337.2285 -230.3618 292.91219 0.0 -0.2029315 0.0
c 337.24041 -230.3618 292.70988 0.0 -0.2029315 0.0
c 337.25231 -230.3618 292.50757 0.0 -0.2029315 0.0
c 337.26422 -230.3618 292.30526 0.0 -0.2029315 0.0
c 337.27613 -230.3618 292.10295 0.0 -0.2029315 0.0
c 337.28804 -230.3618 291.90064 0.0 -0.2029315 0.0
c 337.29995 -230.3618 291.69833 0.0 -0.2029315 0.0
c 337.31186 -230.3618 291.49602 0.0 -0.2029315 0.0
c 337.32377 -230.3618 291.29371 0.0 -0.2029315 0.0
c 337.33568 -230.3618 291.0914 0.0 -0.2029315 0.0
c 337.34759 -230.3618 290.8891 0.0 -0.2029315 0.0
c 337.35949 -230.3618 290.68679 0.0 -0.2029315 0.0
c 337.3714 -230.3618 290.48448 0.0 -0.2029315 0.0
c 337.38331 -230.3618 290.28217 0.0 -0.2029315 0.0
c 337.39522 -230.3618 290.07986 0.0 -0.2029315 0.0
c 337.40713 -230.3618 289.87755 0.0 -0.2029315 0.0
c 337.41904 -230.3618 289.67524 0.0 -0.2029315 0.0
c 337.43095 -230.3618 289.47293 0.0 -0.2029315 0.0
c 337.44286 -230.3618 289.27062 0.0 -0.2029315 0.0
c 337.45476 -230.3618 289.06831 0.0 -0.2029315 0.0
c 337.46667 -230.3618 288.866 0.0 -0.2029315 0.0
c 337.47858 -230.3618 288.66369 0.0 -0.2029315 0.0
c 337.49049 -230.3618 288.46138 0.0 -0.2029315 0.0
c 337.5024 -230.3618 288.25908 0.0 -0.2029315 0.0
c 337.51431 -230.3618 288.05677 0.0 -0.2029315 0.0
c 337.52622 -230.3618 287.85446 0.0 -0.2029315 0.0
c 337.53813 -230.3618 287.65215 0.0 -0.2029315 0.0
c 337.55003 -230.3618 287.44984 0.0 -0.2029315 0.0
c 337.56194 -230.3618 287.24753 0.0 -0.2029315 0.0
c 337.57385 -230.3618 287.04522 0.0 -0.2029315 0.0
c 337.58576 -230.3618 286.84291 0.0 -0.2029315 0.0
c 337.59767 -230.3618 286.6406 0.0 -0.2029315 0.0
c 337.60958 -230.3618 286.43829 0.0 -0.2029315 0.0
c 337.62149 -230.3618 286.23598 0.0 -0.2029315 0.0
c 337.6334 -230.3618 286.03367 0.0 -0.2029315 0.0
c 337.64531 -230.3618 285.83136 0.0 -0.2029315 0.0
c 337.65721 -230.3618 285.62906 0.0 -0.2029315 0.0
c 337.66912 -230.3618 285.42675 0.0 -0.2029315 0.0
c 337.68103 -230.3618 285.22444 0.0 -0.2029315 0.0
c 337.69294 -230.3618 285.02213 0.0 -0.2029315 0.0
c 337.70485 -230.3618 284.81982 0.0 -0.2029315 0.0
c 337.71676 -230.3618 284.61751 0.0 -0.2029315 0.0
c 337.72867 -230.3618 284.4152 0.0 -0.2029315 0.0
c 337.74058 -230.3618 284.21289 0.0 -0.2029315 0.0
c 337.75248 -230.3618 284.01058 0.0 -0.2029315 0.0
c 337.76439 -230.3618 283.80827 0.0 -0.2029315 0.0
c 337.7763 -230.3618 283.60596 0.0 -0.2029315 0.0
c 337.78821 -230.3618 283.40365 0.0 -0.2029315 0.0
c 337.80012 -230.3618 283.20134 0.0 -0.2029315 0.0
c 337.81203 -230.3618 282.99904 0.0 -0.2029315 0.0
c 337.82394 -230.3618 282.79673 0.0 -0.2029315 0.0
c 337.83585 -230.3618 282.59442 0.0 -0.2029315 0.0
c 337.84776 -230.3618 282.39211 0.0 -0.2029315 0.0
c 337.85966 -230.3618 282.1898 0.0 -0.2029315 0.0
c 337.87157 -230.3618 281.98749 0.0 -0.2029315 0.0
c 337.88348 -230.3618 281.78518 0.0 -0.2029315 0.0
c 337.89539 -230.3618 281.58287 0.0 -0.2029315 0.0
c 337.9073 -230.3618 281.38056 0.0 -0.2029315 0.0
c 337.91921 -230.3618 281.17825 0.0 -0.2029315 0.0
c 337.93112 -230.3618 280.97594 0.0 -0.2029315 0.0
c 337.94303 -230.3618 280.77363 0.0 -0.2029315 0.0
c 337.95493 -230.3618 280.57132 0.0 -0.2029315 0.0
c 337.96684 -230.3618 280.36902 0.0 -0.2029315 0.0
c 337.97875 -230.3618 280.16671 0.0 -0.2029315 0.0
c 337.99066 -230.3618 279.9644 0.0 -0.2029315 0.0
c 338.00257 -230.3618 279.76209 0.0 -0.2029315 0.0
c 338.01448 -230.3618 279.55978 0.0 -0.2029315 0.0
c 338.02639 -230.3618 279.35747 0.0 -0.2029315 0.0
c 338.0383 -230.3618 279.15516 0.0 -0.2029315 0.0
c 338.05021 -230.3618 278.95285 0.0 -0.2029315 0.0
c 338.06211 -230.3618 278.75054 0.0 -0.2029315 0.0
c 338.07402 -230.3618 278.54823 0.0 -0.2029315 0.0
c 338.08593 -230.3618 278.34592 0.0 -0.2029315 0.0
c 338.09784 -230.3618 278.14361 0.0 -0.2029315 0.0
c 338.10975 -230.3618 277.9413 0.0 -0.2029315 0.0
c 338.12166 -230.3618 277.739 0.0 -0.2029315 0.0
c 338.13357 -230.3618 277.53669 0.0 -0.2029315 0.0
c 338.14548 -230.3618 277.33438 0.0 -0.2029315 0.0
c 338.15738 -230.3618 277.13207 0.0 -0.2029315 0.0
c 338.16929 -230.3618 276.92976 0.0 -0.2029315 0.0
c 338.1812 -230.3618 276.72745 0.0 -0.2029315 0.0
c 338.19311 -230.3618 276.52514 0.0 -0.2029315 0.0
c 338.20502 -230.3618 276.32283 0.0 -0.2029315 0.0
c 338.21693 -230.3618 276.12052 0.0 -0.2029315 0.0
c 338.22884 -230.3618 275.91821 0.0 -0.2029315 0.0
c 338.24075 -230.3618 275.7159 0.0 -0.2029315 0.0
c 338.25266 -230.3618 275.51359 0.0 -0.2029315 0.0
c 338.26456 -230.3618 275.31128 0.0 -0.2029315 0.0
c 338.27647 -230.3618 275.10898 0.0 -0.2029315 0.0
c 338.28838 -230.3618 274.90667 0.0 -0.2029315 0.0
c 338.30029 -230.3618 274.70436 0.0 -0.2029315 0.0
c 338.3122 -230.3618 274.50205 0.0 -0.2029315 0.0
c 338.32411 -230.3618 274.29974 0.0 -0.2029315 0.0
c 338.33602 -230.3618 274.09743 0.0 -0.2029315 0.0
c 338.34793 -230.3618 273.89512 0.0 -0.2029315 0.0
c 338.35983 -230.3618 273.69281 0.0 -0.2029315 0.0
c 338.37174 -230.3618 273.4905 0.0 -0.2029315 0.0
c 338.38365 -230.3618 273.28819 0.0 -0.2029315 0.0
c 338.39556 -230.3618 273.08588 0.0 -0.2029315 0.0
c 338.40747 -230.3618 272.88357 0.0 -0.2029315 0.0
c 338.41938 -230.3618 272.68127 0.0 -0.2029315 0.0
c 338.43129 -230.3618 272.47896 0.0 -0.2029315 0.0
c 338.4432 -230.3618 272.27665 0.0 -0.2029315 0.0
c 338.45511 -230.3618 272.07434 0.0 -0.2029315 0.0
c 338.46701 -230.3618 271.87203 0.0 -0.2029315 0.0
c 338.47892 -230.3618 271.66972 0.0 -0.2029315 0.0
c 338.49083 -230.3618 271.46741 0.0 -0.2029315 0.0
c 338.50274 -230.3618 271.2651 0.0 -0.2029315 0.0
c 338.51465 -230.3618 271.06279 0.0 -0.2029315 0.0
c 338.52656 -230.3618 270.86048 0.0 -0.2029315 0.0
c 338.53847 -230.3618 270.65817 0.0 -0.2029315 0.0
c 338.55038 -230.3618 270.45586 0.0 -0.2029315 0.0
c 338.56228 -230.3618 270.25355 0.0 -0.2029315 0.0
c 338.57419 -230.3618 270.05125 0.0 -0.2029315 0.0
c 338.5861 -230.3618 269.84894 0.0 -0.2029315 0.0
c 338.59801 -230.3618 269.64663 0.0 -0.2029315 0.0
c 338.60992 -230.3618 269.44432 0.0 -0.2029315 0.0
c 338.62183 -230.3618 269.24201 0.0 -0.2029315 0.0
c 338.63374 -230.3618 269.0397 0.0 -0.2029315 0.0
c 338.64565 -230.3618 268.83739 0.0 -0.2029315 0.0
c 338.65756 -230.3618 268.63508 0.0 -0.2029315 0.0
c 338.66946 -230.3618 268.43277 0.0 -0.2029315 0.0
c 338.68137 -230.3618 268.23046 0.0 -0.2029315 0.0
c 338.69328 -230.3618 268.02815 0.0 -0.2029315 0.0
c 338.70519 -230.3618 267.82584 0.0 -0.2029315 0.0
c 338.7171 -230.3618 267.62353 0.0 -0.2029315 0.0
c 338.72901 -230.3618 267.42123 0.0 -0.2029315 0.0
c 338.74092 -230.3618 267.21892 0.0 -0.2029315 0.0
c 338.75283 -230.3618 267.01661 0.0 -0.2029315 0.0
c 338.76473 -230.3618 266.8143 0.0 -0.2029315 0.0
c 338.77664 -230.3618 266.61199 0.0 -0.2029315 0.0
c 338.78855 -230.3618 266.40968 0.0 -0.2029315 0.0
c 338.80046 -230.3618 266.20737 0.0 -0.2029315 0.0
c 338.81237 -230.3618 266.00506 0.0 -0.2029315 0.0
c 338.82428 -230.3618 265.80275 0.0 -0.2029315 0.0
c 338.83619 -230.3618 265.60044 0.0 -0.2029315 0.0
c 338.8481 -230.3618 265.39813 0.0 -0.2029315 0.0
c 338.86 -230.3618 265.19582 0.0 -0.2029315 0.0
c 338.87191 -230.3618 264.99351 0.0 -0.2029315 0.0
c 338.88382 -230.3618 264.79121 0.0 -0.2029315 0.0
c 338.89573 -230.3618 264.5889 0.0 -0.2029315 0.0
c 338.90764 -230.3618 264.38659 0.0 -0.2029315 0.0
c 338.91955 -230.3618 264.18428 0.0 -0.2029315 0.0
c 338.93146 -230.3618 263.98197 0.0 -0.2029315 0.0
c 338.94337 -230.3618 263.77966 0.0 -0.2029315 0.0
c 338.95528 -230.3618 263.57735 0.0 -0.2029315 0.0
c 338.96718 -230.3618 263.37504 0.0 -0.2029315 0.0
c 338.97909 -230.3618 263.17273 0.0 -0.2029315 0.0
c 338.991 -230.3618 262.97042 0.0 -0.2029315 0.0
c 339.00291 -230.3618 262.76811 0.0 -0.2029315 0.0
c 339.01482 -230.3618 262.5658 0.0 -0.2029315 0.0
c 339.02673 -230.3618 262.36349 0.0 -0.2029315 0.0
c 339.03864 -230.3618 262.16119 0.0 -0.2029315 0.0
c 339.05055 -230.3618 261.95888 0.0 -0.2029315 0.0
c 339.05055 -230.3618 261.95888 0.0 -0.2029315 0.0
c 339.05055 -230.16102 261.95888 0.0 -0.2029315 0.0
c 339.05055 -229.96024 261.95888 0.0 -0.2029315 0.0
c 339.05055 -229.75946 261.95888 0.0 -0.2029315 0.0
c 339.05055 -229.55868 261.95888 0.0 -0.2029315 0.0
c 339.05055 -229.3579 261.95888 0.0 -0.2029315 0.0
c 339.05055 -229.15713 261.95888 0.0 -0.2029315 0.0
c 339.05055 -228.95635 261.95888 0.0 -0.2029315 0.0
c 339.05055 -228.75557 261.95888 0.0 -0.2029315 0.0
c 339.05055 -228.55479 261.95888 0.0 -0.2029315 0.0
c 339.05055 -228.35401 261.95888 0.0 -0.2029315 0.0
c 339.05055 -228.15324 261.95888 0.0 -0.2029315 0.0
c 339.05055 -227.95246 261.95888 0.0 -0.2029315 0.0
c 339.05055 -227.75168 261.95888 0.0 -0.2029315 0.0
c 339.05055 -227.5509 261.95888 0.0 -0.2029315 0.0
c 339.05055 -227.35012 261.95888 0.0 -0.2029315 0.0
c 339.05055 -227.14934 261.95888 0.0 -0.2029315 0.0
c 339.05055 -226.94857 261.95888 0.0 -0.2029315 0.0
c 339.05055 -226.74779 261.95888 0.0 -0.2029315 0.0
c 339.05055 -226.54701 261.95888 0.0 -0.2029315 0.0
c 339.05055 -226.34623 261.95888 0.0 -0.2029315 0.0
c 339.05055 -226.14545 261.95888 0.0 -0.2029315 0.0
c 339.05055 -225.94468 261.95888 0.0 -0.2029315 0.0
c 339.05055 -225.7439 261.95888 0.0 -0.2029315 0.0
c 339.05055 -225.54312 261.95888 0.0 -0.2029315 0.0
c 339.05055 -225.34234 261.95888 0.0 -0.2029315 0.0
c 339.05055 -225.14156 261.95888 0.0 -0.2029315 0.0
c 339.05055 -224.94078 261.95888 0.0 -0.2029315 0.0
c 339.05055 -224.74001 261.95888 0.0 -0.2029315 0.0
c 339.05055 -224.53923 261.95888 0.0 -0.2029315 0.0
c 339.05055 -224.33845 261.95888 0.0 -0.2029315 0.0
c 339.05055 -224.13767 261.95888 0.0 -0.2029315 0.0
c 339.05055 -223.93689 261.95888 0.0 -0.2029315 0.0
c 339.05055 -223.73612 261.95888 0.0 -0.2029315 0.0
c 339.05055 -223.53534 261.95888 0.0 -0.2029315 0.0
c 339.05055 -223.33456 261.95888 0.0 -0.2029315 0.0
c 339.05055 -223.13378 261.95888 0.0 -0.2029315 0.0
c 339.05055 -222.933 261.95888 0.0 -0.2029315 0.0
c 339.05055 -222.73222 261.95888 0.0 -0.2029315 0.0
c 339.05055 -222.53145 261.95888 0.0 -0.2029315 0.0
c 339.05055 -222.33067 261.95888 0.0 -0.2029315 0.0
c 339.05055 -222.12989 261.95888 0.0 -0.2029315 0.0
c 339.05055 -221.92911 261.95888 0.0 -0.2029315 0.0
c 339.05055 -221.72833 261.95888 0.0 -0.2029315 0.0
c 339.05055 -221.52756 261.95888 0.0 -0.2029315 0.0
c 339.05055 -221.32678 261.95888 0.0 -0.2029315 0.0
c 339.05055 -221.126 261.95888 0.0 -0.2029315 0.0
c 339.05055 -220.92522 261.95888 0.0 -0.2029315 0.0
c 339.05055 -220.72444 261.95888 0.0 -0.2029315 0.0
c 339.05055 -220.52366 261.95888 0.0 -0.2029315 0.0
c 339.05055 -220.32289 261.95888 0.0 -0.2029315 0.0
c 339.05055 -220.12211 261.95888 0.0 -0.2029315 0.0
c 339.05055 -219.92133 261.95888 0.0 -0.2029315 0.0
c 339.05055 -219.72055 261.95888 0.0 -0.2029315 0.0
c 339.05055 -219.51977 261.95888 0.0 -0.2029315 0.0
c 339.05055 -219.319 261.95888 0.0 -0.2029315 0.0
c 339.05055 -219.11822 261.95888 0.0 -0.2029315 0.0
c 339.05055 -218.91744 261.95888 0.0 -0.2029315 0.0
c 339.05055 -218.71666 261.95888 0.0 -0.2029315 0.0
c 339.05055 -218.51588 261.95888 0.0 -0.2029315 0.0
c 339.05055 -218.3151 261.95888 0.0 -0.2029315 0.0
c 339.05055 -218.11433 261.95888 0.0 -0.2029315 0.0
c 339.05055 -217.91355 261.95888 0.0 -0.2029315 0.0
c 339.05055 -217.71277 261.95888 0.0 -0.2029315 0.0
c 339.05055 -217.51199 261.95888 0.0 -0.2029315 0.0
c 339.05055 -217.31121 261.95888 0.0 -0.2029315 0.0
c 339.05055 -217.11044 261.95888 0.0 -0.2029315 0.0
c 339.05055 -216.90966 261.95888 0.0 -0.2029315 0.0
c 339.05055 -216.70888 261.95888 0.0 -0.2029315 0.0
c 339.05055 -216.5081 261.95888 0.0 -0.2029315 0.0
c 339.05055 -216.30732 261.95888 0.0 -0.2029315 0.0
c 339.05055 -216.10654 261.95888 0.0 -0.2029315 0.0
c 339.05055 -215.90577 261.95888 0.0 -0.2029315 0.0
c 339.05055 -215.70499 261.95888 0.0 -0.2029315 0.0
c 339.05055 -215.50421 261.95888 0.0 -0.2029315 0.0
c 339.05055 -215.30343 261.95888 0.0 -0.2029315 0.0
c 339.05055 -215.10265 261.95888 0.0 -0.2029315 0.0
c 339.05055 -214.90188 261.95888 0.0 -0.2029315 0.0
c 339.05055 -214.7011 261.95888 0.0 -0.2029315 0.0
c 339.05055 -214.50032 261.95888 0.0 -0.2029315 0.0
c 339.05055 -214.29954 261.95888 0.0 -0.2029315 0.0
c 339.05055 -214.09876 261.95888 0.0 -0.2029315 0.0
c 339.05055 -213.89798 261.95888 0.0 -0.2029315 0.0
c 339.05055 -213.69721 261.95888 0.0 -0.2029315 0.0
c 339.05055 -213.49643 261.95888 0.0 -0.2029315 0.0
c 339.05055 -213.29565 261.95888 0.0 -0.2029315 0.0
c 339.05055 -213.09487 261.95888 0.0 -0.2029315 0.0
c 339.05055 -212.89409 261.95888 0.0 -0.2029315 0.0
c 339.05055 -212.69332 261.95888 0.0 -0.2029315 0.0
c 339.05055 -212.49254 261.95888 0.0 -0.2029315 0.0
c 339.05055 -212.29176 261.95888 0.0 -0.2029315 0.0
c 339.05055 -212.09098 261.95888 0.0 -0.2029315 0.0
c 339.05055 -211.8902 261.95888 0.0 -0.2029315 0.0
c 339.05055 -211.68942 261.95888 0.0 -0.2029315 0.0
c 339.05055 -211.48865 261.95888 0.0 -0.2029315 0.0
c 339.05055 -211.28787 261.95888 0.0 -0.2029315 0.0
c 339.05055 -211.08709 261.95888 0.0 -0.2029315 0.0
c 339.05055 -210.88631 261.95888 0.0 -0.2029315 0.0
c 339.05055 -210.68553 261.95888 0.0 -0.2029315 0.0
c 339.05055 -210.48476 261.95888 0.0 -0.2029315 0.0
c 339.05055 -210.28398 261.95888 0.0 -0.2029315 0.0
c 339.05055 -210.0832 261.95888 0.0 -0.2029315 0.0
c 339.05055 -209.88242 261.95888 0.0 -0.2029315 0.0
c 339.05055 -209.68164 261.95888 0.0 -0.2029315 0.0
c 339.05055 -209.48086 261.95888 0.0 -0.2029315 0.0
c 339.05055 -209.28009 261.95888 0.0 -0.2029315 0.0
c 339.05055 -209.07931 261.95888 0.0 -0.2029315 0.0
c 339.05055 -208.87853 261.95888 0.0 -0.2029315 0.0
c 339.05055 -208.67775 261.95888 0.0 -0.2029315 0.0
c 339.05055 -208.47697 261.95888 0.0 -0.2029315 0.0
c 339.05055 -208.2762 261.95888 0.0 -0.2029315 0.0
c 339.05055 -208.07542 261.95888 0.0 -0.2029315 0.0
c 339.05055 -207.87464 261.95888 0.0 -0.2029315 0.0
c 339.05055 -207.67386 261.95888 0.0 -0.2029315 0.0
c 339.05055 -207.47308 261.95888 0.0 -0.2029315 0.0
c 339.05055 -207.2723 261.95888 0.0 -0.2029315 0.0
c 339.05055 -207.07153 261.95888 0.0 -0.2029315 0.0
c 339.05055 -206.87075 261.95888 0.0 -0.2029315 0.0
c 339.05055 -206.66997 261.95888 0.0 -0.2029315 0.0
c 339.05055 -206.46919 261.95888 0.0 -0.2029315 0.0
c 339.05055 -206.26841 261.95888 0.0 -0.2029315 0.0
c 339.05055 -206.06764 261.95888 0.0 -0.2029315 0.0
c 339.05055 -205.86686 261.95888 0.0 -0.2029315 0.0
c 339.05055 -205.66608 261.95888 0.0 -0.2029315 0.0
c 339.05055 -205.4653 261.95888 0.0 -0.2029315 0.0
c 339.05055 -205.26452 261.95888 0.0 -0.2029315 0.0
c 339.05055 -205.06374 261.95888 0.0 -0.2029315 0.0
c 339.05055 -204.86297 261.95888 0.0 -0.2029315 0.0
c 339.05055 -204.66219 261.95888 0.0 -0.2029315 0.0
c 339.05055 -204.46141 261.95888 0.0 -0.2029315 0.0
c 339.05055 -204.26063 261.95888 0.0 -0.2029315 0.0
c 339.05055 -204.05985 261.95888 0.0 -0.2029315 0.0
c 339.05055 -203.85908 261.95888 0.0 -0.2029315 0.0
c 339.05055 -203.6583 261.95888 0.0 -0.2029315 0.0
c 339.05055 -203.45752 261.95888 0.0 -0.2029315 0.0
c 339.05055 -203.25674 261.95888 0.0 -0.2029315 0.0
c 339.05055 -203.05596 261.95888 0.0 -0.2029315 0.0
c 339.05055 -202.85518 261.95888 0.0 -0.2029315 0.0
c 339.05055 -202.65441 261.95888 0.0 -0.2029315 0.0
c 339.05055 -202.45363 261.95888 0.0 -0.2029315 0.0
c 339.05055 -202.25285 261.95888 0.0 -0.2029315 0.0
c 339.05055 -202.05207 261.95888 0.0 -0.2029315 0.0
c 339.05055 -201.85129 261.95888 0.0 -0.2029315 0.0
c 339.05055 -201.65052 261.95888 0.0 -0.2029315 0.0
c 339.05055 -201.44974 261.95888 0.0 -0.2029315 0.0
c 339.05055 -201.24896 261.95888 0.0 -0.2029315 0.0
c 339.05055 -201.04818 261.95888 0.0 -0.2029315 0.0
c 339.05055 -200.8474 261.95888 0.0 -0.2029315 0.0
c 339.05055 -200.64662 261.95888 0.0 -0.2029315 0.0
c 339.05055 -200.44585 261.95888 0.0 -0.2029315 0.0
c 339.05055 -200.24507 261.95888 0.0 -0.2029315 0.0
c 339.05055 -200.04429 261.95888 0.0 -0.2029315 0.0
c 339.05055 -199.84351 261.95888 0.0 -0.2029315 0.0
c 339.05055 -199.64273 261.95888 0.0 -0.2029315 0.0
c 339.05055 -199.44196 261.95888 0.0 -0.2029315 0.0
c 339.05055 -199.24118 261.95888 0.0 -0.2029315 0.0
c 339.05055 -199.0404 261.95888 0.0 -0.2029315 0.0
c 339.05055 -198.83962 261.95888 0.0 -0.2029315 0.0
c 339.05055 -198.63884 261.95888 0.0 -0.2029315 0.0
c 339.05055 -198.43806 261.95888 0.0 -0.2029315 0.0
c 339.05055 -198.23729 261.95888 0.0 -0.2029315 0.0
c 339.05055 -198.03651 261.95888 0.0 -0.2029315 0.0
c 339.05055 -197.83573 261.95888 0.0 -0.2029315 0.0
c 339.05055 -197.63495 261.95888 0.0 -0.2029315 0.0
c 339.05055 -197.43417 261.95888 0.0 -0.2029315 0.0
c 339.05055 -197.2334 261.95888 0.0 -0.2029315 0.0
c 339.05055 -197.03262 261.95888 0.0 -0.2029315 0.0
c 339.05055 -196.83184 261.95888 0.0 -0.2029315 0.0
c 339.05055 -196.63106 261.95888 0.0 -0.2029315 0.0
c 339.05055 -196.43028 261.95888 0.0 -0.2029315 0.0
c 339.05055 -196.2295 261.95888 0.0 -0.2029315 0.0
c 339.05055 -196.02873 261.95888 0.0 -0.2029315 0.0
c 339.05055 -195.82795 261.95888 0.0 -0.2029315 0.0
c 339.05055 -195.62717 261.95888 0.0 -0.2029315 0.0
c 339.05055 -195.42639 261.95888 0.0 -0.2029315 0.0
c 339.05055 -195.22561 261.95888 0.0 -0.2029315 0.0
c 339.05055 -195.02484 261.95888 0.0 -0.2029315 0.0
c 339.05055 -194.82406 261.95888 0.0 -0.2029315 0.0
c 339.05055 -194.62328 261.95888 0.0 -0.2029315 0.0
c 339.05055 -194.4225 261.95888 0.0 -0.2029315 0.0
c 339.05055 -194.22172 261.95888 0.0 -0.2029315 0.0
c 339.05055 -194.02094 261.95888 0.0 -0.2029315 0.0
c 339.05055 -193.82017 261.95888 0.0 -0.2029315 0.0
c 339.05055 -193.61939 261.95888 0.0 -0.2029315 0.0
c 339.05055 -193.41861 261.95888 0.0 -0.2029315 0.0
c 339.05055 -193.21783 261.95888 0.0 -0.2029315 0.0
c 339.05055 -193.01705 261.95888 0.0 -0.2029315 0.0
c 339.05055 -192.81628 261.95888 0.0 -0.2029315 0.0
c 339.05055 -192.6155 261.95888 0.0 -0.2029315 0.0
c 339.05055 -192.41472 261.95888 0.0 -0.2029315 0.0
c 339.05055 -192.21394 261.95888 0.0 -0.2029315 0.0
c 339.05055 -192.01316 261.95888 0.0 -0.2029315 0.0
c 339.05055 -191.81238 261.95888 0.0 -0.2029315 0.0
c 339.05055 -191.61161 261.95888 0.0 -0.2029315 0.0
c 339.05055 -191.41083 261.95888 0.0 -0.2029315 0.0
c 339.05055 -191.21005 261.95888 0.0 -0.2029315 0.0
c 339.05055 -191.00927 261.95888 0.0 -0.2029315 0.0
c 339.05055 -190.80849 261.95888 0.0 -0.2029315 0.0
c 339.05055 -190.60772 261.95888 0.0 -0.2029315 0.0
c 339.05055 -190.40694 261.95888 0.0 -0.2029315 0.0
c 339.05055 -190.20616 261.95888 0.0 -0.2029315 0.0
c 339.05055 -190.00538 261.95888 0.0 -0.2029315 0.0
c 339.05055 -189.8046 261.95888 0.0 -0.2029315 0.0
c 339.05055 -189.60382 261.95888 0.0 -0.2029315 0.0
c 339.05055 -189.40305 261.95888 0.0 -0.2029315 0.0
c 339.05055 -189.20227 261.95888 0.0 -0.2029315 0.0
c 339.05055 -189.00149 261.95888 0.0 -0.2029315 0.0
c 339.05055 -188.80071 261.95888 0.0 -0.2029315 0.0
c 339.05055 -188.59993 261.95888 0.0 -0.2029315 0.0
c 339.05055 -188.39916 261.95888 0.0 -0.2029315 0.0
c 339.05055 -188.19838 261.95888 0.0 -0.2029315 0.0
c 339.05055 -187.9976 261.95888 0.0 -0.2029315 0.0
c 339.05055 -187.79682 261.95888 0.0 -0.2029315 0.0
c 339.05055 -187.59604 261.95888 0.0 -0.2029315 0.0
c 339.05055 -187.39526 261.95888 0.0 -0.2029315 0.0
c 339.05055 -187.19449 261.95888 0.0 -0.2029315 0.0
c 339.05055 -186.99371 261.95888 0.0 -0.2029315 0.0
c 339.05055 -186.79293 261.95888 0.0 -0.2029315 0.0
c 339.05055 -186.59215 261.95888 0.0 -0.2029315 0.0
c 339.05055 -186.39137 261.95888 0.0 -0.2029315 0.0
c 339.05055 -186.1906 261.95888 0.0 -0.2029315 0.0
c 339.05055 -185.98982 261.95888 0.0 -0.2029315 0.0
c 339.05055 -185.78904 261.95888 0.0 -0.2029315 0.0
c 339.05055 -185.58826 261.95888 0.0 -0.2029315 0.0
c 339.05055 -185.38748 261.95888 0.0 -0.2029315 0.0
c 339.05055 -185.1867 261.95888 0.0 -0.2029315 0.0
c 339.05055 -184.98593 261.95888 0.0 -0.2029315 0.0
c 339.05055 -184.78515 261.95888 0.0 -0.2029315 0.0
c 339.05055 -184.58437 261.95888 0.0 -0.2029315 0.0
c 339.05055 -184.38359 261.95888 0.0 -0.2029315 0.0
c 339.05055 -184.18281 261.95888 0.0 -0.2029315 0.0
c 339.05055 -183.98204 261.95888 0.0 -0.2029315 0.0
c 339.05055 -183.78126 261.95888 0.0 -0.2029315 0.0
c 339.05055 -183.58048 261.95888 0.0 -0.2029315 0.0
c 339.05055 -183.3797 261.95888 0.0 -0.2029315 0.0
c 339.05055 -183.17892 261.95888 0.0 -0.2029315 0.0
c 339.05055 -182.97814 261.95888 0.0 -0.2029315 0.0
c 339.05055 -182.77737 261.95888 0.0 -0.2029315 0.0
c 339.05055 -182.57659 261.95888 0.0 -0.2029315 0.0
c 339.05055 -182.37581 261.95888 0.0 -0.2029315 0.0
c 339.05055 -182.17503 261.95888 0.0 -0.2029315 0.0
c 339.05055 -181.97425 261.95888 0.0 -0.2029315 0.0
c 339.05055 -181.77348 261.95888 0.0 -0.2029315 0.0
c 339.05055 -181.5727 261.95888 0.0 -0.2029315 0.0
c 339.05055 -181.37192 261.95888 0.0 -0.2029315 0.0
c 339.05055 -181.17114 261.95888 0.0 -0.2029315 0.0
c 339.05055 -180.97036 261.95888 0.0 -0.2029315 0.0
c 339.05055 -180.76958 261.95888 0.0 -0.2029315 0.0
c 339.05055 -180.56881 261.95888 0.0 -0.2029315 0.0
c 339.05055 -180.36803 261.95888 0.0 -0.2029315 0.0
c 339.05055 -180.16725 261.95888 0.0 -0.2029315 0.0
c 339.05055 -179.96647 261.95888 0.0 -0.2029315 0.0
c 339.05055 -179.76569 261.95888 0.0 -0.2029315 0.0
c 339.05055 -179.56492 261.95888 0.0 -0.2029315 0.0
c 339.05055 -179.36414 261.95888 0.0 -0.2029315 0.0
c 339.05055 -179.16336 261.95888 0.0 -0.2029315 0.0
c 339.05055 -178.96258 261.95888 0.0 -0.2029315 0.0
c 339.05055 -178.7618 261.95888 0.0 -0.2029315 0.0
c 339.05055 -178.56103 261.95888 0.0 -0.2029315 0.0
c 339.05055 -178.36025 261.95888 0.0 -0.2029315 0.0
c 339.05055 -178.15947 261.95888 0.0 -0.2029315 0.0
c 339.05055 -177.95869 261.95888 0.0 -0.2029315 0.0
c 339.05055 -177.75791 261.95888 0.0 -0.2029315 0.0
c 339.05055 -177.55713 261.95888 0.0 -0.2029315 0.0
c 339.05055 -177.35636 261.95888 0.0 -0.2029315 0.0
c 339.05055 -177.15558 261.95888 0.0 -0.2029315 0.0
c 339.05055 -176.9548 261.95888 0.0 -0.2029315 0.0
c 339.05055 -176.75402 261.95888 0.0 -0.2029315 0.0
c 339.05055 -176.55324 261.95888 0.0 -0.2029315 0.0
c 339.05055 -176.35247 261.95888 0.0 -0.2029315 0.0
c 339.05055 -176.15169 261.95888 0.0 -0.2029315 0.0
c 339.05055 -175.95091 261.95888 0.0 -0.2029315 0.0
c 339.05055 -175.75013 261.95888 0.0 -0.2029315 0.0
c 339.05055 -175.54935 261.95888 0.0 -0.2029315 0.0
c 339.05055 -175.34857 261.95888 0.0 -0.2029315 0.0
c 339.05055 -175.1478 261.95888 0.0 -0.2029315 0.0
c 339.05055 -174.94702 261.95888 0.0 -0.2029315 0.0
c 339.05055 -174.74624 261.95888 0.0 -0.2029315 0.0
c 339.05055 -174.54546 261.95888 0.0 -0.2029315 0.0
c 339.05055 -174.34468 261.95888 0.0 -0.2029315 0.0
c 339.05055 -174.14391 261.95888 0.0 -0.2029315 0.0
c 339.05055 -173.94313 261.95888 0.0 -0.2029315 0.0
c 339.05055 -173.74235 261.95888 0.0 -0.2029315 0.0
c 339.05055 -173.54157 261.95888 0.0 -0.2029315 0.0
c 339.05055 -173.34079 261.95888 0.0 -0.2029315 0.0
c 339.05055 -173.14001 261.95888 0.0 -0.2029315 0.0
c 339.05055 -172.93924 261.95888 0.0 -0.2029315 0.0
c 339.05055 -172.73846 261.95888 0.0 -0.2029315 0.0
c 339.05055 -172.53768 261.95888 0.0 -0.2029315 0.0
c 339.05055 -172.3369 261.95888 0.0 -0.2029315 0.0
c 339.05055 -172.13612 261.95888 0.0 -0.2029315 0.0
c 339.05055 -171.93535 261.95888 0.0 -0.2029315 0.0
c 339.05055 -171.73457 261.95888 0.0 -0.2029315 0.0
c 339.05055 -171.53379 261.95888 0.0 -0.2029315 0.0
c 339.05055 -171.33301 261.95888 0.0 -0.2029315 0.0
c 339.05055 -171.13223 261.95888 0.0 -0.2029315 0.0
c 339.05055 -170.93145 261.95888 0.0 -0.2029315 0.0
c 339.05055 -170.73068 261.95888 0.0 -0.2029315 0.0
c 339.05055 -170.5299 261.95888 0.0 -0.2029315 0.0
c 339.05055 -170.32912 261.95888 0.0 -0.2029315 0.0
c 339.05055 -170.12834 261.95888 0.0 -0.2029315 0.0
c 339.05055 -169.92756 261.95888 0.0 -0.2029315 0.0
c 339.05055 -169.72679 261.95888 0.0 -0.2029315 0.0
c 339.05055 -169.52601 261.95888 0.0 -0.2029315 0.0
c 339.05055 -169.32523 261.95888 0.0 -0.2029315 0.0
c 339.05055 -169.12445 261.95888 0.0 -0.2029315 0.0
c 339.05055 -168.92367 261.95888 0.0 -0.2029315 0.0
c 339.05055 -168.72289 261.95888 0.0 -0.2029315 0.0
c 339.05055 -168.52212 261.95888 0.0 -0.2029315 0.0
c 339.05055 -168.32134 261.95888 0.0 -0.2029315 0.0
c 339.05055 -168.12056 261.95888 0.0 -0.2029315 0.0
c 339.05055 -167.91978 261.95888 0.0 -0.2029315 0.0
c 339.05055 -167.719 261.95888 0.0 -0.2029315 0.0
c 339.05055 -167.51823 261.95888 0.0 -0.2029315 0.0
c 339.05055 -167.31745 261.95888 0.0 -0.2029315 0.0
c 339.05055 -167.11667 261.95888 0.0 -0.2029315 0.0
c 339.05055 -166.91589 261.95888 0.0 -0.2029315 0.0
c 339.05055 -166.71511 261.95888 0.0 -0.2029315 0.0
c 339.05055 -166.51433 261.95888 0.0 -0.2029315 0.0
c 339.05055 -166.31356 261.95888 0.0 -0.2029315 0.0
c 339.05055 -166.11278 261.95888 0.0 -0.2029315 0.0
c 339.05055 -165.912 261.95888 0.0 -0.2029315 0.0
c 339.05055 -165.71122 261.95888 0.0 -0.2029315 0.0
c 339.05055 -165.51044 261.95888 0.0 -0.2029315 0.0
c 339.05055 -165.30967 261.95888 0.0 -0.2029315 0.0
c 339.05055 -165.10889 261.95888 0.0 -0.2029315 0.0
c 339.05055 -164.90811 261.95888 0.0 -0.2029315 0.0
c 339.05055 -164.70733 261.95888 0.0 -0.2029315 0.0
c 339.05055 -164.50655 261.95888 0.0 -0.2029315 0.0
c 339.05055 -164.30577 261.95888 0.0 -0.2029315 0.0
c 339.05055 -164.105 261.95888 0.0 -0.2029315 0.0
c 339.05055 -163.90422 261.95888 0.0 -0.2029315 0.0
c 339.05055 -163.70344 261.95888 0.0 -0.2029315 0.0
c 339.05055 -163.50266 261.95888 0.0 -0.2029315 0.0
c 339.05055 -163.30188 261.95888 0.0 -0.2029315 0.0
c 339.05055 -163.10111 261.95888 0.0 -0.2029315 0.0
c 339.05055 -162.90033 261.95888 0.0 -0.2029315 0.0
c 339.05055 -162.69955 261.95888 0.0 -0.2029315 0.0
c 339.05055 -162.49877 261.95888 0.0 -0.2029315 0.0
c 339.05055 -162.29799 261.95888 0.0 -0.2029315 0.0
c 339.05055 -162.09721 261.95888 0.0 -0.2029315 0.0
c 339.05055 -161.89644 261.95888 0.0 -0.2029315 0.0
c 339.05055 -161.69566 261.95888 0.0 -0.2029315 0.0
c 339.05055 -161.49488 261.95888 0.0 -0.2029315 0.0
c 339.05055 -161.2941 261.95888 0.0 -0.2029315 0.0
c 339.05055 -161.09332 261.95888 0.0 -0.2029315 0.0
c 339.05055 -160.89255 261.95888 0.0 -0.2029315 0.0
c 339.05055 -160.69177 261.95888 0.0 -0.2029315 0.0
c 339.05055 -160.49099 261.95888 0.0 -0.2029315 0.0
c 339.05055 -160.29021 261.95888 0.0 -0.2029315 0.0
c 339.05055 -160.08943 261.95888 0.0 -0.2029315 0.0
c 339.05055 -159.88865 261.95888 0.0 -0.2029315 0.0
c 339.05055 -159.68788 261.95888 0.0 -0.2029315 0.0
c 339.05055 -159.4871 261.95888 0.0 -0.2029315 0.0
c 339.05055 -159.28632 261.95888 0.0 -0.2029315 0.0
c 339.05055 -159.08554 261.95888 0.0 -0.2029315 0.0
c 339.05055 -158.88476 261.95888 0.0 -0.2029315 0.0
c 339.05055 -158.68399 261.95888 0.0 -0.2029315 0.0
c 339.05055 -158.48321 261.95888 0.0 -0.2029315 0.0
c 339.05055 -158.28243 261.95888 0.0 -0.2029315 0.0
c 339.05055 -158.08165 261.95888 0.0 -0.2029315 0.0
c 339.05055 -157.88087 261.95888 0.0 -0.2029315 0.0
c 339.05055 -157.68009 261.95888 0.0 -0.2029315 0.0
c 339.05055 -157.47932 261.95888 0.0 -0.2029315 0.0
c 339.05055 -157.27854 261.95888 0.0 -0.2029315 0.0
c 339.05055 -157.07776 261.95888 0.0 -0.2029315 0.0
c 339.05055 -156.87698 261.95888 0.0 -0.2029315 0.0
c 339.05055 -156.6762 261.95888 0.0 -0.2029315 0.0
c 339.05055 -156.47543 261.95888 0.0 -0.2029315 0.0
c 339.05055 -156.27465 261.95888 0.0 -0.2029315 0.0
c 339.05055 -156.07387 261.95888 0.0 -0.2029315 0.0
c 339.05055 -155.87309 261.95888 0.0 -0.2029315 0.0
c 339.05055 -155.67231 261.95888 0.0 -0.2029315 0.0
c 339.05055 -155.47153 261.95888 0.0 -0.2029315 0.0
c 339.05055 -155.27076 261.95888 0.0 -0.2029315 0.0
c 339.05055 -155.06998 261.95888 0.0 -0.2029315 0.0
c 339.05055 -154.8692 261.95888 0.0 -0.2029315 0.0
c 339.05055 -154.66842 261.95888 0.0 -0.2029315 0.0
c 339.05055 -154.46764 261.95888 0.0 -0.2029315 0.0
c 339.05055 -154.26687 261.95888 0.0 -0.2029315 0.0
c 339.05055 -154.06609 261.95888 0.0 -0.2029315 0.0
c 339.05055 -153.86531 261.95888 0.0 -0.2029315 0.0
c 339.05055 -153.66453 261.95888 0.0 -0.2029315 0.0
c 339.05055 -153.46375 261.95888 0.0 -0.2029315 0.0
c 339.05055 -153.26297 261.95888 0.0 -0.2029315 0.0
c 339.05055 -153.0622 261.95888 0.0 -0.2029315 0.0
c 339.05055 -152.86142 261.95888 0.0 -0.2029315 0.0
c 339.05055 -152.66064 261.95888 0.0 -0.2029315 0.0
c 339.05055 -152.45986 261.95888 0.0 -0.2029315 0.0
c 339.05055 -152.25908 261.95888 0.0 -0.2029315 0.0
c 339.05055 -152.05831 261.95888 0.0 -0.2029315 0.0
c 339.05055 -151.85753 261.95888 0.0 -0.2029315 0.0
c 339.05055 -151.65675 261.95888 0.0 -0.2029315 0.0
c 339.05055 -151.45597 261.95888 0.0 -0.2029315 0.0
c 339.05055 -151.25519 261.95888 0.0 -0.2029315 0.0
c 339.05055 -151.05441 261.95888 0.0 -0.2029315 0.0
c 339.05055 -150.85364 261.95888 0.0 -0.2029315 0.0
c 339.05055 -150.65286 261.95888 0.0 -0.2029315 0.0
c 339.05055 -150.45208 261.95888 0.0 -0.2029315 0.0
c 339.05055 -150.2513 261.95888 0.0 -0.2029315 0.0
c 339.05055 -150.05052 261.95888 0.0 -0.2029315 0.0
c 339.05055 -149.84975 261.95888 0.0 -0.2029315 0.0
c 339.05055 -149.64897 261.95888 0.0 -0.2029315 0.0
c 339.05055 -149.44819 261.95888 0.0 -0.2029315 0.0
c 339.05055 -149.24741 261.95888 0.0 -0.2029315 0.0
c 339.05055 -149.04663 261.95888 0.0 -0.2029315 0.0
c 339.05055 -148.84585 261.95888 0.0 -0.2029315 0.0
c 339.05055 -148.64508 261.95888 0.0 -0.2029315 0.0
c 339.05055 -148.4443 261.95888 0.0 -0.2029315 0.0
c 339.05055 -148.24352 261.95888 0.0 -0.2029315 0.0
c 339.05055 -148.04274 261.95888 0.0 -0.2029315 0.0
c 339.05055 -147.84196 261.95888 0.0 -0.2029315 0.0
c 339.05055 -147.64119 261.95888 0.0 -0.2029315 0.0
c 339.05055 -147.44041 261.95888 0.0 -0.2029315 0.0
c 339.05055 -147.23963 261.95888 0.0 -0.2029315 0.0
c 339.05055 -147.03885 261.95888 0.0 -0.2029315 0.0
c 339.05055 -146.83807 261.95888 0.0 -0.2029315 0.0
c 339.05055 -146.63729 261.95888 0.0 -0.2029315 0.0
c 339.05055 -146.43652 261.95888 0.0 -0.2029315 0.0
c 339.05055 -146.23574 261.95888 0.0 -0.2029315 0.0
c 339.05055 -146.03496 261.95888 0.0 -0.2029315 0.0
c 339.05055 -145.83418 261.95888 0.0 -0.2029315 0.0
c 339.05055 -145.6334 261.95888 0.0 -0.2029315 0.0
c 339.05055 -145.43263 261.95888 0.0 -0.2029315 0.0
c 339.05055 -145.23185 261.95888 0.0 -0.2029315 0.0
c 339.05055 -145.03107 261.95888 0.0 -0.2029315 0.0
c 339.05055 -144.83029 261.95888 0.0 -0.2029315 0.0
c 339.05055 -144.62951 261.95888 0.0 -0.2029315 0.0
c 339.05055 -144.42873 261.95888 0.0 -0.2029315 0.0
c 339.05055 -144.22796 261.95888 0.0 -0.2029315 0.0
c 339.05055 -144.02718 261.95888 0.0 -0.2029315 0.0
c 339.05055 -143.8264 261.95888 0.0 -0.2029315 0.0
c 339.05055 -143.62562 261.95888 0.0 -0.2029315 0.0
c 339.05055 -143.42484 261.95888 0.0 -0.2029315 0.0
c 339.05055 -143.22407 261.95888 0.0 -0.2029315 0.0
c 339.05055 -143.02329 261.95888 0.0 -0.2029315 0.0
c 339.05055 -142.82251 261.95888 0.0 -0.2029315 0.0
c 339.05055 -142.62173 261.95888 0.0 -0.2029315 0.0
c 339.05055 -142.42095 261.95888 0.0 -0.2029315 0.0
c 339.05055 -142.22017 261.95888 0.0 -0.2029315 0.0
c 339.05055 -142.0194 261.95888 0.0 -0.2029315 0.0
c 339.05055 -141.81862 261.95888 0.0 -0.2029315 0.0
c 339.05055 -141.61784 261.95888 0.0 -0.2029315 0.0
c 339.05055 -141.41706 261.95888 0.0 -0.2029315 0.0
c 339.05055 -141.21628 261.95888 0.0 -0.2029315 0.0
c 339.05055 -141.01551 261.95888 0.0 -0.2029315 0.0
c 339.05055 -140.81473 261.95888 0.0 -0.2029315 0.0
c 339.05055 -140.61395 261.95888 0.0 -0.2029315 0.0
c 339.05055 -140.41317 261.95888 0.0 -0.2029315 0.0
c 339.05055 -140.21239 261.95888 0.0 -0.2029315 0.0
c 339.05055 -140.01161 261.95888 0.0 -0.2029315 0.0
c 339.05055 -139.81084 261.95888 0.0 -0.2029315 0.0
c 339.05055 -139.61006 261.95888 0.0 -0.2029315 0.0
c 339.05055 -139.40928 261.95888 0.0 -0.2029315 0.0
c 339.05055 -139.2085 261.95888 0.0 -0.2029315 0.0
c 339.05055 -139.00772 261.95888 0.0 -0.2029315 0.0
c 339.05055 -138.80695 261.95888 0.0 -0.2029315 0.0
c 339.05055 -138.60617 261.95888 0.0 -0.2029315 0.0
c 339.05055 -138.40539 261.95888 0.0 -0.2029315 0.0
c 339.05055 -138.20461 261.95888 0.0 -0.2029315 0.0
c 339.05055 -138.00383 261.95888 0.0 -0.2029315 0.0
c 339.05055 -137.80305 261.95888 0.0 -0.2029315 0.0
c 339.05055 -137.60228 261.95888 0.0 -0.2029315 0.0
c 339.05055 -137.4015 261.95888 0.0 -0.2029315 0.0
c 339.05055 -137.20072 261.95888 0.0 -0.2029315 0.0
c 339.05055 -136.99994 261.95888 0.0 -0.2029315 0.0
c 339.05055 -136.79916 261.95888 0.0 -0.2029315 0.0
c 339.05055 -136.59839 261.95888 0.0 -0.2029315 0.0
c 339.05055 -136.39761 261.95888 0.0 -0.2029315 0.0
c 339.05055 -136.19683 261.95888 0.0 -0.2029315 0.0
c 339.05055 -135.99605 261.95888 0.0 -0.2029315 0.0
c 339.05055 -135.79527 261.95888 0.0 -0.2029315 0.0
c 339.05055 -135.59449 261.95888 0.0 -0.2029315 0.0
c 339.05055 -135.39372 261.95888 0.0 -0.2029315 0.0
c 339.05055 -135.19294 261.95888 0.0 -0.2029315 0.0
c 339.05055 -134.99216 261.95888 0.0 -0.2029315 0.0
c 339.05055 -134.79138 261.95888 0.0 -0.2029315 0.0
c 339.05055 -134.5906 261.95888 0.0 -0.2029315 0.0
c 339.05055 -134.38983 261.95888 0.0 -0.2029315 0.0
c 339.05055 -134.18905 261.95888 0.0 -0.2029315 0.0
c 339.05055 -133.98827 261.95888 0.0 -0.2029315 0.0
c 339.05055 -133.78749 261.95888 0.0 -0.2029315 0.0
c 339.05055 -133.58671 261.95888 0.0 -0.2029315 0.0
c 339.05055 -133.38593 261.95888 0.0 -0.2029315 0.0
c 339.05055 -133.18516 261.95888 0.0 -0.2029315 0.0
c 339.05055 -132.98438 261.95888 0.0 -0.2029315 0.0
c 339.05055 -132.7836 261.95888 0.0 -0.2029315 0.0
c 339.05055 -132.58282 261.95888 0.0 -0.2029315 0.0
c 339.05055 -132.38204 261.95888 0.0 -0.2029315 0.0
c 339.05055 -132.18127 261.95888 0.0 -0.2029315 0.0
c 339.05055 -131.98049 261.95888 0.0 -0.2029315 0.0
c 339.05055 -131.77971 261.95888 0.0 -0.2029315 0.0
c 339.05055 -131.57893 261.95888 0.0 -0.2029315 0.0
c 339.05055 -131.37815 261.95888 0.0 -0.2029315 0.0
c 339.05055 -131.17737 261.95888 0.0 -0.2029315 0.0
c 339.05055 -130.9766 261.95888 0.0 -0.2029315 0.0
c 339.05055 -130.77582 261.95888 0.0 -0.2029315 0.0
c 339.05055 -130.57504 261.95888 0.0 -0.2029315 0.0
c 339.05055 -130.37426 261.95888 0.0 -0.2029315 0.0
c 339.05055 -130.17348 261.95888 0.0 -0.2029315 0.0
c 339.05055 -129.97271 261.95888 0.0 -0.2029315 0.0
c 339.05055 -129.77193 261.95888 0.0 -0.2029315 0.0
c 339.05055 -129.57115 261.95888 0.0 -0.2029315 0.0
c 339.05055 -129.37037 261.95888 0.0 -0.2029315 0.0
c 339.05055 -129.16959 261.95888 0.0 -0.2029315 0.0
c 339.05055 -128.96881 261.95888 0.0 -0.2029315 0.0
c 339.05055 -128.96881 261.95888 0.0 -0.2029315 0.0
c 339.04097 -128.96881 262.15928 0.0 -0.2029315 0.0
c 339.0314 -128.96881 262.35968 0.0 -0.2029315 0.0
c 339.02183 -128.96881 262.56009 0.0 -0.2029315 0.0
c 339.01226 -128.96881 262.76049 0.0 -0.2029315 0.0
c 339.00269 -128.96881 262.96089 0.0 -0.2029315 0.0
c 338.99312 -128.96881 263.1613 0.0 -0.2029315 0.0
c 338.98354 -128.96881 263.3617 0.0 -0.2029315 0.0
c 338.97397 -128.96881 263.56211 0.0 -0.2029315 0.0
c 338.9644 -128.96881 263.76251 0.0 -0.2029315 0.0
c 338.95483 -128.96881 263.96291 0.0 -0.2029315 0.0
c 338.94526 -128.96881 264.16332 0.0 -0.2029315 0.0
c 338.93569 -128.96881 264.36372 0.0 -0.2029315 0.0
c 338.92611 -128.96881 264.56412 0.0 -0.2029315 0.0
c 338.91654 -128.96881 264.76453 0.0 -0.2029315 0.0
c 338.90697 -128.96881 264.96493 0.0 -0.2029315 0.0
c 338.8974 -128.96881 265.16534 0.0 -0.2029315 0.0
c 338.88783 -128.96881 265.36574 0.0 -0.2029315 0.0
c 338.87826 -128.96881 265.56614 0.0 -0.2029315 0.0
c 338.86869 -128.96881 265.76655 0.0 -0.2029315 0.0
c 338.85911 -128.96881 265.96695 0.0 -0.2029315 0.0
c 338.84954 -128.96881 266.16735 0.0 -0.2029315 0.0
c 338.83997 -128.96881 266.36776 0.0 -0.2029315 0.0
c 338.8304 -128.96881 266.56816 0.0 -0.2029315 0.0
c 338.82083 -128.96881 266.76857 0.0 -0.2029315 0.0
c 338.81126 -128.96881 266.96897 0.0 -0.2029315 0.0
c 338.80168 -128.96881 267.16937 0.0 -0.2029315 0.0
c 338.79211 -128.96881 267.36978 0.0 -0.2029315 0.0
c 338.78254 -128.96881 267.57018 0.0 -0.2029315 0.0
c 338.77297 -128.96881 267.77058 0.0 -0.2029315 0.0
c 338.7634 -128.96881 267.97099 0.0 -0.2029315 0.0
c 338.75383 -128.96881 268.17139 0.0 -0.2029315 0.0
c 338.74425 -128.96881 268.3718 0.0 -0.2029315 0.0
c 338.73468 -128.96881 268.5722 0.0 -0.2029315 0.0
c 338.72511 -128.96881 268.7726 0.0 -0.2029315 0.0
c 338.71554 -128.96881 268.97301 0.0 -0.2029315 0.0
c 338.70597 -128.96881 269.17341 0.0 -0.2029315 0.0
c 338.6964 -128.96881 269.37381 0.0 -0.2029315 0.0
c 338.68682 -128.96881 269.57422 0.0 -0.2029315 0.0
c 338.67725 -128.96881 269.77462 0.0 -0.2029315 0.0
c 338.66768 -128.96881 269.97503 0.0 -0.2029315 0.0
c 338.65811 -128.96881 270.17543 0.0 -0.2029315 0.0
c 338.64854 -128.96881 270.37583 0.0 -0.2029315 0.0
c 338.63897 -128.96881 270.57624 0.0 -0.2029315 0.0
c 338.62939 -128.96881 270.77664 0.0 -0.2029315 0.0
c 338.61982 -128.96881 270.97704 0.0 -0.2029315 0.0
c 338.61025 -128.96881 271.17745 0.0 -0.2029315 0.0
c 338.60068 -128.96881 271.37785 0.0 -0.2029315 0.0
c 338.59111 -128.96881 271.57826 0.0 -0.2029315 0.0
c 338.58154 -128.96881 271.77866 0.0 -0.2029315 0.0
c 338.57196 -128.96881 271.97906 0.0 -0.2029315 0.0
c 338.56239 -128.96881 272.17947 0.0 -0.2029315 0.0
c 338.55282 -128.96881 272.37987 0.0 -0.2029315 0.0
c 338.54325 -128.96881 272.58028 0.0 -0.2029315 0.0
c 338.53368 -128.96881 272.78068 0.0 -0.2029315 0.0
c 338.52411 -128.96881 272.98108 0.0 -0.2029315 0.0
c 338.51453 -128.96881 273.18149 0.0 -0.2029315 0.0
c 338.50496 -128.96881 273.38189 0.0 -0.2029315 0.0
c 338.49539 -128.96881 273.58229 0.0 -0.2029315 0.0
c 338.48582 -128.96881 273.7827 0.0 -0.2029315 0.0
c 338.47625 -128.96881 273.9831 0.0 -0.2029315 0.0
c 338.46668 -128.96881 274.18351 0.0 -0.2029315 0.0
c 338.4571 -128.96881 274.38391 0.0 -0.2029315 0.0
c 338.44753 -128.96881 274.58431 0.0 -0.2029315 0.0
c 338.43796 -128.96881 274.78472 0.0 -0.2029315 0.0
c 338.42839 -128.96881 274.98512 0.0 -0.2029315 0.0
c 338.41882 -128.96881 275.18552 0.0 -0.2029315 0.0
c 338.40925 -128.96881 275.38593 0.0 -0.2029315 0.0
c 338.39968 -128.96881 275.58633 0.0 -0.2029315 0.0
c 338.3901 -128.96881 275.78674 0.0 -0.2029315 0.0
c 338.38053 -128.96881 275.98714 0.0 -0.2029315 0.0
c 338.37096 -128.96881 276.18754 0.0 -0.2029315 0.0
c 338.36139 -128.96881 276.38795 0.0 -0.2029315 0.0
c 338.35182 -128.96881 276.58835 0.0 -0.2029315 0.0
c 338.34225 -128.96881 276.78875 0.0 -0.2029315 0.0
c 338.33267 -128.96881 276.98916 0.0 -0.2029315 0.0
c 338.3231 -128.96881 277.18956 0.0 -0.2029315 0.0
c 338.31353 -128.96881 277.38997 0.0 -0.2029315 0.0
c 338.30396 -128.96881 277.59037 0.0 -0.2029315 0.0
c 338.29439 -128.96881 277.79077 0.0 -0.2029315 0.0
c 338.28482 -128.96881 277.99118 0.0 -0.2029315 0.0
c 338.27524 -128.96881 278.19158 0.0 -0.2029315 0.0
c 338.26567 -128.96881 278.39198 0.0 -0.2029315 0.0
c 338.2561 -128.96881 278.59239 0.0 -0.2029315 0.0
c 338.24653 -128.96881 278.79279 0.0 -0.2029315 0.0
c 338.23696 -128.96881 278.9932 0.0 -0.2029315 0.0
c 338.22739 -128.96881 279.1936 0.0 -0.2029315 0.0
c 338.21781 -128.96881 279.394 0.0 -0.2029315 0.0
c 338.20824 -128.96881 279.59441 0.0 -0.2029315 0.0
c 338.19867 -128.96881 279.79481 0.0 -0.2029315 0.0
c 338.1891 -128.96881 279.99521 0.0 -0.2029315 0.0
c 338.17953 -128.96881 280.19562 0.0 -0.2029315 0.0
c 338.16996 -128.96881 280.39602 0.0 -0.2029315 0.0
c 338.16038 -128.96881 280.59643 0.0 -0.2029315 0.0
c 338.15081 -128.96881 280.79683 0.0 -0.2029315 0.0
c 338.14124 -128.96881 280.99723 0.0 -0.2029315 0.0
c 338.13167 -128.96881 281.19764 0.0 -0.2029315 0.0
c 338.1221 -128.96881 281.39804 0.0 -0.2029315 0.0
c 338.11253 -128.96881 281.59844 0.0 -0.2029315 0.0
c 338.10295 -128.96881 281.79885 0.0 -0.2029315 0.0
c 338.09338 -128.96881 281.99925 0.0 -0.2029315 0.0
c 338.08381 -128.96881 282.19966 0.0 -0.2029315 0.0
c 338.07424 -128.96881 282.40006 0.0 -0.2029315 0.0
c 338.06467 -128.96881 282.60046 0.0 -0.2029315 0.0
c 338.0551 -128.96881 282.80087 0.0 -0.2029315 0.0
c 338.04552 -128.96881 283.00127 0.0 -0.2029315 0.0
c 338.03595 -128.96881 283.20167 0.0 -0.2029315 0.0
c 338.02638 -128.96881 283.40208 0.0 -0.2029315 0.0
c 338.01681 -128.96881 283.60248 0.0 -0.2029315 0.0
c 338.00724 -128.96881 283.80289 0.0 -0.2029315 0.0
c 337.99767 -128.96881 284.00329 0.0 -0.2029315 0.0
c 337.9881 -128.96881 284.20369 0.0 -0.2029315 0.0
c 337.97852 -128.96881 284.4041 0.0 -0.2029315 0.0
c 337.96895 -128.96881 284.6045 0.0 -0.2029315 0.0
c 337.95938 -128.96881 284.8049 0.0 -0.2029315 0.0
c 337.94981 -128.96881 285.00531 0.0 -0.2029315 0.0
c 337.94024 -128.96881 285.20571 0.0 -0.2029315 0.0
c 337.93067 -128.96881 285.40612 0.0 -0.2029315 0.0
c 337.92109 -128.96881 285.60652 0.0 -0.2029315 0.0
c 337.91152 -128.96881 285.80692 0.0 -0.2029315 0.0
c 337.90195 -128.96881 286.00733 0.0 -0.2029315 0.0
c 337.89238 -128.96881 286.20773 0.0 -0.2029315 0.0
c 337.88281 -128.96881 286.40813 0.0 -0.2029315 0.0
c 337.87324 -128.96881 286.60854 0.0 -0.2029315 0.0
c 337.86366 -128.96881 286.80894 0.0 -0.2029315 0.0
c 337.85409 -128.96881 287.00935 0.0 -0.2029315 0.0
c 337.84452 -128.96881 287.20975 0.0 -0.2029315 0.0
c 337.83495 -128.96881 287.41015 0.0 -0.2029315 0.0
c 337.82538 -128.96881 287.61056 0.0 -0.2029315 0.0
c 337.81581 -128.96881 287.81096 0.0 -0.2029315 0.0
c 337.80623 -128.96881 288.01136 0.0 -0.2029315 0.0
c 337.79666 -128.96881 288.21177 0.0 -0.2029315 0.0
c 337.78709 -128.96881 288.41217 0.0 -0.2029315 0.0
c 337.77752 -128.96881 288.61258 0.0 -0.2029315 0.0
c 337.76795 -128.96881 288.81298 0.0 -0.2029315 0.0
c 337.75838 -128.96881 289.01338 0.0 -0.2029315 0.0
c 337.7488 -128.96881 289.21379 0.0 -0.2029315 0.0
c 337.73923 -128.96881 289.41419 0.0 -0.2029315 0.0
c 337.72966 -128.96881 289.61459 0.0 -0.2029315 0.0
c 337.72009 -128.96881 289.815 0.0 -0.2029315 0.0
c 337.71052 -128.96881 290.0154 0.0 -0.2029315 0.0
c 337.70095 -128.96881 290.21581 0.0 -0.2029315 0.0
c 337.69137 -128.96881 290.41621 0.0 -0.2029315 0.0
c 337.6818 -128.96881 290.61661 0.0 -0.2029315 0.0
c 337.67223 -128.96881 290.81702 0.0 -0.2029315 0.0
c 337.66266 -128.96881 291.01742 0.0 -0.2029315 0.0
c 337.65309 -128.96881 291.21782 0.0 -0.2029315 0.0
c 337.64352 -128.96881 291.41823 0.0 -0.2029315 0.0
c 337.63394 -128.96881 291.61863 0.0 -0.2029315 0.0
c 337.62437 -128.96881 291.81904 0.0 -0.2029315 0.0
c 337.6148 -128.96881 292.01944 0.0 -0.2029315 0.0
c 337.60523 -128.96881 292.21984 0.0 -0.2029315 0.0
c 337.59566 -128.96881 292.42025 0.0 -0.2029315 0.0
c 337.58609 -128.96881 292.62065 0.0 -0.2029315 0.0
c 337.57651 -128.96881 292.82105 0.0 -0.2029315 0.0
c 337.56694 -128.96881 293.02146 0.0 -0.2029315 0.0
c 337.55737 -128.96881 293.22186 0.0 -0.2029315 0.0
c 337.5478 -128.96881 293.42227 0.0 -0.2029315 0.0
c 337.53823 -128.96881 293.62267 0.0 -0.2029315 0.0
c 337.52866 -128.96881 293.82307 0.0 -0.2029315 0.0
c 337.51909 -128.96881 294.02348 0.0 -0.2029315 0.0
c 337.50951 -128.96881 294.22388 0.0 -0.2029315 0.0
c 337.49994 -128.96881 294.42428 0.0 -0.2029315 0.0
c 337.49037 -128.96881 294.62469 0.0 -0.2029315 0.0
c 337.4808 -128.96881 294.82509 0.0 -0.2029315 0.0
c 337.47123 -128.96881 295.0255 0.0 -0.2029315 0.0
c 337.46166 -128.96881 295.2259 0.0 -0.2029315 0.0
c 337.45208 -128.96881 295.4263 0.0 -0.2029315 0.0
c 337.44251 -128.96881 295.62671 0.0 -0.2029315 0.0
c 337.43294 -128.96881 295.82711 0.0 -0.2029315 0.0
c 337.42337 -128.96881 296.02751 0.0 -0.2029315 0.0
c 337.4138 -128.96881 296.22792 0.0 -0.2029315 0.0
c 337.40423 -128.96881 296.42832 0.0 -0.2029315 0.0
c 337.39465 -128.96881 296.62873 0.0 -0.2029315 0.0
c 337.38508 -128.96881 296.82913 0.0 -0.2029315 0.0
c 337.37551 -128.96881 297.02953 0.0 -0.2029315 0.0
c 337.36594 -128.96881 297.22994 0.0 -0.2029315 0.0
c 337.35637 -128.96881 297.43034 0.0 -0.2029315 0.0
c 337.3468 -128.96881 297.63074 0.0 -0.2029315 0.0
c 337.33722 -128.96881 297.83115 0.0 -0.2029315 0.0
c 337.32765 -128.96881 298.03155 0.0 -0.2029315 0.0
c 337.31808 -128.96881 298.23196 0.0 -0.2029315 0.0
c 337.30851 -128.96881 298.43236 0.0 -0.2029315 0.0
c 337.29894 -128.96881 298.63276 0.0 -0.2029315 0.0
c 337.28937 -128.96881 298.83317 0.0 -0.2029315 0.0
c 337.27979 -128.96881 299.03357 0.0 -0.2029315 0.0
c 337.27022 -128.96881 299.23397 0.0 -0.2029315 0.0
c 337.26065 -128.96881 299.43438 0.0 -0.2029315 0.0
c 337.25108 -128.96881 299.63478 0.0 -0.2029315 0.0
c 337.24151 -128.96881 299.83519 0.0 -0.2029315 0.0
c 337.23194 -128.96881 300.03559 0.0 -0.2029315 0.0
c 337.22236 -128.96881 300.23599 0.0 -0.2029315 0.0
c 337.21279 -128.96881 300.4364 0.0 -0.2029315 0.0
c 337.20322 -128.96881 300.6368 0.0 -0.2029315 0.0
c 337.19365 -128.96881 300.8372 0.0 -0.2029315 0.0
c 337.18408 -128.96881 301.03761 0.0 -0.2029315 0.0
c 337.17451 -128.96881 301.23801 0.0 -0.2029315 0.0
c 337.16493 -128.96881 301.43842 0.0 -0.2029315 0.0
c 337.15536 -128.96881 301.63882 0.0 -0.2029315 0.0
c 337.14579 -128.96881 301.83922 0.0 -0.2029315 0.0
c 337.13622 -128.96881 302.03963 0.0 -0.2029315 0.0
c 337.12665 -128.96881 302.24003 0.0 -0.2029315 0.0
c 337.11708 -128.96881 302.44043 0.0 -0.2029315 0.0
c 337.1075 -128.96881 302.64084 0.0 -0.2029315 0.0
c 337.09793 -128.96881 302.84124 0.0 -0.2029315 0.0
c 337.08836 -128.96881 303.04165 0.0 -0.2029315 0.0
c 337.07879 -128.96881 303.24205 0.0 -0.2029315 0.0
c 337.06922 -128.96881 303.44245 0.0 -0.2029315 0.0
c 337.05965 -128.96881 303.64286 0.0 -0.2029315 0.0
c 337.05008 -128.96881 303.84326 0.0 -0.2029315 0.0
c 337.0405 -128.96881 304.04366 0.0 -0.2029315 0.0
c 337.03093 -128.96881 304.24407 0.0 -0.2029315 0.0
c 337.02136 -128.96881 304.44447 0.0 -0.2029315 0.0
c 337.01179 -128.96881 304.64488 0.0 -0.2029315 0.0
c 337.00222 -128.96881 304.84528 0.0 -0.2029315 0.0
c 336.99265 -128.96881 305.04568 0.0 -0.2029315 0.0
c 336.98307 -128.96881 305.24609 0.0 -0.2029315 0.0
c 336.9735 -128.96881 305.44649 0.0 -0.2029315 0.0
c 336.96393 -128.96881 305.64689 0.0 -0.2029315 0.0
c 336.95436 -128.96881 305.8473 0.0 -0.2029315 0.0
c 336.94479 -128.96881 306.0477 0.0 -0.2029315 0.0
c 336.93522 -128.96881 306.24811 0.0 -0.2029315 0.0
c 336.92564 -128.96881 306.44851 0.0 -0.2029315 0.0
c 336.91607 -128.96881 306.64891 0.0 -0.2029315 0.0
c 336.9065 -128.96881 306.84932 0.0 -0.2029315 0.0
c 336.89693 -128.96881 307.04972 0.0 -0.2029315 0.0
c 336.88736 -128.96881 307.25012 0.0 -0.2029315 0.0
c 336.87779 -128.96881 307.45053 0.0 -0.2029315 0.0
c 336.86821 -128.96881 307.65093 0.0 -0.2029315 0.0
c 336.85864 -128.96881 307.85134 0.0 -0.2029315 0.0
c 336.84907 -128.96881 308.05174 0.0 -0.2029315 0.0
c 336.8395 -128.96881 308.25214 0.0 -0.2029315 0.0
c 336.82993 -128.96881 308.45255 0.0 -0.2029315 0.0
c 336.82036 -128.96881 308.65295 0.0 -0.2029315 0.0
c 336.81078 -128.96881 308.85335 0.0 -0.2029315 0.0
c 336.80121 -128.96881 309.05376 0.0 -0.2029315 0.0
c 336.79164 -128.96881 309.25416 0.0 -0.2029315 0.0
c 336.78207 -128.96881 309.45457 0.0 -0.2029315 0.0
c 336.7725 -128.96881 309.65497 0.0 -0.2029315 0.0
c 336.76293 -128.96881 309.85537 0.0 -0.2029315 0.0
c 336.75335 -128.96881 310.05578 0.0 -0.2029315 0.0
c 336.74378 -128.96881 310.25618 0.0 -0.2029315 0.0
c 336.73421 -128.96881 310.45658 0.0 -0.2029315 0.0
c 336.72464 -128.96881 310.65699 0.0 -0.2029315 0.0
c 336.71507 -128.96881 310.85739 0.0 -0.2029315 0.0
c 336.7055 -128.96881 311.0578 0.0 -0.2029315 0.0
c 336.69592 -128.96881 311.2582 0.0 -0.2029315 0.0
c 336.68635 -128.96881 311.4586 0.0 -0.2029315 0.0
c 336.67678 -128.96881 311.65901 0.0 -0.2029315 0.0
c 336.66721 -128.96881 311.85941 0.0 -0.2029315 0.0
c 336.65764 -128.96881 312.05981 0.0 -0.2029315 0.0
c 336.64807 -128.96881 312.26022 0.0 -0.2029315 0.0
c 336.6385 -128.96881 312.46062 0.0 -0.2029315 0.0
c 336.62892 -128.96881 312.66103 0.0 -0.2029315 0.0
c 336.61935 -128.96881 312.86143 0.0 -0.2029315 0.0
c 336.60978 -128.96881 313.06183 0.0 -0.2029315 0.0
c 336.60021 -128.96881 313.26224 0.0 -0.2029315 0.0
c 336.59064 -128.96881 313.46264 0.0 -0.2029315 0.0
c 336.58107 -128.96881 313.66304 0.0 -0.2029315 0.0
c 336.57149 -128.96881 313.86345 0.0 -0.2029315 0.0
c 336.56192 -128.96881 314.06385 0.0 -0.2029315 0.0
c 336.55235 -128.96881 314.26426 0.0 -0.2029315 0.0
c 336.54278 -128.96881 314.46466 0.0 -0.2029315 0.0
c 336.53321 -128.96881 314.66506 0.0 -0.2029315 0.0
c 336.52364 -128.96881 314.86547 0.0 -0.2029315 0.0
c 336.51406 -128.96881 315.06587 0.0 -0.2029315 0.0
c 336.50449 -128.96881 315.26627 0.0 -0.2029315 0.0
c 336.49492 -128.96881 315.46668 0.0 -0.2029315 0.0
c 336.48535 -128.96881 315.66708 0.0 -0.2029315 0.0
c 336.47578 -128.96881 315.86749 0.0 -0.2029315 0.0
c 336.46621 -128.96881 316.06789 0.0 -0.2029315 0.0
c 336.45663 -128.96881 316.26829 0.0 -0.2029315 0.0
c 336.44706 -128.96881 316.4687 0.0 -0.2029315 0.0
c 336.43749 -128.96881 316.6691 0.0 -0.2029315 0.0
c 336.42792 -128.96881 316.8695 0.0 -0.2029315 0.0
c 336.41835 -128.96881 317.06991 0.0 -0.2029315 0.0
c 336.40878 -128.96881 317.27031 0.0 -0.2029315 0.0
c 336.3992 -128.96881 317.47072 0.0 -0.2029315 0.0
c 336.38963 -128.96881 317.67112 0.0 -0.2029315 0.0
c 336.38006 -128.96881 317.87152 0.0 -0.2029315 0.0
c 336.37049 -128.96881 318.07193 0.0 -0.2029315 0.0
c 336.36092 -128.96881 318.27233 0.0 -0.2029315 0.0
c 336.35135 -128.96881 318.47273 0.0 -0.2029315 0.0
c 336.34177 -128.96881 318.67314 0.0 -0.2029315 0.0
c 336.3322 -128.96881 318.87354 0.0 -0.2029315 0.0
c 336.32263 -128.96881 319.07395 0.0 -0.2029315 0.0
c 336.31306 -128.96881 319.27435 0.0 -0.2029315 0.0
c 336.30349 -128.96881 319.47475 0.0 -0.2029315 0.0
c 336.29392 -128.96881 319.67516 0.0 -0.2029315 0.0
c 336.28434 -128.96881 319.87556 0.0 -0.2029315 0.0
c 336.27477 -128.96881 320.07597 0.0 -0.2029315 0.0
c 336.2652 -128.96881 320.27637 0.0 -0.2029315 0.0
c 336.25563 -128.96881 320.47677 0.0 -0.2029315 0.0
c 336.24606 -128.96881 320.67718 0.0 -0.2029315 0.0
c 336.23649 -128.96881 320.87758 0.0 -0.2029315 0.0
c 336.22691 -128.96881 321.07798 0.0 -0.2029315 0.0
c 336.21734 -128.96881 321.27839 0.0 -0.2029315 0.0
c 336.20777 -128.96881 321.47879 0.0 -0.2029315 0.0
c 336.1982 -128.96881 321.6792 0.0 -0.2029315 0.0
c 336.18863 -128.96881 321.8796 0.0 -0.2029315 0.0
c 336.17906 -128.96881 322.08 0.0 -0.2029315 0.0
c 336.16949 -128.96881 322.28041 0.0 -0.2029315 0.0
c 336.15991 -128.96881 322.48081 0.0 -0.2029315 0.0
c 336.15034 -128.96881 322.68121 0.0 -0.2029315 0.0
c 336.14077 -128.96881 322.88162 0.0 -0.2029315 0.0
c 336.1312 -128.96881 323.08202 0.0 -0.2029315 0.0
c 336.12163 -128.96881 323.28243 0.0 -0.2029315 0.0
c 336.11206 -128.96881 323.48283 0.0 -0.2029315 0.0
c 336.10248 -128.96881 323.68323 0.0 -0.2029315 0.0
c 336.09291 -128.96881 323.88364 0.0 -0.2029315 0.0
c 336.08334 -128.96881 324.08404 0.0 -0.2029315 0.0
c 336.07377 -128.96881 324.28444 0.0 -0.2029315 0.0
c 336.0642 -128.96881 324.48485 0.0 -0.2029315 0.0
c 336.05463 -128.96881 324.68525 0.0 -0.2029315 0.0
c 336.04505 -128.96881 324.88566 0.0 -0.2029315 0.0
c 336.03548 -128.96881 325.08606 0.0 -0.2029315 0.0
c 336.02591 -128.96881 325.28646 0.0 -0.2029315 0.0
c 336.01634 -128.96881 325.48687 0.0 -0.2029315 0.0
c 336.00677 -128.96881 325.68727 0.0 -0.2029315 0.0
c 335.9972 -128.96881 325.88767 0.0 -0.2029315 0.0
c 335.98762 -128.96881 326.08808 0.0 -0.2029315 0.0
c 335.97805 -128.96881 326.28848 0.0 -0.2029315 0.0
c 335.96848 -128.96881 326.48889 0.0 -0.2029315 0.0
c 335.95891 -128.96881 326.68929 0.0 -0.2029315 0.0
c 335.94934 -128.96881 326.88969 0.0 -0.2029315 0.0
c 335.93977 -128.96881 327.0901 0.0 -0.2029315 0.0
c 335.93019 -128.96881 327.2905 0.0 -0.2029315 0.0
c 335.92062 -128.96881 327.4909 0.0 -0.2029315 0.0
c 335.91105 -128.96881 327.69131 0.0 -0.2029315 0.0
c 335.90148 -128.96881 327.89171 0.0 -0.2029315 0.0
c 335.89191 -128.96881 328.09212 0.0 -0.2029315 0.0
c 335.88234 -128.96881 328.29252 0.0 -0.2029315 0.0
c 335.87276 -128.96881 328.49292 0.0 -0.2029315 0.0
c 335.86319 -128.96881 328.69333 0.0 -0.2029315 0.0
c 335.85362 -128.96881 328.89373 0.0 -0.2029315 0.0
c 335.84405 -128.96881 329.09413 0.0 -0.2029315 0.0
c 335.83448 -128.96881 329.29454 0.0 -0.2029315 0.0
c 335.82491 -128.96881 329.49494 0.0 -0.2029315 0.0
c 335.81533 -128.96881 329.69535 0.0 -0.2029315 0.0
c 335.80576 -128.96881 329.89575 0.0 -0.2029315 0.0
c 335.79619 -128.96881 330.09615 0.0 -0.2029315 0.0
c 335.78662 -128.96881 330.29656 0.0 -0.2029315 0.0
c 335.77705 -128.96881 330.49696 0.0 -0.2029315 0.0
c 335.76748 -128.96881 330.69736 0.0 -0.2029315 0.0
c 335.75791 -128.96881 330.89777 0.0 -0.2029315 0.0
c 335.74833 -128.96881 331.09817 0.0 -0.2029315 0.0
c 335.73876 -128.96881 331.29858 0.0 -0.2029315 0.0
c 335.72919 -128.96881 331.49898 0.0 -0.2029315 0.0
c 335.71962 -128.96881 331.69938 0.0 -0.2029315 0.0
c 335.71005 -128.96881 331.89979 0.0 -0.2029315 0.0
c 335.70048 -128.96881 332.10019 0.0 -0.2029315 0.0
c 335.6909 -128.96881 332.30059 0.0 -0.2029315 0.0
c 335.68133 -128.96881 332.501 0.0 -0.2029315 0.0
c 335.67176 -128.96881 332.7014 0.0 -0.2029315 0.0
c 335.66219 -128.96881 332.90181 0.0 -0.2029315 0.0
c 335.65262 -128.96881 333.10221 0.0 -0.2029315 0.0
c 335.64305 -128.96881 333.30261 0.0 -0.2029315 0.0
c 335.63347 -128.96881 333.50302 0.0 -0.2029315 0.0
c 335.6239 -128.96881 333.70342 0.0 -0.2029315 0.0
c 335.61433 -128.96881 333.90382 0.0 -0.2029315 0.0
c 335.60476 -128.96881 334.10423 0.0 -0.2029315 0.0
c 335.59519 -128.96881 334.30463 0.0 -0.2029315 0.0
c 335.58562 -128.96881 334.50504 0.0 -0.2029315 0.0
c 335.57604 -128.96881 334.70544 0.0 -0.2029315 0.0
c 335.56647 -128.96881 334.90584 0.0 -0.2029315 0.0
c 335.5569 -128.96881 335.10625 0.0 -0.2029315 0.0
c 335.54733 -128.96881 335.30665 0.0 -0.2029315 0.0
c 335.53776 -128.96881 335.50705 0.0 -0.2029315 0.0
c 335.52819 -128.96881 335.70746 0.0 -0.2029315 0.0
c 335.51861 -128.96881 335.90786 0.0 -0.2029315 0.0
c 335.50904 -128.96881 336.10827 0.0 -0.2029315 0.0
c 335.49947 -128.96881 336.30867 0.0 -0.2029315 0.0
c 335.4899 -128.96881 336.50907 0.0 -0.2029315 0.0
c 335.48033 -128.96881 336.70948 0.0 -0.2029315 0.0
c 335.47076 -128.96881 336.90988 0.0 -0.2029315 0.0
c 335.46118 -128.96881 337.11028 0.0 -0.2029315 0.0
c 335.45161 -128.96881 337.31069 0.0 -0.2029315 0.0
c 335.44204 -128.96881 337.51109 0.0 -0.2029315 0.0
c 335.43247 -128.96881 337.7115 0.0 -0.2029315 0.0
c 335.4229 -128.96881 337.9119 0.0 -0.2029315 0.0
c 335.41333 -128.96881 338.1123 0.0 -0.2029315 0.0
c 335.40375 -128.96881 338.31271 0.0 -0.2029315 0.0
c 335.39418 -128.96881 338.51311 0.0 -0.2029315 0.0
c 335.38461 -128.96881 338.71351 0.0 -0.2029315 0.0
c 335.37504 -128.96881 338.91392 0.0 -0.2029315 0.0
c 335.36547 -128.96881 339.11432 0.0 -0.2029315 0.0
c 335.3559 -128.96881 339.31473 0.0 -0.2029315 0.0
c 335.34632 -128.96881 339.51513 0.0 -0.2029315 0.0
c 335.33675 -128.96881 339.71553 0.0 -0.2029315 0.0
c 335.32718 -128.96881 339.91594 0.0 -0.2029315 0.0
c 335.31761 -128.96881 340.11634 0.0 -0.2029315 0.0
c 335.30804 -128.96881 340.31674 0.0 -0.2029315 0.0
c 335.29847 -128.96881 340.51715 0.0 -0.2029315 0.0
c 335.2889 -128.96881 340.71755 0.0 -0.2029315 0.0
c 335.27932 -128.96881 340.91796 0.0 -0.2029315 0.0
c 335.26975 -128.96881 341.11836 0.0 -0.2029315 0.0
c 335.26018 -128.96881 341.31876 0.0 -0.2029315 0.0
c 335.25061 -128.96881 341.51917 0.0 -0.2029315 0.0
c 335.24104 -128.96881 341.71957 0.0 -0.2029315 0.0
c 335.23147 -128.96881 341.91997 0.0 -0.2029315 0.0
c 335.22189 -128.96881 342.12038 0.0 -0.2029315 0.0
c 335.21232 -128.96881 342.32078 0.0 -0.2029315 0.0
c 335.20275 -128.96881 342.52119 0.0 -0.2029315 0.0
c 335.19318 -128.96881 342.72159 0.0 -0.2029315 0.0
c 335.18361 -128.96881 342.92199 0.0 -0.2029315 0.0
c 335.17404 -128.96881 343.1224 0.0 -0.2029315 0.0
c 335.16446 -128.96881 343.3228 0.0 -0.2029315 0.0
c 335.15489 -128.96881 343.5232 0.0 -0.2029315 0.0
c 335.14532 -128.96881 343.72361 0.0 -0.2029315 0.0
c 335.13575 -128.96881 343.92401 0.0 -0.2029315 0.0
c 335.12618 -128.96881 344.12442 0.0 -0.2029315 0.0
c 335.11661 -128.96881 344.32482 0.0 -0.2029315 0.0
c 335.10703 -128.96881 344.52522 0.0 -0.2029315 0.0
c 335.09746 -128.96881 344.72563 0.0 -0.2029315 0.0
c 335.08789 -128.96881 344.92603 0.0 -0.2029315 0.0
c 335.07832 -128.96881 345.12643 0.0 -0.2029315 0.0
c 335.06875 -128.96881 345.32684 0.0 -0.2029315 0.0
c 335.05918 -128.96881 345.52724 0.0 -0.2029315 0.0
c 335.0496 -128.96881 345.72765 0.0 -0.2029315 0.0
c 335.04003 -128.96881 345.92805 0.0 -0.2029315 0.0
c 335.03046 -128.96881 346.12845 0.0 -0.2029315 0.0
c 335.02089 -128.96881 346.32886 0.0 -0.2029315 0.0
c 335.01132 -128.96881 346.52926 0.0 -0.2029315 0.0
c 335.00175 -128.96881 346.72966 0.0 -0.2029315 0.0
c 334.99217 -128.96881 346.93007 0.0 -0.2029315 0.0
c 334.9826 -128.96881 347.13047 0.0 -0.2029315 0.0
c 334.9826 -128.96881 347.13047 0.0 -0.2029315 0.0
c 334.9826 -129.16977 347.13047 0.0 -0.2029315 0.0
c 334.9826 -129.37072 347.13047 0.0 -0.2029315 0.0
c 334.9826 -129.57167 347.13047 0.0 -0.2029315 0.0
c 334.9826 -129.77262 347.13047 0.0 -0.2029315 0.0
c 334.9826 -129.97357 347.13047 0.0 -0.2029315 0.0
c 334.9826 -130.17453 347.13047 0.0 -0.2029315 0.0
c 334.9826 -130.37548 347.13047 0.0 -0.2029315 0.0
c 334.9826 -130.57643 347.13047 0.0 -0.2029315 0.0
c 334.9826 -130.77738 347.13047 0.0 -0.2029315 0.0
c 334.9826 -130.97833 347.13047 0.0 -0.2029315 0.0
c 334.9826 -131.17929 347.13047 0.0 -0.2029315 0.0
c 334.9826 -131.38024 347.13047 0.0 -0.2029315 0.0
c 334.9826 -131.58119 347.13047 0.0 -0.2029315 0.0
c 334.9826 -131.78214 347.13047 0.0 -0.2029315 0.0
c 334.9826 -131.98309 347.13047 0.0 -0.2029315 0.0
c 334.9826 -132.18404 347.13047 0.0 -0.2029315 0.0
c 334.9826 -132.385 347.13047 0.0 -0.2029315 0.0
c 334.9826 -132.58595 347.13047 0.0 -0.2029315 0.0
c 334.9826 -132.7869 347.13047 0.0 -0.2029315 0.0
c 334.9826 -132.98785 347.13047 0.0 -0.2029315 0.0
c 334.9826 -133.1888 347.13047 0.0 -0.2029315 0.0
c 334.9826 -133.38976 347.13047 0.0 -0.2029315 0.0
c 334.9826 -133.59071 347.13047 0.0 -0.2029315 0.0
c 334.9826 -133.79166 347.13047 0.0 -0.2029315 0.0
c 334.9826 -133.99261 347.13047 0.0 -0.2029315 0.0
c 334.9826 -134.19356 347.13047 0.0 -0.2029315 0.0
c 334.9826 -134.39451 347.13047 0.0 -0.2029315 0.0
c 334.9826 -134.59547 347.13047 0.0 -0.2029315 0.0
c 334.9826 -134.79642 347.13047 0.0 -0.2029315 0.0
c 334.9826 -134.99737 347.13047 0.0 -0.2029315 0.0
c 334.9826 -135.19832 347.13047 0.0 -0.2029315 0.0
c 334.9826 -135.39927 347.13047 0.0 -0.2029315 0.0
c 334.9826 -135.60023 347.13047 0.0 -0.2029315 0.0
c 334.9826 -135.80118 347.13047 0.0 -0.2029315 0.0
c 334.9826 -136.00213 347.13047 0.0 -0.2029315 0.0
c 334.9826 -136.20308 347.13047 0.0 -0.2029315 0.0
c 334.9826 -136.40403 347.13047 0.0 -0.2029315 0.0
c 334.9826 -136.60499 347.13047 0.0 -0.2029315 0.0
c 334.9826 -136.80594 347.13047 0.0 -0.2029315 0.0
c 334.9826 -137.00689 347.13047 0.0 -0.2029315 0.0
c 334.9826 -137.20784 347.13047 0.0 -0.2029315 0.0
c 334.9826 -137.40879 347.13047 0.0 -0.2029315 0.0
c 334.9826 -137.60974 347.13047 0.0 -0.2029315 0.0
c 334.9826 -137.8107 347.13047 0.0 -0.2029315 0.0
c 334.9826 -138.01165 347.13047 0.0 -0.2029315 0.0
c 334.9826 -138.2126 347.13047 0.0 -0.2029315 0.0
c 334.9826 -138.41355 347.13047 0.0 -0.2029315 0.0
c 334.9826 -138.6145 347.13047 0.0 -0.2029315 0.0
c 334.9826 -138.81546 347.13047 0.0 -0.2029315 0.0
c 334.9826 -139.01641 347.13047 0.0 -0.2029315 0.0
c 334.9826 -139.21736 347.13047 0.0 -0.2029315 0.0
c 334.9826 -139.41831 347.13047 0.0 -0.2029315 0.0
c 334.9826 -139.61926 347.13047 0.0 -0.2029315 0.0
c 334.9826 -139.82021 347.13047 0.0 -0.2029315 0.0
c 334.9826 -140.02117 347.13047 0.0 -0.2029315 0.0
c 334.9826 -140.22212 347.13047 0.0 -0.2029315 0.0
c 334.9826 -140.42307 347.13047 0.0 -0.2029315 0.0
c 334.9826 -140.62402 347.13047 0.0 -0.2029315 0.0
c 334.9826 -140.82497 347.13047 0.0 -0.2029315 0.0
c 334.9826 -141.02593 347.13047 0.0 -0.2029315 0.0
c 334.9826 -141.22688 347.13047 0.0 -0.2029315 0.0
c 334.9826 -141.42783 347.13047 0.0 -0.2029315 0.0
c 334.9826 -141.62878 347.13047 0.0 -0.2029315 0.0
c 334.9826 -141.82973 347.13047 0.0 -0.2029315 0.0
c 334.9826 -142.03069 347.13047 0.0 -0.2029315 0.0
c 334.9826 -142.23164 347.13047 0.0 -0.2029315 0.0
c 334.9826 -142.43259 347.13047 0.0 -0.2029315 0.0
c 334.9826 -142.63354 347.13047 0.0 -0.2029315 0.0
c 334.9826 -142.83449 347.13047 0.0 -0.2029315 0.0
c 334.9826 -143.03544 347.13047 0.0 -0.2029315 0.0
c 334.9826 -143.2364 347.13047 0.0 -0.2029315 0.0
c 334.9826 -143.43735 347.13047 0.0 -0.2029315 0.0
c 334.9826 -143.6383 347.13047 0.0 -0.2029315 0.0
c 334.9826 -143.83925 347.13047 0.0 -0.2029315 0.0
c 334.9826 -144.0402 347.13047 0.0 -0.2029315 0.0
c 334.9826 -144.24116 347.13047 0.0 -0.2029315 0.0
c 334.9826 -144.44211 347.13047 0.0 -0.2029315 0.0
c 334.9826 -144.64306 347.13047 0.0 -0.2029315 0.0
c 334.9826 -144.84401 347.13047 0.0 -0.2029315 0.0
c 334.9826 -145.04496 347.13047 0.0 -0.2029315 0.0
c 334.9826 -145.24591 347.13047 0.0 -0.2029315 0.0
c 334.9826 -145.44687 347.13047 0.0 -0.2029315 0.0
c 334.9826 -145.64782 347.13047 0.0 -0.2029315 0.0
c 334.9826 -145.84877 347.13047 0.0 -0.2029315 0.0
c 334.9826 -146.04972 347.13047 0.0 -0.2029315 0.0
c 334.9826 -146.25067 347.13047 0.0 -0.2029315 0.0
c 334.9826 -146.45163 347.13047 0.0 -0.2029315 0.0
c 334.9826 -146.65258 347.13047 0.0 -0.2029315 0.0
c 334.9826 -146.85353 347.13047 0.0 -0.2029315 0.0
c 334.9826 -147.05448 347.13047 0.0 -0.2029315 0.0
c 334.9826 -147.25543 347.13047 0.0 -0.2029315 0.0
c 334.9826 -147.45639 347.13047 0.0 -0.2029315 0.0
c 334.9826 -147.65734 347.13047 0.0 -0.2029315 0.0
c 334.9826 -147.85829 347.13047 0.0 -0.2029315 0.0
c 334.9826 -148.05924 347.13047 0.0 -0.2029315 0.0
c 334.9826 -148.26019 347.13047 0.0 -0.2029315 0.0
c 334.9826 -148.46114 347.13047 0.0 -0.2029315 0.0
c 334.9826 -148.6621 347.13047 0.0 -0.2029315 0.0
c 334.9826 -148.86305 347.13047 0.0 -0.2029315 0.0
c 334.9826 -149.064 347.13047 0.0 -0.2029315 0.0
c 334.9826 -149.26495 347.13047 0.0 -0.2029315 0.0
c 334.9826 -149.4659 347.13047 0.0 -0.2029315 0.0
c 334.9826 -149.66686 347.13047 0.0 -0.2029315 0.0
c 334.9826 -149.86781 347.13047 0.0 -0.2029315 0.0
c 334.9826 -150.06876 347.13047 0.0 -0.2029315 0.0
c 334.9826 -150.26971 347.13047 0.0 -0.2029315 0.0
c 334.9826 -150.47066 347.13047 0.0 -0.2029315 0.0
c 334.9826 -150.67161 347.13047 0.0 -0.2029315 0.0
c 334.9826 -150.87257 347.13047 0.0 -0.2029315 0.0
c 334.9826 -151.07352 347.13047 0.0 -0.2029315 0.0
c 334.9826 -151.27447 347.13047 0.0 -0.2029315 0.0
c 334.9826 -151.47542 347.13047 0.0 -0.2029315 0.0
c 334.9826 -151.67637 347.13047 0.0 -0.2029315 0.0
c 334.9826 -151.87733 347.13047 0.0 -0.2029315 0.0
c 334.9826 -152.07828 347.13047 0.0 -0.2029315 0.0
c 334.9826 -152.27923 347.13047 0.0 -0.2029315 0.0
c 334.9826 -152.48018 347.13047 0.0 -0.2029315 0.0
c 334.9826 -152.68113 347.13047 0.0 -0.2029315 0.0
c 334.9826 -152.88209 347.13047 0.0 -0.2029315 0.0
c 334.9826 -153.08304 347.13047 0.0 -0.2029315 0.0
c 334.9826 -153.28399 347.13047 0.0 -0.2029315 0.0
c 334.9826 -153.48494 347.13047 0.0 -0.2029315 0.0
c 334.9826 -153.68589 347.13047 0.0 -0.2029315 0.0
c 334.9826 -153.88684 347.13047 0.0 -0.2029315 0.0
c 334.9826 -154.0878 347.13047 0.0 -0.2029315 0.0
c 334.9826 -154.28875 347.13047 0.0 -0.2029315 0.0
c 334.9826 -154.4897 347.13047 0.0 -0.2029315 0.0
c 334.9826 -154.69065 347.13047 0.0 -0.2029315 0.0
c 334.9826 -154.8916 347.13047 0.0 -0.2029315 0.0
c 334.9826 -155.09256 347.13047 0.0 -0.2029315 0.0
c 334.9826 -155.29351 347.13047 0.0 -0.2029315 0.0
c 334.9826 -155.49446 347.13047 0.0 -0.2029315 0.0
c 334.9826 -155.69541 347.13047 0.0 -0.2029315 0.0
c 334.9826 -155.89636 347.13047 0.0 -0.2029315 0.0
c 334.9826 -156.09731 347.13047 0.0 -0.2029315 0.0
c 334.9826 -156.29827 347.13047 0.0 -0.2029315 0.0
c 334.9826 -156.49922 347.13047 0.0 -0.2029315 0.0
c 334.9826 -156.70017 347.13047 0.0 -0.2029315 0.0
c 334.9826 -156.90112 347.13047 0.0 -0.2029315 0.0
c 334.9826 -157.10207 347.13047 0.0 -0.2029315 0.0
c 334.9826 -157.30303 347.13047 0.0 -0.2029315 0.0
c 334.9826 -157.50398 347.13047 0.0 -0.2029315 0.0
c 334.9826 -157.70493 347.13047 0.0 -0.2029315 0.0
c 334.9826 -157.90588 347.13047 0.0 -0.2029315 0.0
c 334.9826 -158.10683 347.13047 0.0 -0.2029315 0.0
c 334.9826 -158.30779 347.13047 0.0 -0.2029315 0.0
c 334.9826 -158.50874 347.13047 0.0 -0.2029315 0.0
c 334.9826 -158.70969 347.13047 0.0 -0.2029315 0.0
c 334.9826 -158.91064 347.13047 0.0 -0.2029315 0.0
c 334.9826 -159.11159 347.13047 0.0 -0.2029315 0.0
c 334.9826 -159.31254 347.13047 0.0 -0.2029315 0.0
c 334.9826 -159.5135 347.13047 0.0 -0.2029315 0.0
c 334.9826 -159.71445 347.13047 0.0 -0.2029315 0.0
c 334.9826 -159.9154 347.13047 0.0 -0.2029315 0.0
c 334.9826 -160.11635 347.13047 0.0 -0.2029315 0.0
c 334.9826 -160.3173 347.13047 0.0 -0.2029315 0.0
c 334.9826 -160.51826 347.13047 0.0 -0.2029315 0.0
c 334.9826 -160.71921 347.13047 0.0 -0.2029315 0.0
c 334.9826 -160.92016 347.13047 0.0 -0.2029315 0.0
c 334.9826 -161.12111 347.13047 0.0 -0.2029315 0.0
c 334.9826 -161.32206 347.13047 0.0 -0.2029315 0.0
c 334.9826 -161.52301 347.13047 0.0 -0.2029315 0.0
c 334.9826 -161.72397 347.13047 0.0 -0.2029315 0.0
c 334.9826 -161.92492 347.13047 0.0 -0.2029315 0.0
c 334.9826 -162.12587 347.13047 0.0 -0.2029315 0.0
c 334.9826 -162.32682 347.13047 0.0 -0.2029315 0.0
c 334.9826 -162.52777 347.13047 0.0 -0.2029315 0.0
c 334.9826 -162.72873 347.13047 0.0 -0.2029315 0.0
c 334.9826 -162.92968 347.13047 0.0 -0.2029315 0.0
c 334.9826 -163.13063 347.13047 0.0 -0.2029315 0.0
c 334.9826 -163.33158 347.13047 0.0 -0.2029315 0.0
c 334.9826 -163.53253 347.13047 0.0 -0.2029315 0.0
c 334.9826 -163.73349 347.13047 0.0 -0.2029315 0.0
c 334.9826 -163.93444 347.13047 0.0 -0.2029315 0.0
c 334.9826 -164.13539 347.13047 0.0 -0.2029315 0.0
c 334.9826 -164.33634 347.13047 0.0 -0.2029315 0.0
c 334.9826 -164.53729 347.13047 0.0 -0.2029315 0.0
c 334.9826 -164.73824 347.13047 0.0 -0.2029315 0.0
c 334.9826 -164.9392 347.13047 0.0 -0.2029315 0.0
c 334.9826 -165.14015 347.13047 0.0 -0.2029315 0.0
c 334.9826 -165.3411 347.13047 0.0 -0.2029315 0.0
c 334.9826 -165.54205 347.13047 0.0 -0.2029315 0.0
c 334.9826 -165.743 347.13047 0.0 -0.2029315 0.0
c 334.9826 -165.94396 347.13047 0.0 -0.2029315 0.0
c 334.9826 -166.14491 347.13047 0.0 -0.2029315 0.0
c 334.9826 -166.34586 347.13047 0.0 -0.2029315 0.0
c 334.9826 -166.54681 347.13047 0.0 -0.2029315 0.0
c 334.9826 -166.74776 347.13047 0.0 -0.2029315 0.0
c 334.9826 -166.94871 347.13047 0.0 -0.2029315 0.0
c 334.9826 -167.14967 347.13047 0.0 -0.2029315 0.0
c 334.9826 -167.35062 347.13047 0.0 -0.2029315 0.0
c 334.9826 -167.55157 347.13047 0.0 -0.2029315 0.0
c 334.9826 -167.75252 347.13047 0.0 -0.2029315 0.0
c 334.9826 -167.95347 347.13047 0.0 -0.2029315 0.0
c 334.9826 -168.15443 347.13047 0.0 -0.2029315 0.0
c 334.9826 -168.35538 347.13047 0.0 -0.2029315 0.0
c 334.9826 -168.55633 347.13047 0.0 -0.2029315 0.0
c 334.9826 -168.75728 347.13047 0.0 -0.2029315 0.0
c 334.9826 -168.95823 347.13047 0.0 -0.2029315 0.0
c 334.9826 -169.15918 347.13047 0.0 -0.2029315 0.0
c 334.9826 -169.36014 347.13047 0.0 -0.2029315 0.0
c 334.9826 -169.56109 347.13047 0.0 -0.2029315 0.0
c 334.9826 -169.76204 347.13047 0.0 -0.2029315 0.0
c 334.9826 -169.96299 347.13047 0.0 -0.2029315 0.0
c 334.9826 -170.16394 347.13047 0.0 -0.2029315 0.0
c 334.9826 -170.3649 347.13047 0.0 -0.2029315 0.0
c 334.9826 -170.56585 347.13047 0.0 -0.2029315 0.0
c 334.9826 -170.7668 347.13047 0.0 -0.2029315 0.0
c 334.9826 -170.96775 347.13047 0.0 -0.2029315 0.0
c 334.9826 -171.1687 347.13047 0.0 -0.2029315 0.0
c 334.9826 -171.36966 347.13047 0.0 -0.2029315 0.0
c 334.9826 -171.57061 347.13047 0.0 -0.2029315 0.0
c 334.9826 -171.77156 347.13047 0.0 -0.2029315 0.0
c 334.9826 -171.97251 347.13047 0.0 -0.2029315 0.0
c 334.9826 -172.17346 347.13047 0.0 -0.2029315 0.0
c 334.9826 -172.37441 347.13047 0.0 -0.2029315 0.0
c 334.9826 -172.57537 347.13047 0.0 -0.2029315 0.0
c 334.9826 -172.77632 347.13047 0.0 -0.2029315 0.0
c 334.9826 -172.97727 347.13047 0.0 -0.2029315 0.0
c 334.9826 -173.17822 347.13047 0.0 -0.2029315 0.0
c 334.9826 -173.37917 347.13047 0.0 -0.2029315 0.0
c 334.9826 -173.58013 347.13047 0.0 -0.2029315 0.0
c 334.9826 -173.78108 347.13047 0.0 -0.2029315 0.0
c 334.9826 -173.98203 347.13047 0.0 -0.2029315 0.0
c 334.9826 -174.18298 347.13047 0.0 -0.2029315 0.0
c 334.9826 -174.38393 347.13047 0.0 -0.2029315 0.0
c 334.9826 -174.58488 347.13047 0.0 -0.2029315 0.0
c 334.9826 -174.78584 347.13047 0.0 -0.2029315 0.0
c 334.9826 -174.98679 347.13047 0.0 -0.2029315 0.0
c 334.9826 -175.18774 347.13047 0.0 -0.2029315 0.0
c 334.9826 -175.38869 347.13047 0.0 -0.2029315 0.0
c 334.9826 -175.58964 347.13047 0.0 -0.2029315 0.0
c 334.9826 -175.7906 347.13047 0.0 -0.2029315 0.0
c 334.9826 -175.99155 347.13047 0.0 -0.2029315 0.0
c 334.9826 -176.1925 347.13047 0.0 -0.2029315 0.0
c 334.9826 -176.39345 347.13047 0.0 -0.2029315 0.0
c 334.9826 -176.5944 347.13047 0.0 -0.2029315 0.0
c 334.9826 -176.79536 347.13047 0.0 -0.2029315 0.0
c 334.9826 -176.99631 347.13047 0.0 -0.2029315 0.0
c 334.9826 -177.19726 347.13047 0.0 -0.2029315 0.0
c 334.9826 -177.39821 347.13047 0.0 -0.2029315 0.0
c 334.9826 -177.59916 347.13047 0.0 -0.2029315 0.0
c 334.9826 -177.80011 347.13047 0.0 -0.2029315 0.0
c 334.9826 -178.00107 347.13047 0.0 -0.2029315 0.0
c 334.9826 -178.20202 347.13047 0.0 -0.2029315 0.0
c 334.9826 -178.40297 347.13047 0.0 -0.2029315 0.0
c 334.9826 -178.60392 347.13047 0.0 -0.2029315 0.0
c 334.9826 -178.80487 347.13047 0.0 -0.2029315 0.0
c 334.9826 -179.00583 347.13047 0.0 -0.2029315 0.0
c 334.9826 -179.20678 347.13047 0.0 -0.2029315 0.0
c 334.9826 -179.40773 347.13047 0.0 -0.2029315 0.0
c 334.9826 -179.60868 347.13047 0.0 -0.2029315 0.0
c 334.9826 -179.80963 347.13047 0.0 -0.2029315 0.0
c 334.9826 -180.01058 347.13047 0.0 -0.2029315 0.0
c 334.9826 -180.21154 347.13047 0.0 -0.2029315 0.0
c 334.9826 -180.41249 347.13047 0.0 -0.2029315 0.0
c 334.9826 -180.61344 347.13047 0.0 -0.2029315 0.0
c 334.9826 -180.81439 347.13047 0.0 -0.2029315 0.0
c 334.9826 -181.01534 347.13047 0.0 -0.2029315 0.0
c 334.9826 -181.2163 347.13047 0.0 -0.2029315 0.0
c 334.9826 -181.41725 347.13047 0.0 -0.2029315 0.0
c 334.9826 -181.6182 347.13047 0.0 -0.2029315 0.0
c 334.9826 -181.81915 347.13047 0.0 -0.2029315 0.0
c 334.9826 -182.0201 347.13047 0.0 -0.2029315 0.0
c 334.9826 -182.22106 347.13047 0.0 -0.2029315 0.0
c 334.9826 -182.42201 347.13047 0.0 -0.2029315 0.0
c 334.9826 -182.62296 347.13047 0.0 -0.2029315 0.0
c 334.9826 -182.82391 347.13047 0.0 -0.2029315 0.0
c 334.9826 -183.02486 347.13047 0.0 -0.2029315 0.0
c 334.9826 -183.22581 347.13047 0.0 -0.2029315 0.0
c 334.9826 -183.42677 347.13047 0.0 -0.2029315 0.0
c 334.9826 -183.62772 347.13047 0.0 -0.2029315 0.0
c 334.9826 -183.82867 347.13047 0.0 -0.2029315 0.0
c 334.9826 -184.02962 347.13047 0.0 -0.2029315 0.0
c 334.9826 -184.23057 347.13047 0.0 -0.2029315 0.0
c 334.9826 -184.43153 347.13047 0.0 -0.2029315 0.0
c 334.9826 -184.63248 347.13047 0.0 -0.2029315 0.0
c 334.9826 -184.83343 347.13047 0.0 -0.2029315 0.0
c 334.9826 -185.03438 347.13047 0.0 -0.2029315 0.0
c 334.9826 -185.23533 347.13047 0.0 -0.2029315 0.0
c 334.9826 -185.43628 347.13047 0.0 -0.2029315 0.0
c 334.9826 -185.63724 347.13047 0.0 -0.2029315 0.0
c 334.9826 -185.83819 347.13047 0.0 -0.2029315 0.0
c 334.9826 -186.03914 347.13047 0.0 -0.2029315 0.0
c 334.9826 -186.24009 347.13047 0.0 -0.2029315 0.0
c 334.9826 -186.44104 347.13047 0.0 -0.2029315 0.0
c 334.9826 -186.642 347.13047 0.0 -0.2029315 0.0
c 334.9826 -186.84295 347.13047 0.0 -0.2029315 0.0
c 334.9826 -187.0439 347.13047 0.0 -0.2029315 0.0
c 334.9826 -187.24485 347.13047 0.0 -0.2029315 0.0
c 334.9826 -187.4458 347.13047 0.0 -0.2029315 0.0
c 334.9826 -187.64676 347.13047 0.0 -0.2029315 0.0
c 334.9826 -187.84771 347.13047 0.0 -0.2029315 0.0
c 334.9826 -188.04866 347.13047 0.0 -0.2029315 0.0
c 334.9826 -188.24961 347.13047 0.0 -0.2029315 0.0
c 334.9826 -188.45056 347.13047 0.0 -0.2029315 0.0
c 334.9826 -188.65151 347.13047 0.0 -0.2029315 0.0
c 334.9826 -188.85247 347.13047 0.0 -0.2029315 0.0
c 334.9826 -189.05342 347.13047 0.0 -0.2029315 0.0
c 334.9826 -189.25437 347.13047 0.0 -0.2029315 0.0
c 334.9826 -189.45532 347.13047 0.0 -0.2029315 0.0
c 334.9826 -189.65627 347.13047 0.0 -0.2029315 0.0
c 334.9826 -189.85723 347.13047 0.0 -0.2029315 0.0
c 334.9826 -190.05818 347.13047 0.0 -0.2029315 0.0
c 334.9826 -190.25913 347.13047 0.0 -0.2029315 0.0
c 334.9826 -190.46008 347.13047 0.0 -0.2029315 0.0
c 334.9826 -190.66103 347.13047 0.0 -0.2029315 0.0
c 334.9826 -190.86198 347.13047 0.0 -0.2029315 0.0
c 334.9826 -191.06294 347.13047 0.0 -0.2029315 0.0
c 334.9826 -191.26389 347.13047 0.0 -0.2029315 0.0
c 334.9826 -191.46484 347.13047 0.0 -0.2029315 0.0
c 334.9826 -191.66579 347.13047 0.0 -0.2029315 0.0
c 334.9826 -191.86674 347.13047 0.0 -0.2029315 0.0
c 334.9826 -192.0677 347.13047 0.0 -0.2029315 0.0
c 334.9826 -192.26865 347.13047 0.0 -0.2029315 0.0
c 334.9826 -192.4696 347.13047 0.0 -0.2029315 0.0
c 334.9826 -192.67055 347.13047 0.0 -0.2029315 0.0
c 334.9826 -192.8715 347.13047 0.0 -0.2029315 0.0
c 334.9826 -193.07246 347.13047 0.0 -0.2029315 0.0
c 334.9826 -193.27341 347.13047 0.0 -0.2029315 0.0
c 334.9826 -193.47436 347.13047 0.0 -0.2029315 0.0
c 334.9826 -193.67531 347.13047 0.0 -0.2029315 0.0
c 334.9826 -193.87626 347.13047 0.0 -0.2029315 0.0
c 334.9826 -194.07721 347.13047 0.0 -0.2029315 0.0
c 334.9826 -194.27817 347.13047 0.0 -0.2029315 0.0
c 334.9826 -194.47912 347.13047 0.0 -0.2029315 0.0
c 334.9826 -194.68007 347.13047 0.0 -0.2029315 0.0
c 334.9826 -194.88102 347.13047 0.0 -0.2029315 0.0
c 334.9826 -195.08197 347.13047 0.0 -0.2029315 0.0
c 334.9826 -195.28293 347.13047 0.0 -0.2029315 0.0
c 334.9826 -195.48388 347.13047 0.0 -0.2029315 0.0
c 334.9826 -195.68483 347.13047 0.0 -0.2029315 0.0
c 334.9826 -195.88578 347.13047 0.0 -0.2029315 0.0
c 334.9826 -196.08673 347.13047 0.0 -0.2029315 0.0
c 334.9826 -196.28768 347.13047 0.0 -0.2029315 0.0
c 334.9826 -196.48864 347.13047 0.0 -0.2029315 0.0
c 334.9826 -196.68959 347.13047 0.0 -0.2029315 0.0
c 334.9826 -196.89054 347.13047 0.0 -0.2029315 0.0
c 334.9826 -197.09149 347.13047 0.0 -0.2029315 0.0
c 334.9826 -197.29244 347.13047 0.0 -0.2029315 0.0
c 334.9826 -197.4934 347.13047 0.0 -0.2029315 0.0
c 334.9826 -197.69435 347.13047 0.0 -0.2029315 0.0
c 334.9826 -197.8953 347.13047 0.0 -0.2029315 0.0
c 334.9826 -198.09625 347.13047 0.0 -0.2029315 0.0
c 334.9826 -198.2972 347.13047 0.0 -0.2029315 0.0
c 334.9826 -198.49816 347.13047 0.0 -0.2029315 0.0
c 334.9826 -198.69911 347.13047 0.0 -0.2029315 0.0
c 334.9826 -198.90006 347.13047 0.0 -0.2029315 0.0
c 334.9826 -199.10101 347.13047 0.0 -0.2029315 0.0
c 334.9826 -199.30196 347.13047 0.0 -0.2029315 0.0
c 334.9826 -199.50291 347.13047 0.0 -0.2029315 0.0
c 334.9826 -199.70387 347.13047 0.0 -0.2029315 0.0
c 334.9826 -199.90482 347.13047 0.0 -0.2029315 0.0
c 334.9826 -200.10577 347.13047 0.0 -0.2029315 0.0
c 334.9826 -200.30672 347.13047 0.0 -0.2029315 0.0
c 334.9826 -200.50767 347.13047 0.0 -0.2029315 0.0
c 334.9826 -200.70863 347.13047 0.0 -0.2029315 0.0
c 334.9826 -200.90958 347.13047 0.0 -0.2029315 0.0
c 334.9826 -201.11053 347.13047 0.0 -0.2029315 0.0
c 334.9826 -201.31148 347.13047 0.0 -0.2029315 0.0
c 334.9826 -201.51243 347.13047 0.0 -0.2029315 0.0
c 334.9826 -201.71338 347.13047 0.0 -0.2029315 0.0
c 334.9826 -201.91434 347.13047 0.0 -0.2029315 0.0
c 334.9826 -202.11529 347.13047 0.0 -0.2029315 0.0
c 334.9826 -202.31624 347.13047 0.0 -0.2029315 0.0
c 334.9826 -202.51719 347.13047 0.0 -0.2029315 0.0
c 334.9826 -202.71814 347.13047 0.0 -0.2029315 0.0
c 334.9826 -202.9191 347.13047 0.0 -0.2029315 0.0
c 334.9826 -203.12005 347.13047 0.0 -0.2029315 0.0
c 334.9826 -203.321 347.13047 0.0 -0.2029315 0.0
c 334.9826 -203.52195 347.13047 0.0 -0.2029315 0.0
c 334.9826 -203.7229 347.13047 0.0 -0.2029315 0.0
c 334.9826 -203.92386 347.13047 0.0 -0.2029315 0.0
c 334.9826 -204.12481 347.13047 0.0 -0.2029315 0.0
c 334.9826 -204.32576 347.13047 0.0 -0.2029315 0.0
c 334.9826 -204.52671 347.13047 0.0 -0.2029315 0.0
c 334.9826 -204.72766 347.13047 0.0 -0.2029315 0.0
c 334.9826 -204.92861 347.13047 0.0 -0.2029315 0.0
c 334.9826 -205.12957 347.13047 0.0 -0.2029315 0.0
c 334.9826 -205.33052 347.13047 0.0 -0.2029315 0.0
c 334.9826 -205.53147 347.13047 0.0 -0.2029315 0.0
c 334.9826 -205.73242 347.13047 0.0 -0.2029315 0.0
c 334.9826 -205.93337 347.13047 0.0 -0.2029315 0.0
c 334.9826 -206.13433 347.13047 0.0 -0.2029315 0.0
c 334.9826 -206.33528 347.13047 0.0 -0.2029315 0.0
c 334.9826 -206.53623 347.13047 0.0 -0.2029315 0.0
c 334.9826 -206.73718 347.13047 0.0 -0.2029315 0.0
c 334.9826 -206.93813 347.13047 0.0 -0.2029315 0.0
c 334.9826 -207.13908 347.13047 0.0 -0.2029315 0.0
c 334.9826 -207.34004 347.13047 0.0 -0.2029315 0.0
c 334.9826 -207.54099 347.13047 0.0 -0.2029315 0.0
c 334.9826 -207.74194 347.13047 0.0 -0.2029315 0.0
c 334.9826 -207.94289 347.13047 0.0 -0.2029315 0.0
c 334.9826 -208.14384 347.13047 0.0 -0.2029315 0.0
c 334.9826 -208.3448 347.13047 0.0 -0.2029315 0.0
c 334.9826 -208.54575 347.13047 0.0 -0.2029315 0.0
c 334.9826 -208.7467 347.13047 0.0 -0.2029315 0.0
c 334.9826 -208.94765 347.13047 0.0 -0.2029315 0.0
c 334.9826 -209.1486 347.13047 0.0 -0.2029315 0.0
c 334.9826 -209.34955 347.13047 0.0 -0.2029315 0.0
c 334.9826 -209.55051 347.13047 0.0 -0.2029315 0.0
c 334.9826 -209.75146 347.13047 0.0 -0.2029315 0.0
c 334.9826 -209.95241 347.13047 0.0 -0.2029315 0.0
c 334.9826 -210.15336 347.13047 0.0 -0.2029315 0.0
c 334.9826 -210.35431 347.13047 0.0 -0.2029315 0.0
c 334.9826 -210.55527 347.13047 0.0 -0.2029315 0.0
c 334.9826 -210.75622 347.13047 0.0 -0.2029315 0.0
c 334.9826 -210.95717 347.13047 0.0 -0.2029315 0.0
c 334.9826 -211.15812 347.13047 0.0 -0.2029315 0.0
c 334.9826 -211.35907 347.13047 0.0 -0.2029315 0.0
c 334.9826 -211.56003 347.13047 0.0 -0.2029315 0.0
c 334.9826 -211.76098 347.13047 0.0 -0.2029315 0.0
c 334.9826 -211.96193 347.13047 0.0 -0.2029315 0.0
c 334.9826 -212.16288 347.13047 0.0 -0.2029315 0.0
c 334.9826 -212.36383 347.13047 0.0 -0.2029315 0.0
c 334.9826 -212.56478 347.13047 0.0 -0.2029315 0.0
c 334.9826 -212.76574 347.13047 0.0 -0.2029315 0.0
c 334.9826 -212.96669 347.13047 0.0 -0.2029315 0.0
c 334.9826 -213.16764 347.13047 0.0 -0.2029315 0.0
c 334.9826 -213.36859 347.13047 0.0 -0.2029315 0.0
c 334.9826 -213.56954 347.13047 0.0 -0.2029315 0.0
c 334.9826 -213.7705 347.13047 0.0 -0.2029315 0.0
c 334.9826 -213.97145 347.13047 0.0 -0.2029315 0.0
c 334.9826 -214.1724 347.13047 0.0 -0.2029315 0.0
c 334.9826 -214.37335 347.13047 0.0 -0.2029315 0.0
c 334.9826 -214.5743 347.13047 0.0 -0.2029315 0.0
c 334.9826 -214.77525 347.13047 0.0 -0.2029315 0.0
c 334.9826 -214.97621 347.13047 0.0 -0.2029315 0.0
c 334.9826 -215.17716 347.13047 0.0 -0.2029315 0.0
c 334.9826 -215.37811 347.13047 0.0 -0.2029315 0.0
c 334.9826 -215.57906 347.13047 0.0 -0.2029315 0.0
c 334.9826 -215.78001 347.13047 0.0 -0.2029315 0.0
c 334.9826 -215.98097 347.13047 0.0 -0.2029315 0.0
c 334.9826 -216.18192 347.13047 0.0 -0.2029315 0.0
c 334.9826 -216.38287 347.13047 0.0 -0.2029315 0.0
c 334.9826 -216.58382 347.13047 0.0 -0.2029315 0.0
c 334.9826 -216.78477 347.13047 0.0 -0.2029315 0.0
c 334.9826 -216.98573 347.13047 0.0 -0.2029315 0.0
c 334.9826 -217.18668 347.13047 0.0 -0.2029315 0.0
c 334.9826 -217.38763 347.13047 0.0 -0.2029315 0.0
c 334.9826 -217.58858 347.13047 0.0 -0.2029315 0.0
c 334.9826 -217.78953 347.13047 0.0 -0.2029315 0.0
c 334.9826 -217.99048 347.13047 0.0 -0.2029315 0.0
c 334.9826 -218.19144 347.13047 0.0 -0.2029315 0.0
c 334.9826 -218.39239 347.13047 0.0 -0.2029315 0.0
c 334.9826 -218.59334 347.13047 0.0 -0.2029315 0.0
c 334.9826 -218.79429 347.13047 0.0 -0.2029315 0.0
c 334.9826 -218.99524 347.13047 0.0 -0.2029315 0.0
c 334.9826 -219.1962 347.13047 0.0 -0.2029315 0.0
c 334.9826 -219.39715 347.13047 0.0 -0.2029315 0.0
c 334.9826 -219.5981 347.13047 0.0 -0.2029315 0.0
c 334.9826 -219.79905 347.13047 0.0 -0.2029315 0.0
c 334.9826 -220.0 347.13047 0.0 -0.2029315 0.0
c 334.9826 -220.20095 347.13047 0.0 -0.2029315 0.0
c 334.9826 -220.40191 347.13047 0.0 -0.2029315 0.0
c 334.9826 -220.60286 347.13047 0.0 -0.2029315 0.0
c 334.9826 -220.80381 347.13047 0.0 -0.2029315 0.0
c 334.9826 -221.00476 347.13047 0.0 -0.2029315 0.0
c 334.9826 -221.20571 347.13047 0.0 -0.2029315 0.0
c 334.9826 -221.40667 347.13047 0.0 -0.2029315 0.0
c 334.9826 -221.60762 347.13047 0.0 -0.2029315 0.0
c 334.9826 -221.80857 347.13047 0.0 -0.2029315 0.0
c 334.9826 -222.00952 347.13047 0.0 -0.2029315 0.0
c 334.9826 -222.21047 347.13047 0.0 -0.2029315 0.0
c 334.9826 -222.41143 347.13047 0.0 -0.2029315 0.0
c 334.9826 -222.61238 347.13047 0.0 -0.2029315 0.0
c 334.9826 -222.81333 347.13047 0.0 -0.2029315 0.0
c 334.9826 -223.01428 347.13047 0.0 -0.2029315 0.0
c 334.9826 -223.21523 347.13047 0.0 -0.2029315 0.0
c 334.9826 -223.41618 347.13047 0.0 -0.2029315 0.0
c 334.9826 -223.61714 347.13047 0.0 -0.2029315 0.0
c 334.9826 -223.81809 347.13047 0.0 -0.2029315 0.0
c 334.9826 -224.01904 347.13047 0.0 -0.2029315 0.0
c 334.9826 -224.21999 347.13047 0.0 -0.2029315 0.0
c 334.9826 -224.42094 347.13047 0.0 -0.2029315 0.0
c 334.9826 -224.6219 347.13047 0.0 -0.2029315 0.0
c 334.9826 -224.82285 347.13047 0.0 -0.2029315 0.0
c 334.9826 -225.0238 347.13047 0.0 -0.2029315 0.0
c 334.9826 -225.22475 347.13047 0.0 -0.2029315 0.0
c 334.9826 -225.4257 347.13047 0.0 -0.2029315 0.0
