c 393.83893 0.0 345.98526 0.0 0.0001 0.0
t 100
c 389.81972 0.0 345.98788 0.0 0.00010667 0.0
t 100
c 385.8005 0.0 345.99049 0.0 0.00011333 0.0
t 100
c 381.78129 0.0 345.99311 0.0 0.00012 0.0
t 100
c 377.76207 0.0 345.99573 0.0 0.00012667 0.0
t 100
c 373.74286 0.0 345.99834 0.0 0.00013333 0.0
t 100
c 369.72365 0.0 346.00096 0.0 0.00014 0.0
t 100
c 365.70443 0.0 346.00358 0.0 0.00014667 0.0
t 100
c 361.68522 0.0 346.0062 0.0 0.00015333 0.0
t 100
c 357.666 0.0 346.00881 0.0 0.00016 0.0
t 100
c 353.64679 0.0 346.01143 0.0 0.00016667 0.0
t 100
c 349.62757 0.0 346.01405 0.0 0.00017333 0.0
t 100
c 345.60836 0.0 346.01666 0.0 0.00018 0.0
t 100
c 341.58914 0.0 346.01928 0.0 0.00018667 0.0
t 100
c 337.56993 0.0 346.0219 0.0 0.00019333 0.0
t 100
c 333.55071 0.0 346.02451 0.0 0.0002 0.0
t 100
s 0.500
c 333.55071 0.0 346.02451 0.0 0.0002 0.0
t 100
c 333.5522 -4.03865 346.01763 -9.22e-06 0.00021847 -8.12e-06
t 100
c 333.55369 -8.07731 346.01074 -1.845e-05 0.00023694 -1.624e-05
t 100
c 333.55518 -12.11596 346.00386 -2.767e-05 0.0002554 -2.436e-05
t 100
c 333.55666 -16.15461 345.99697 -3.689e-05 0.00027387 -3.248e-05
t 100
c 333.55815 -20.19327 345.99009 -4.612e-05 0.00029234 -4.06e-05
t 100
c 333.55964 -24.23192 345.9832 -5.534e-05 0.00031081 -4.872e-05
t 100
c 333.56113 -28.27057 345.97632 -6.457e-05 0.00032928 -5.684e-05
t 100
c 333.56262 -32.30923 345.96943 -7.379e-05 0.00034774 -6.496e-05
t 100
c 333.5641 -36.34788 345.96255 -8.301e-05 0.00036621 -7.308e-05
t 100
c 333.56559 -40.38654 345.95566 -9.224e-05 0.00038468 -8.12e-05
t 100
c 333.56708 -44.42519 345.94878 -0.00010146 0.00040315 -8.932e-05
t 100
c 333.56857 -48.46384 345.94189 -0.00011068 0.00042162 -9.744e-05
t 100
c 333.57005 -52.5025 345.93501 -0.00011991 0.00044008 -0.00010556
t 100
c 333.57154 -56.54115 345.92813 -0.00012913 0.00045855 -0.00011368
t 100
c 333.57303 -60.5798 345.92124 -0.00013835 0.00047702 -0.0001218
t 100
