c 323.14653 -44.86715 25.32057 0.00165396 1.39185102 0.00083561
t 138
c 323.14653 -44.86715 25.32057 0.00165396 1.39185102 0.00083561
t 137
c 323.14653 -44.86715 25.32057 0.00165396 1.39185102 0.00083561
t 136
c 323.14653 -44.86715 25.32057 0.00165396 1.39185102 0.00083561
t 135
c 323.14653 -44.86715 25.32057 0.00165396 1.39185102 0.00083561
t 134
c 323.14653 -44.86715 25.32057 0.00165396 1.39185102 0.00083561
t 133
c 323.14653 -44.86715 25.32057 0.00165396 1.39185102 0.00083561
t 132
c 323.14653 -44.86715 25.32057 0.00165396 1.39185102 0.00083561
t 131
c 323.14653 -44.86715 25.32057 0.00165396 1.39185102 0.00083561
t 130
c 323.14653 -44.86715 25.32057 0.00165396 1.39185102 0.00083561
t 129
c 323.14653 -44.86715 25.32057 0.00165396 1.39185102 0.00083561
t 128
c 323.14653 -44.86715 25.32057 0.00165396 1.39185102 0.00083561
t 127
c 323.14653 -44.86715 25.32057 0.00165396 1.39185102 0.00083561
t 126
c 323.14653 -44.86715 25.32057 0.00165396 1.39185102 0.00083561
t 125
c 323.14653 -44.86715 25.32057 0.00165396 1.39185102 0.00083561
t 124
c 323.14653 -44.86715 25.32057 0.00165396 1.39185102 0.00083561
t 123
c 323.14653 -44.86715 25.32057 0.00165396 1.39185102 0.00083561
t 122
c 323.14653 -44.86715 25.32057 0.00165396 1.39185102 0.00083561
t 121
c 323.14653 -44.86715 25.32057 0.00165396 1.39185102 0.00083561
t 120
c 323.14653 -44.86715 25.32057 0.00165396 1.39185102 0.00083561
t 119
c 323.14653 -44.86715 25.32057 0.00165396 1.39185102 0.00083561
t 118
c 323.14653 -44.86715 25.32057 0.00165396 1.39185102 0.00083561
t 117
c 323.14653 -44.86715 25.32057 0.00165396 1.39185102 0.00083561
t 116
c 323.14653 -44.86715 25.32057 0.00165396 1.39185102 0.00083561
t 115
c 323.14653 -44.86715 25.32057 0.00165396 1.39185102 0.00083561
t 114
c 323.14653 -44.86715 25.32057 0.00165396 1.39185102 0.00083561
t 113
c 323.14653 -44.86715 25.32057 0.00165396 1.39185102 0.00083561
t 112
c 323.14653 -44.86715 25.32057 0.00165396 1.39185102 0.00083561
t 111
c 323.14653 -44.86715 25.32057 0.00165396 1.39185102 0.00083561
t 110
c 323.14653 -44.86715 25.32057 0.00165396 1.39185102 0.00083561
t 109
c 323.14653 -44.86715 25.32057 0.00165396 1.39185102 0.00083561
t 108
c 323.14653 -44.86715 25.32057 0.00165396 1.39185102 0.00083561
t 107
c 323.14653 -44.86715 25.32057 0.00165396 1.39185102 0.00083561
t 106
c 323.14653 -44.86715 25.32057 0.00165396 1.39185102 0.00083561
t 105
c 323.14653 -44.86715 25.32057 0.00165396 1.39185102 0.00083561
t 104
c 323.14653 -44.86715 25.32057 0.00165396 1.39185102 0.00083561
t 103
c 323.14653 -44.86715 25.32057 0.00165396 1.39185102 0.00083561
t 102
c 323.14653 -44.86715 25.32057 0.00165396 1.39185102 0.00083561
t 101
c 323.14653 -44.86715 25.32057 0.00165396 1.39185102 0.00083561
t 100
c 323.14653 -44.86715 25.32057 0.00165396 1.39185102 0.00083561
t 99
c 323.14653 -44.86715 25.32057 0.00165396 1.39185102 0.00083561
t 98
c 323.14653 -44.86715 25.32057 0.00165396 1.39185102 0.00083561
t 97
c 323.14653 -44.86715 25.32057 0.00165396 1.39185102 0.00083561
t 96
c 323.14653 -44.86715 25.32057 0.00165396 1.39185102 0.00083561
t 95
c 323.14653 -44.86715 25.32057 0.00165396 1.39185102 0.00083561
t 94
c 323.14653 -44.86715 25.32057 0.00165396 1.39185102 0.00083561
t 93
c 323.14653 -44.86715 25.32057 0.00165396 1.39185102 0.00083561
t 92
c 323.14653 -44.86715 25.32057 0.00165396 1.39185102 0.00083561
t 91
c 323.14653 -44.86715 25.32057 0.00165396 1.39185102 0.00083561
t 90
c 323.14653 -44.86715 25.32057 0.00165396 1.39185102 0.00083561
t 89
c 323.14653 -44.86715 25.32057 0.00165396 1.39185102 0.00083561
t 88
c 323.14653 -44.86715 25.32057 0.00165396 1.39185102 0.00083561
t 87
c 323.14653 -44.86715 25.32057 0.00165396 1.39185102 0.00083561
t 86
c 323.14653 -44.86715 25.32057 0.00165396 1.39185102 0.00083561
t 85
c 323.14653 -44.86715 25.32057 0.00165396 1.39185102 0.00083561
t 84
c 323.14653 -44.86715 25.32057 0.00165396 1.39185102 0.00083561
t 83
c 323.14653 -44.86715 25.32057 0.00165396 1.39185102 0.00083561
t 82
c 323.14653 -44.86715 25.32057 0.00165396 1.39185102 0.00083561
t 81
c 323.14653 -44.86715 25.32057 0.00165396 1.39185102 0.00083561
t 80
c 323.14653 -44.86715 25.32057 0.00165396 1.39185102 0.00083561
t 79
c 323.14653 -44.86715 25.32057 0.00165396 1.39185102 0.00083561
t 78
c 323.14653 -44.86715 25.32057 0.00165396 1.39185102 0.00083561
t 77
c 323.14653 -44.86715 25.32057 0.00165396 1.39185102 0.00083561
t 76
c 323.14653 -44.86715 25.32057 0.00165396 1.39185102 0.00083561
t 75
c 323.14653 -44.86715 25.32057 0.00165396 1.39185102 0.00083561
t 74
c 323.14653 -44.86715 25.32057 0.00165396 1.39185102 0.00083561
t 73
c 323.14653 -44.86715 25.32057 0.00165396 1.39185102 0.00083561
t 72
c 323.14653 -44.86715 25.32057 0.00165396 1.39185102 0.00083561
t 72
c 323.14837 -44.87153 29.50461 0.00151097 1.39183908 0.00068942
t 72
c 323.15022 -44.8759 33.68864 0.00136799 1.39182713 0.00054322
t 72
c 323.15206 -44.88028 37.87268 0.001225 1.39181519 0.00039703
t 72
c 323.1539 -44.88466 42.05672 0.00108202 1.39180325 0.00025083
t 72
c 323.15574 -44.88904 46.24075 0.00093904 1.3917913 0.00010464
t 72
c 323.15759 -44.89341 50.42479 0.00079605 1.39177936 -4.156e-05
t 72
c 323.15943 -44.89779 54.60883 0.00065307 1.39176741 -0.00018775
t 72
c 323.16127 -44.90217 58.79287 0.00051008 1.39175547 -0.00033395
t 72
c 323.16311 -44.90655 62.9769 0.0003671 1.39174352 -0.00048015
t 72
c 323.16496 -44.91092 67.16094 0.00022411 1.39173158 -0.00062634
t 72
c 323.1668 -44.9153 71.34498 8.113e-05 1.39171964 -0.00077254
t 72
c 323.16864 -44.91968 75.52902 -6.186e-05 1.39170769 -0.00091873
t 72
c 323.16864 -44.91968 75.52902 -6.186e-05 1.39170769 -0.00091873
t 72
c 323.16772 -40.88911 75.52706 -9.93e-06 1.39171355 -0.00087135
t 72
c 323.16681 -36.85854 75.5251 4.2e-05 1.39171941 -0.00082396
t 72
c 323.16589 -32.82797 75.52315 9.393e-05 1.39172527 -0.00077658
t 72
c 323.16497 -28.7974 75.52119 0.00014586 1.39173113 -0.0007292
t 72
c 323.16405 -24.76684 75.51924 0.00019779 1.39173699 -0.00068181
t 71
c 323.16313 -20.73627 75.51728 0.00024972 1.39174285 -0.00063443
t 72
c 323.16222 -16.7057 75.51532 0.00030165 1.39174871 -0.00058705
t 72
c 323.1613 -12.67513 75.51337 0.00035358 1.39175457 -0.00053966
t 72
c 323.16038 -8.64456 75.51141 0.0004055 1.39176043 -0.00049228
t 72
c 323.15946 -4.61399 75.50946 0.00045743 1.39176629 -0.00044489
t 72
c 323.15854 -0.58342 75.5075 0.00050936 1.39177215 -0.00039751
t 72
c 323.15763 3.44715 75.50554 0.00056129 1.39177801 -0.00035013
t 72
c 323.15671 7.47771 75.50359 0.00061322 1.39178387 -0.00030274
t 72
c 323.15579 11.50828 75.50163 0.00066515 1.39178973 -0.00025536
t 72
c 323.15487 15.53885 75.49968 0.00071708 1.39179559 -0.00020798
t 72
c 323.15395 19.56942 75.49772 0.00076901 1.39180145 -0.00016059
t 72
c 323.15304 23.59999 75.49576 0.00082094 1.39180731 -0.00011321
t 72
c 323.15212 27.63056 75.49381 0.00087287 1.39181317 -6.582e-05
t 72
c 323.1512 31.66113 75.49185 0.0009248 1.39181903 -1.844e-05
t 72
c 323.15028 35.6917 75.4899 0.00097673 1.39182489 2.894e-05
t 72
c 323.14936 39.72226 75.48794 0.00102865 1.39183075 7.633e-05
t 72
c 323.14845 43.75283 75.48598 0.00108058 1.39183661 0.00012371
t 72
c 323.14753 47.7834 75.48403 0.00113251 1.39184247 0.00017109
t 72
c 323.14661 51.81397 75.48207 0.00118444 1.39184833 0.00021848
t 72
c 323.14569 55.84454 75.48012 0.00123637 1.39185419 0.00026586
t 72
c 323.14477 59.87511 75.47816 0.0012883 1.39186005 0.00031325
t 72
c 323.14385 63.90568 75.4762 0.00134023 1.39186591 0.00036063
t 72
c 323.14294 67.93624 75.47425 0.00139216 1.39187177 0.00040801
t 72
c 323.14202 71.96681 75.47229 0.00144409 1.39187763 0.0004554
t 72
c 323.1411 75.99738 75.47034 0.00149602 1.39188349 0.00050278
t 72
c 323.14018 80.02795 75.46838 0.00154795 1.39188935 0.00055016
t 72
c 323.13926 84.05852 75.46642 0.00159988 1.39189521 0.00059755
t 72
c 323.13835 88.08909 75.46447 0.0016518 1.39190107 0.00064493
t 72
c 323.13743 92.11966 75.46251 0.00170373 1.39190693 0.00069232
t 72
c 323.13651 96.15023 75.46056 0.00175566 1.39191279 0.0007397
t 72
c 323.13559 100.18079 75.4586 0.00180759 1.39191865 0.00078708
t 72
c 323.13467 104.21136 75.45664 0.00185952 1.39192451 0.00083447
t 72
c 323.13376 108.24193 75.45469 0.00191145 1.39193037 0.00088185
t 72
c 323.13284 112.2725 75.45273 0.00196338 1.39193623 0.00092923
t 72
c 323.13192 116.30307 75.45078 0.00201531 1.39194209 0.00097662
t 72
c 323.131 120.33364 75.44882 0.00206724 1.39194795 0.001024
t 72
c 323.13008 124.36421 75.44686 0.00211917 1.39195381 0.00107139
t 72
c 323.12917 128.39478 75.44491 0.0021711 1.39195967 0.00111877
t 72
c 323.12825 132.42534 75.44295 0.00222302 1.39196553 0.00116615
t 72
c 323.12733 136.45591 75.441 0.00227495 1.39197139 0.00121354
t 72
c 323.12641 140.48648 75.43904 0.00232688 1.39197725 0.00126092
t 72
c 323.12641 140.48648 75.43904 0.00232688 1.39197725 0.00126092
t 72
c 323.13399 140.49082 71.15441 0.00245221 1.39194135 0.00137896
t 70
c 323.14157 140.49516 66.86979 0.00257754 1.39190545 0.001497
t 69
c 323.14915 140.49949 62.58516 0.00270287 1.39186955 0.00161504
t 68
c 323.15673 140.50383 58.30053 0.00282821 1.39183365 0.00173309
t 67
c 323.16431 140.50817 54.0159 0.00295354 1.39179775 0.00185113
t 66
c 323.17188 140.51251 49.73128 0.00307887 1.39176185 0.00196917
t 65
c 323.17946 140.51685 45.44665 0.0032042 1.39172595 0.00208721
t 64
c 323.18704 140.52118 41.16202 0.00332953 1.39169005 0.00220525
t 63
c 323.19462 140.52552 36.87739 0.00345486 1.39165415 0.00232329
t 62
c 323.2022 140.52986 32.59277 0.00358019 1.39161825 0.00244133
t 61
c 323.20978 140.5342 28.30814 0.00370552 1.39158235 0.00255937
t 60
c 323.20978 140.5342 28.30814 0.00370552 1.39158235 0.00255937
t 60
c 323.20978 140.5342 28.30814 0.00370552 1.39158235 0.00255937
t 61
c 323.20978 140.5342 28.30814 0.00370552 1.39158235 0.00255937
t 62
c 323.20978 140.5342 28.30814 0.00370552 1.39158235 0.00255937
t 63
c 323.20978 140.5342 28.30814 0.00370552 1.39158235 0.00255937
t 64
c 323.20978 140.5342 28.30814 0.00370552 1.39158235 0.00255937
t 65
c 323.20978 140.5342 28.30814 0.00370552 1.39158235 0.00255937
t 66
c 323.20978 140.5342 28.30814 0.00370552 1.39158235 0.00255937
t 67
c 323.20978 140.5342 28.30814 0.00370552 1.39158235 0.00255937
t 68
c 323.20978 140.5342 28.30814 0.00370552 1.39158235 0.00255937
t 69
c 323.20978 140.5342 28.30814 0.00370552 1.39158235 0.00255937
t 70
c 323.20978 140.5342 28.30814 0.00370552 1.39158235 0.00255937
t 71
c 323.20978 140.5342 28.30814 0.00370552 1.39158235 0.00255937
t 72
c 323.20978 140.5342 28.30814 0.00370552 1.39158235 0.00255937
t 73
c 323.20978 140.5342 28.30814 0.00370552 1.39158235 0.00255937
t 74
c 323.20978 140.5342 28.30814 0.00370552 1.39158235 0.00255937
t 75
c 323.20978 140.5342 28.30814 0.00370552 1.39158235 0.00255937
t 76
c 323.20978 140.5342 28.30814 0.00370552 1.39158235 0.00255937
t 77
c 323.20978 140.5342 28.30814 0.00370552 1.39158235 0.00255937
t 78
c 323.20978 140.5342 28.30814 0.00370552 1.39158235 0.00255937
t 79
c 323.20978 140.5342 28.30814 0.00370552 1.39158235 0.00255937
t 80
c 323.20978 140.5342 28.30814 0.00370552 1.39158235 0.00255937
t 81
c 323.20978 140.5342 28.30814 0.00370552 1.39158235 0.00255937
t 82
c 323.20978 140.5342 28.30814 0.00370552 1.39158235 0.00255937
t 83
c 323.20978 140.5342 28.30814 0.00370552 1.39158235 0.00255937
t 84
c 323.20978 140.5342 28.30814 0.00370552 1.39158235 0.00255937
t 85
c 323.20978 140.5342 28.30814 0.00370552 1.39158235 0.00255937
t 86
c 323.20978 140.5342 28.30814 0.00370552 1.39158235 0.00255937
t 87
c 323.20978 140.5342 28.30814 0.00370552 1.39158235 0.00255937
t 88
c 323.20978 140.5342 28.30814 0.00370552 1.39158235 0.00255937
t 89
c 323.20978 140.5342 28.30814 0.00370552 1.39158235 0.00255937
t 90
c 323.20978 140.5342 28.30814 0.00370552 1.39158235 0.00255937
t 91
c 323.20978 140.5342 28.30814 0.00370552 1.39158235 0.00255937
t 92
c 323.20978 140.5342 28.30814 0.00370552 1.39158235 0.00255937
t 93
c 323.20978 140.5342 28.30814 0.00370552 1.39158235 0.00255937
t 94
c 323.20978 140.5342 28.30814 0.00370552 1.39158235 0.00255937
t 95
c 323.20978 140.5342 28.30814 0.00370552 1.39158235 0.00255937
t 96
c 323.20978 140.5342 28.30814 0.00370552 1.39158235 0.00255937
t 97
c 323.20978 140.5342 28.30814 0.00370552 1.39158235 0.00255937
t 98
c 323.20978 140.5342 28.30814 0.00370552 1.39158235 0.00255937
t 99
c 323.20978 140.5342 28.30814 0.00370552 1.39158235 0.00255937
t 100
c 323.20978 140.5342 28.30814 0.00370552 1.39158235 0.00255937
t 101
c 323.20978 140.5342 28.30814 0.00370552 1.39158235 0.00255937
t 102
c 323.20978 140.5342 28.30814 0.00370552 1.39158235 0.00255937
t 103
c 323.20978 140.5342 28.30814 0.00370552 1.39158235 0.00255937
t 104
c 323.20978 140.5342 28.30814 0.00370552 1.39158235 0.00255937
t 105
c 323.20978 140.5342 28.30814 0.00370552 1.39158235 0.00255937
t 106
c 323.20978 140.5342 28.30814 0.00370552 1.39158235 0.00255937
t 107
c 323.20978 140.5342 28.30814 0.00370552 1.39158235 0.00255937
t 108
c 323.20978 140.5342 28.30814 0.00370552 1.39158235 0.00255937
t 109
c 323.20978 140.5342 28.30814 0.00370552 1.39158235 0.00255937
t 110
c 323.20978 140.5342 28.30814 0.00370552 1.39158235 0.00255937
t 111
c 323.20978 140.5342 28.30814 0.00370552 1.39158235 0.00255937
t 112
c 323.20978 140.5342 28.30814 0.00370552 1.39158235 0.00255937
t 113
c 323.20978 140.5342 28.30814 0.00370552 1.39158235 0.00255937
t 114
c 323.20978 140.5342 28.30814 0.00370552 1.39158235 0.00255937
t 115
c 323.20978 140.5342 28.30814 0.00370552 1.39158235 0.00255937
t 116
c 323.20978 140.5342 28.30814 0.00370552 1.39158235 0.00255937
t 117
c 323.20978 140.5342 28.30814 0.00370552 1.39158235 0.00255937
t 118
c 323.20978 140.5342 28.30814 0.00370552 1.39158235 0.00255937
t 119
c 323.20978 140.5342 28.30814 0.00370552 1.39158235 0.00255937
t 120
c 323.20978 140.5342 28.30814 0.00370552 1.39158235 0.00255937
t 121
c 323.20978 140.5342 28.30814 0.00370552 1.39158235 0.00255937
t 122
c 323.20978 140.5342 28.30814 0.00370552 1.39158235 0.00255937
t 123
c 323.20978 140.5342 28.30814 0.00370552 1.39158235 0.00255937
t 124
c 323.20978 140.5342 28.30814 0.00370552 1.39158235 0.00255937
t 124
c 323.20978 140.5342 28.30814 0.00370552 1.39158235 0.00255937
t 123
c 323.20978 140.5342 28.30814 0.00370552 1.39158235 0.00255937
t 122
c 323.20978 140.5342 28.30814 0.00370552 1.39158235 0.00255937
t 121
c 323.20978 140.5342 28.30814 0.00370552 1.39158235 0.00255937
t 120
c 323.20978 140.5342 28.30814 0.00370552 1.39158235 0.00255937
t 119
c 323.20978 140.5342 28.30814 0.00370552 1.39158235 0.00255937
t 118
c 323.20978 140.5342 28.30814 0.00370552 1.39158235 0.00255937
t 116
c 323.20978 140.5342 28.30814 0.00370552 1.39158235 0.00255937
t 116
c 323.20978 140.5342 28.30814 0.00370552 1.39158235 0.00255937
t 115
c 323.20978 140.5342 28.30814 0.00370552 1.39158235 0.00255937
t 114
c 323.20978 140.5342 28.30814 0.00370552 1.39158235 0.00255937
t 112
c 323.20978 140.5342 28.30814 0.00370552 1.39158235 0.00255937
t 112
c 323.20978 140.5342 28.30814 0.00370552 1.39158235 0.00255937
t 111
c 323.20978 140.5342 28.30814 0.00370552 1.39158235 0.00255937
t 110
c 323.20978 140.5342 28.30814 0.00370552 1.39158235 0.00255937
t 109
c 323.20978 140.5342 28.30814 0.00370552 1.39158235 0.00255937
t 108
c 323.20978 140.5342 28.30814 0.00370552 1.39158235 0.00255937
t 106
c 323.20978 140.5342 28.30814 0.00370552 1.39158235 0.00255937
t 106
c 323.20978 140.5342 28.30814 0.00370552 1.39158235 0.00255937
t 105
c 323.20978 140.5342 28.30814 0.00370552 1.39158235 0.00255937
t 103
c 323.20978 140.5342 28.30814 0.00370552 1.39158235 0.00255937
t 102
c 323.20978 140.5342 28.30814 0.00370552 1.39158235 0.00255937
t 102
c 323.20978 140.5342 28.30814 0.00370552 1.39158235 0.00255937
t 101
c 323.20978 140.5342 28.30814 0.00370552 1.39158235 0.00255937
t 99
c 323.20978 140.5342 28.30814 0.00370552 1.39158235 0.00255937
t 98
c 323.20978 140.5342 28.30814 0.00370552 1.39158235 0.00255937
t 98
c 323.20978 140.5342 28.30814 0.00370552 1.39158235 0.00255937
t 97
c 323.20978 140.5342 28.30814 0.00370552 1.39158235 0.00255937
t 95
c 323.20978 140.5342 28.30814 0.00370552 1.39158235 0.00255937
t 94
c 323.20978 140.5342 28.30814 0.00370552 1.39158235 0.00255937
t 93
c 323.20978 140.5342 28.30814 0.00370552 1.39158235 0.00255937
t 92
c 323.20978 140.5342 28.30814 0.00370552 1.39158235 0.00255937
t 92
c 323.20978 140.5342 28.30814 0.00370552 1.39158235 0.00255937
t 91
c 323.20978 140.5342 28.30814 0.00370552 1.39158235 0.00255937
t 90
c 323.20978 140.5342 28.30814 0.00370552 1.39158235 0.00255937
t 89
c 323.20978 140.5342 28.30814 0.00370552 1.39158235 0.00255937
t 88
c 323.20978 140.5342 28.30814 0.00370552 1.39158235 0.00255937
t 87
c 323.20978 140.5342 28.30814 0.00370552 1.39158235 0.00255937
t 86
c 323.20978 140.5342 28.30814 0.00370552 1.39158235 0.00255937
t 85
c 323.20978 140.5342 28.30814 0.00370552 1.39158235 0.00255937
t 84
c 323.20978 140.5342 28.30814 0.00370552 1.39158235 0.00255937
t 83
c 323.20978 140.5342 28.30814 0.00370552 1.39158235 0.00255937
t 82
c 323.20978 140.5342 28.30814 0.00370552 1.39158235 0.00255937
t 81
c 323.20978 140.5342 28.30814 0.00370552 1.39158235 0.00255937
t 80
c 323.20978 140.5342 28.30814 0.00370552 1.39158235 0.00255937
t 79
c 323.20978 140.5342 28.30814 0.00370552 1.39158235 0.00255937
t 78
c 323.20978 140.5342 28.30814 0.00370552 1.39158235 0.00255937
t 77
c 323.20978 140.5342 28.30814 0.00370552 1.39158235 0.00255937
t 76
c 323.20978 140.5342 28.30814 0.00370552 1.39158235 0.00255937
t 75
c 323.20978 140.5342 28.30814 0.00370552 1.39158235 0.00255937
t 74
c 323.20978 140.5342 28.30814 0.00370552 1.39158235 0.00255937
t 73
c 323.20978 140.5342 28.30814 0.00370552 1.39158235 0.00255937
t 72
c 323.20978 140.5342 28.30814 0.00370552 1.39158235 0.00255937
t 71
c 323.20978 140.5342 28.30814 0.00370552 1.39158235 0.00255937
t 70
c 323.20978 140.5342 28.30814 0.00370552 1.39158235 0.00255937
t 69
c 323.20978 140.5342 28.30814 0.00370552 1.39158235 0.00255937
t 68
c 323.20978 140.5342 28.30814 0.00370552 1.39158235 0.00255937
t 67
c 323.20978 140.5342 28.30814 0.00370552 1.39158235 0.00255937
t 66
c 323.20978 140.5342 28.30814 0.00370552 1.39158235 0.00255937
t 65
c 323.20978 140.5342 28.30814 0.00370552 1.39158235 0.00255937
t 65
c 323.21188 140.53128 32.53559 0.00363414 1.39157079 0.00245975
t 65
c 323.21398 140.52836 36.76305 0.00356276 1.39155924 0.00236013
t 65
c 323.21608 140.52545 40.99051 0.00349139 1.39154768 0.00226051
t 65
c 323.21818 140.52253 45.21796 0.00342001 1.39153613 0.00216089
t 65
c 323.22028 140.51962 49.44542 0.00334863 1.39152457 0.00206127
t 65
c 323.22238 140.5167 53.67288 0.00327726 1.39151302 0.00196165
t 65
c 323.22448 140.51378 57.90033 0.00320588 1.39150146 0.00186203
t 65
c 323.22657 140.51087 62.12779 0.0031345 1.39148991 0.00176241
t 65
c 323.22867 140.50795 66.35524 0.00306313 1.39147835 0.00166279
t 65
c 323.23077 140.50504 70.5827 0.00299175 1.3914668 0.00156317
t 65
c 323.23287 140.50212 74.81016 0.00292037 1.39145524 0.00146355
t 65
c 323.23497 140.4992 79.03761 0.00284899 1.39144369 0.00136393
t 65
c 323.23707 140.49629 83.26507 0.00277762 1.39143213 0.00126431
t 65
c 323.23707 140.49629 83.26507 0.00277762 1.39143213 0.00126431
t 65
c 323.23819 136.46904 83.26596 0.00275061 1.39142414 0.0012673
t 65
c 323.23931 132.4418 83.26685 0.00272361 1.39141614 0.00127029
t 65
c 323.24043 128.41456 83.26774 0.00269661 1.39140814 0.00127328
t 65
c 323.24155 124.38732 83.26862 0.0026696 1.39140015 0.00127627
t 65
c 323.24266 120.36007 83.26951 0.0026426 1.39139215 0.00127926
t 65
c 323.24378 116.33283 83.2704 0.0026156 1.39138415 0.00128225
t 65
c 323.2449 112.30559 83.27129 0.00258859 1.39137616 0.00128523
t 65
c 323.24602 108.27834 83.27218 0.00256159 1.39136816 0.00128822
t 65
c 323.24714 104.2511 83.27307 0.00253459 1.39136016 0.00129121
t 65
c 323.24826 100.22386 83.27396 0.00250758 1.39135217 0.0012942
t 65
c 323.24937 96.19661 83.27485 0.00248058 1.39134417 0.00129719
t 65
c 323.25049 92.16937 83.27574 0.00245358 1.39133617 0.00130018
t 65
c 323.25161 88.14213 83.27663 0.00242657 1.39132818 0.00130317
t 65
c 323.25273 84.11489 83.27752 0.00239957 1.39132018 0.00130616
t 65
c 323.25385 80.08764 83.27841 0.00237257 1.39131218 0.00130915
t 65
c 323.25497 76.0604 83.2793 0.00234556 1.39130419 0.00131214
t 65
c 323.25608 72.03316 83.28019 0.00231856 1.39129619 0.00131513
t 65
c 323.2572 68.00591 83.28108 0.00229156 1.39128819 0.00131812
t 65
c 323.25832 63.97867 83.28196 0.00226455 1.3912802 0.00132111
t 65
c 323.25944 59.95143 83.28285 0.00223755 1.3912722 0.0013241
t 65
c 323.26056 55.92418 83.28374 0.00221055 1.39126421 0.00132709
t 65
c 323.26168 51.89694 83.28463 0.00218354 1.39125621 0.00133008
t 65
c 323.2628 47.8697 83.28552 0.00215654 1.39124821 0.00133307
t 65
c 323.26391 43.84246 83.28641 0.00212954 1.39124022 0.00133606
t 65
c 323.26503 39.81521 83.2873 0.00210253 1.39123222 0.00133905
t 65
c 323.26615 35.78797 83.28819 0.00207553 1.39122422 0.00134204
t 65
c 323.26727 31.76073 83.28908 0.00204853 1.39121623 0.00134503
t 65
c 323.26839 27.73348 83.28997 0.00202152 1.39120823 0.00134801
t 65
c 323.26951 23.70624 83.29086 0.00199452 1.39120023 0.001351
t 65
c 323.27062 19.679 83.29175 0.00196752 1.39119224 0.00135399
t 65
c 323.27174 15.65175 83.29264 0.00194051 1.39118424 0.00135698
t 65
c 323.27286 11.62451 83.29353 0.00191351 1.39117624 0.00135997
t 65
c 323.27398 7.59727 83.29442 0.00188651 1.39116825 0.00136296
t 65
c 323.2751 3.57003 83.2953 0.0018595 1.39116025 0.00136595
t 65
c 323.27622 -0.45722 83.29619 0.0018325 1.39115225 0.00136894
t 65
c 323.27733 -4.48446 83.29708 0.0018055 1.39114426 0.00137193
t 65
c 323.27845 -8.5117 83.29797 0.00177849 1.39113626 0.00137492
t 65
c 323.27957 -12.53895 83.29886 0.00175149 1.39112826 0.00137791
t 65
c 323.28069 -16.56619 83.29975 0.00172449 1.39112027 0.0013809
t 65
c 323.28181 -20.59343 83.30064 0.00169748 1.39111227 0.00138389
t 65
c 323.28293 -24.62068 83.30153 0.00167048 1.39110427 0.00138688
t 65
c 323.28404 -28.64792 83.30242 0.00164348 1.39109628 0.00138987
t 65
c 323.28516 -32.67516 83.30331 0.00161647 1.39108828 0.00139286
t 65
c 323.28628 -36.7024 83.3042 0.00158947 1.39108028 0.00139585
t 65
c 323.2874 -40.72965 83.30509 0.00156247 1.39107229 0.00139884
t 65
c 323.28852 -44.75689 83.30598 0.00153546 1.39106429 0.00140183
t 65
c 323.28964 -48.78413 83.30687 0.00150846 1.39105629 0.00140482
t 65
c 323.29075 -52.81138 83.30776 0.00148146 1.3910483 0.00140781
t 65
c 323.29187 -56.83862 83.30864 0.00145445 1.3910403 0.0014108
t 65
c 323.29187 -56.83862 83.30864 0.00145445 1.3910403 0.0014108
t 65
c 323.29105 -56.83989 79.14973 0.00144557 1.39104487 0.00136833
t 65
c 323.29022 -56.84116 74.99082 0.00143669 1.39104944 0.00132586
t 65
c 323.2894 -56.84243 70.83191 0.00142781 1.391054 0.00128339
t 65
c 323.28857 -56.8437 66.67299 0.00141893 1.39105857 0.00124092
t 65
c 323.28775 -56.84497 62.51408 0.00141005 1.39106314 0.00119845
t 65
c 323.28692 -56.84624 58.35517 0.00140116 1.39106771 0.00115598
t 65
c 323.28609 -56.84751 54.19626 0.00139228 1.39107227 0.00111351
t 65
c 323.28527 -56.84879 50.03734 0.0013834 1.39107684 0.00107104
t 65
c 323.28444 -56.85006 45.87843 0.00137452 1.39108141 0.00102857
t 65
c 323.28362 -56.85133 41.71952 0.00136564 1.39108598 0.0009861
t 65
c 323.28279 -56.8526 37.56061 0.00135676 1.39109055 0.00094363
t 65
c 323.28197 -56.85387 33.40169 0.00134788 1.39109511 0.00090116
t 65
c 323.28197 -56.85387 33.40169 0.00134788 1.39109511 0.00090116
t 65
c 323.28197 -56.85387 33.40169 0.00134788 1.39109511 0.00090116
t 66
c 323.28197 -56.85387 33.40169 0.00134788 1.39109511 0.00090116
t 67
c 323.28197 -56.85387 33.40169 0.00134788 1.39109511 0.00090116
t 68
c 323.28197 -56.85387 33.40169 0.00134788 1.39109511 0.00090116
t 69
c 323.28197 -56.85387 33.40169 0.00134788 1.39109511 0.00090116
t 70
c 323.28197 -56.85387 33.40169 0.00134788 1.39109511 0.00090116
t 71
c 323.28197 -56.85387 33.40169 0.00134788 1.39109511 0.00090116
t 72
c 323.28197 -56.85387 33.40169 0.00134788 1.39109511 0.00090116
t 73
c 323.28197 -56.85387 33.40169 0.00134788 1.39109511 0.00090116
t 74
c 323.28197 -56.85387 33.40169 0.00134788 1.39109511 0.00090116
t 75
c 323.28197 -56.85387 33.40169 0.00134788 1.39109511 0.00090116
t 76
c 323.28197 -56.85387 33.40169 0.00134788 1.39109511 0.00090116
t 77
c 323.28197 -56.85387 33.40169 0.00134788 1.39109511 0.00090116
t 78
c 323.28197 -56.85387 33.40169 0.00134788 1.39109511 0.00090116
t 79
c 323.28197 -56.85387 33.40169 0.00134788 1.39109511 0.00090116
t 80
c 323.28197 -56.85387 33.40169 0.00134788 1.39109511 0.00090116
t 81
c 323.28197 -56.85387 33.40169 0.00134788 1.39109511 0.00090116
t 82
c 323.28197 -56.85387 33.40169 0.00134788 1.39109511 0.00090116
t 83
c 323.28197 -56.85387 33.40169 0.00134788 1.39109511 0.00090116
t 84
c 323.28197 -56.85387 33.40169 0.00134788 1.39109511 0.00090116
t 85
c 323.28197 -56.85387 33.40169 0.00134788 1.39109511 0.00090116
t 86
c 323.28197 -56.85387 33.40169 0.00134788 1.39109511 0.00090116
t 87
c 323.28197 -56.85387 33.40169 0.00134788 1.39109511 0.00090116
t 88
c 323.28197 -56.85387 33.40169 0.00134788 1.39109511 0.00090116
t 89
c 323.28197 -56.85387 33.40169 0.00134788 1.39109511 0.00090116
t 90
c 323.28197 -56.85387 33.40169 0.00134788 1.39109511 0.00090116
t 91
c 323.28197 -56.85387 33.40169 0.00134788 1.39109511 0.00090116
t 92
c 323.28197 -56.85387 33.40169 0.00134788 1.39109511 0.00090116
t 93
c 323.28197 -56.85387 33.40169 0.00134788 1.39109511 0.00090116
t 94
c 323.28197 -56.85387 33.40169 0.00134788 1.39109511 0.00090116
t 95
c 323.28197 -56.85387 33.40169 0.00134788 1.39109511 0.00090116
t 96
c 323.28197 -56.85387 33.40169 0.00134788 1.39109511 0.00090116
t 97
c 323.28197 -56.85387 33.40169 0.00134788 1.39109511 0.00090116
t 98
c 323.28197 -56.85387 33.40169 0.00134788 1.39109511 0.00090116
t 99
c 323.28197 -56.85387 33.40169 0.00134788 1.39109511 0.00090116
t 100
c 323.28197 -56.85387 33.40169 0.00134788 1.39109511 0.00090116
t 101
c 323.28197 -56.85387 33.40169 0.00134788 1.39109511 0.00090116
t 102
c 323.28197 -56.85387 33.40169 0.00134788 1.39109511 0.00090116
t 103
c 323.28197 -56.85387 33.40169 0.00134788 1.39109511 0.00090116
t 104
c 323.28197 -56.85387 33.40169 0.00134788 1.39109511 0.00090116
t 105
c 323.28197 -56.85387 33.40169 0.00134788 1.39109511 0.00090116
t 106
c 323.28197 -56.85387 33.40169 0.00134788 1.39109511 0.00090116
t 107
c 323.28197 -56.85387 33.40169 0.00134788 1.39109511 0.00090116
t 108
c 323.28197 -56.85387 33.40169 0.00134788 1.39109511 0.00090116
t 109
c 323.28197 -56.85387 33.40169 0.00134788 1.39109511 0.00090116
t 110
c 323.28197 -56.85387 33.40169 0.00134788 1.39109511 0.00090116
t 111
c 323.28197 -56.85387 33.40169 0.00134788 1.39109511 0.00090116
t 112
c 323.28197 -56.85387 33.40169 0.00134788 1.39109511 0.00090116
t 113
c 323.28197 -56.85387 33.40169 0.00134788 1.39109511 0.00090116
t 114
c 323.28197 -56.85387 33.40169 0.00134788 1.39109511 0.00090116
t 115
c 323.28197 -56.85387 33.40169 0.00134788 1.39109511 0.00090116
t 116
c 323.28197 -56.85387 33.40169 0.00134788 1.39109511 0.00090116
t 117
c 323.28197 -56.85387 33.40169 0.00134788 1.39109511 0.00090116
t 118
c 323.28197 -56.85387 33.40169 0.00134788 1.39109511 0.00090116
t 119
c 323.28197 -56.85387 33.40169 0.00134788 1.39109511 0.00090116
t 120
c 323.28197 -56.85387 33.40169 0.00134788 1.39109511 0.00090116
t 121
c 323.28197 -56.85387 33.40169 0.00134788 1.39109511 0.00090116
t 122
c 323.28197 -56.85387 33.40169 0.00134788 1.39109511 0.00090116
t 123
c 323.28197 -56.85387 33.40169 0.00134788 1.39109511 0.00090116
t 124
c 323.28197 -56.85387 33.40169 0.00134788 1.39109511 0.00090116
t 125
