c 369.48228 0.0 345.98 0.0 0.0 0.0
t 89
c 369.68266 0.0 345.98 0.0 0.0 0.0
t 89
c 369.88304 0.0 345.98 0.0 0.0 0.0
t 89
c 370.08342 0.0 345.98 0.0 0.0 0.0
t 89
c 370.2838 0.0 345.98 0.0 0.0 0.0
t 89
c 370.48418 0.0 345.98 0.0 0.0 0.0
t 89
c 370.68456 0.0 345.98 0.0 0.0 0.0
t 90
c 370.88494 0.0 345.98 0.0 0.0 0.0
t 90
c 371.08532 0.0 345.98 0.0 0.0 0.0
t 90
c 371.2857 0.0 345.98 0.0 0.0 0.0
t 90
c 371.48608 0.0 345.98 0.0 0.0 0.0
t 90
c 371.68646 0.0 345.98 0.0 0.0 0.0
t 90
c 371.88684 0.0 345.98 0.0 0.0 0.0
t 91
c 372.08722 0.0 345.98 0.0 0.0 0.0
t 91
c 372.28761 0.0 345.98 0.0 0.0 0.0
t 91
c 372.48799 0.0 345.98 0.0 0.0 0.0
t 91
c 372.68837 0.0 345.98 0.0 0.0 0.0
t 91
c 372.88875 0.0 345.98 0.0 0.0 0.0
t 91
c 373.08913 0.0 345.98 0.0 0.0 0.0
t 92
c 373.28951 0.0 345.98 0.0 0.0 0.0
t 92
c 373.48989 0.0 345.98 0.0 0.0 0.0
t 92
c 373.69027 0.0 345.98 0.0 0.0 0.0
t 92
c 373.89065 0.0 345.98 0.0 0.0 0.0
t 92
c 374.09103 0.0 345.98 0.0 0.0 0.0
t 92
c 374.29141 0.0 345.98 0.0 0.0 0.0
t 93
c 374.49179 0.0 345.98 0.0 0.0 0.0
t 93
c 374.69217 0.0 345.98 0.0 0.0 0.0
t 93
c 374.89256 0.0 345.98 0.0 0.0 0.0
t 93
c 375.09294 0.0 345.98 0.0 0.0 0.0
t 93
c 375.29332 0.0 345.98 0.0 0.0 0.0
t 93
c 375.4937 0.0 345.98 0.0 0.0 0.0
t 94
c 375.69408 0.0 345.98 0.0 0.0 0.0
t 94
c 375.89446 0.0 345.98 0.0 0.0 0.0
t 94
c 376.09484 0.0 345.98 0.0 0.0 0.0
t 94
c 376.29522 0.0 345.98 0.0 0.0 0.0
t 94
c 376.4956 0.0 345.98 0.0 0.0 0.0
t 94
c 376.69598 0.0 345.98 0.0 0.0 0.0
t 95
c 376.89636 0.0 345.98 0.0 0.0 0.0
t 95
c 377.09674 0.0 345.98 0.0 0.0 0.0
t 95
c 377.29712 0.0 345.98 0.0 0.0 0.0
t 95
c 377.49751 0.0 345.98 0.0 0.0 0.0
t 95
c 377.69789 0.0 345.98 0.0 0.0 0.0
t 95
c 377.89827 0.0 345.98 0.0 0.0 0.0
t 96
c 378.09865 0.0 345.98 0.0 0.0 0.0
t 96
c 378.29903 0.0 345.98 0.0 0.0 0.0
t 96
c 378.49941 0.0 345.98 0.0 0.0 0.0
t 96
c 378.69979 0.0 345.98 0.0 0.0 0.0
t 96
c 378.90017 0.0 345.98 0.0 0.0 0.0
t 96
c 379.10055 0.0 345.98 0.0 0.0 0.0
t 97
c 379.30093 0.0 345.98 0.0 0.0 0.0
t 97
c 379.50131 0.0 345.98 0.0 0.0 0.0
t 97
c 379.70169 0.0 345.98 0.0 0.0 0.0
t 97
c 379.90207 0.0 345.98 0.0 0.0 0.0
t 97
c 380.10246 0.0 345.98 0.0 0.0 0.0
t 97
c 380.30284 0.0 345.98 0.0 0.0 0.0
t 98
c 380.50322 0.0 345.98 0.0 0.0 0.0
t 98
c 380.7036 0.0 345.98 0.0 0.0 0.0
t 98
c 380.90398 0.0 345.98 0.0 0.0 0.0
t 98
c 381.10436 0.0 345.98 0.0 0.0 0.0
t 98
c 381.30474 0.0 345.98 0.0 0.0 0.0
t 99
c 381.50512 0.0 345.98 0.0 0.0 0.0
t 99
c 381.7055 0.0 345.98 0.0 0.0 0.0
t 99
c 381.90588 0.0 345.98 0.0 0.0 0.0
t 99
c 382.10626 0.0 345.98 0.0 0.0 0.0
t 99
c 382.30664 0.0 345.98 0.0 0.0 0.0
t 99
c 382.50702 0.0 345.98 0.0 0.0 0.0
t 100
c 382.70741 0.0 345.98 0.0 0.0 0.0
t 100
c 382.90779 0.0 345.98 0.0 0.0 0.0
t 100
c 383.10817 0.0 345.98 0.0 0.0 0.0
t 100
c 383.30855 0.0 345.98 0.0 0.0 0.0
t 100
c 383.50893 0.0 345.98 0.0 0.0 0.0
t 100
c 383.70931 0.0 345.98 0.0 0.0 0.0
t 101
c 383.90969 0.0 345.98 0.0 0.0 0.0
t 101
c 384.11007 0.0 345.98 0.0 0.0 0.0
t 101
c 384.31045 0.0 345.98 0.0 0.0 0.0
t 101
c 384.51083 0.0 345.98 0.0 0.0 0.0
t 101
c 384.71121 0.0 345.98 0.0 0.0 0.0
t 101
c 384.91159 0.0 345.98 0.0 0.0 0.0
t 102
c 385.11197 0.0 345.98 0.0 0.0 0.0
t 102
c 385.31236 0.0 345.98 0.0 0.0 0.0
t 102
c 385.51274 0.0 345.98 0.0 0.0 0.0
t 102
c 385.71312 0.0 345.98 0.0 0.0 0.0
t 102
c 385.9135 0.0 345.98 0.0 0.0 0.0
t 102
c 386.11388 0.0 345.98 0.0 0.0 0.0
t 103
c 386.31426 0.0 345.98 0.0 0.0 0.0
t 103
c 386.51464 0.0 345.98 0.0 0.0 0.0
t 103
c 386.71502 0.0 345.98 0.0 0.0 0.0
t 103
c 386.9154 0.0 345.98 0.0 0.0 0.0
t 103
c 387.11578 0.0 345.98 0.0 0.0 0.0
t 103
c 387.31616 0.0 345.98 0.0 0.0 0.0
t 104
c 387.51654 0.0 345.98 0.0 0.0 0.0
t 104
c 387.71692 0.0 345.98 0.0 0.0 0.0
t 104
c 387.9173 0.0 345.98 0.0 0.0 0.0
t 104
c 388.11769 0.0 345.98 0.0 0.0 0.0
t 104
c 388.31807 0.0 345.98 0.0 0.0 0.0
t 104
c 388.51845 0.0 345.98 0.0 0.0 0.0
t 105
c 388.71883 0.0 345.98 0.0 0.0 0.0
t 105
c 388.91921 0.0 345.98 0.0 0.0 0.0
t 105
c 389.11959 0.0 345.98 0.0 0.0 0.0
t 105
c 389.31997 0.0 345.98 0.0 0.0 0.0
t 105
c 389.52035 0.0 345.98 0.0 0.0 0.0
t 105
c 389.72073 0.0 345.98 0.0 0.0 0.0
t 106
c 389.92111 0.0 345.98 0.0 0.0 0.0
t 106
c 390.12149 0.0 345.98 0.0 0.0 0.0
t 106
c 390.32187 0.0 345.98 0.0 0.0 0.0
t 106
c 390.52225 0.0 345.98 0.0 0.0 0.0
t 106
c 390.72264 0.0 345.98 0.0 0.0 0.0
t 106
c 390.92302 0.0 345.98 0.0 0.0 0.0
t 107
c 391.1234 0.0 345.98 0.0 0.0 0.0
t 107
c 391.32378 0.0 345.98 0.0 0.0 0.0
t 107
c 391.52416 0.0 345.98 0.0 0.0 0.0
t 107
c 391.72454 0.0 345.98 0.0 0.0 0.0
t 107
c 391.92492 0.0 345.98 0.0 0.0 0.0
t 107
c 392.1253 0.0 345.98 0.0 0.0 0.0
t 108
c 392.32568 0.0 345.98 0.0 0.0 0.0
t 108
c 392.52606 0.0 345.98 0.0 0.0 0.0
t 108
c 392.72644 0.0 345.98 0.0 0.0 0.0
t 108
c 392.92682 0.0 345.98 0.0 0.0 0.0
t 108
c 393.1272 0.0 345.98 0.0 0.0 0.0
t 109
c 393.32759 0.0 345.98 0.0 0.0 0.0
t 109
c 393.52797 0.0 345.98 0.0 0.0 0.0
t 109
c 393.72835 0.0 345.98 0.0 0.0 0.0
t 109
c 393.92873 0.0 345.98 0.0 0.0 0.0
t 109
c 394.12911 0.0 345.98 0.0 0.0 0.0
t 109
c 394.32949 0.0 345.98 0.0 0.0 0.0
t 110
c 394.52987 0.0 345.98 0.0 0.0 0.0
t 110
c 394.73025 0.0 345.98 0.0 0.0 0.0
t 110
c 394.93063 0.0 345.98 0.0 0.0 0.0
t 110
c 395.13101 0.0 345.98 0.0 0.0 0.0
t 110
c 395.33139 0.0 345.98 0.0 0.0 0.0
t 110
c 395.53177 0.0 345.98 0.0 0.0 0.0
t 111
c 395.73215 0.0 345.98 0.0 0.0 0.0
t 111
c 395.93254 0.0 345.98 0.0 0.0 0.0
t 111
c 396.13292 0.0 345.98 0.0 0.0 0.0
t 111
c 396.3333 0.0 345.98 0.0 0.0 0.0
t 111
c 396.53368 0.0 345.98 0.0 0.0 0.0
t 111
c 396.73406 0.0 345.98 0.0 0.0 0.0
t 112
c 396.93444 0.0 345.98 0.0 0.0 0.0
t 112
c 397.13482 0.0 345.98 0.0 0.0 0.0
t 112
c 397.3352 0.0 345.98 0.0 0.0 0.0
t 112
c 397.53558 0.0 345.98 0.0 0.0 0.0
t 112
c 397.73596 0.0 345.98 0.0 0.0 0.0
t 112
c 397.93634 0.0 345.98 0.0 0.0 0.0
t 113
c 398.13672 0.0 345.98 0.0 0.0 0.0
t 113
c 398.3371 0.0 345.98 0.0 0.0 0.0
t 113
c 398.53749 0.0 345.98 0.0 0.0 0.0
t 113
c 398.73787 0.0 345.98 0.0 0.0 0.0
t 113
c 398.93825 0.0 345.98 0.0 0.0 0.0
t 113
c 399.13863 0.0 345.98 0.0 0.0 0.0
t 114
c 399.33901 0.0 345.98 0.0 0.0 0.0
t 114
c 399.53939 0.0 345.98 0.0 0.0 0.0
t 114
c 399.73977 0.0 345.98 0.0 0.0 0.0
t 114
c 399.94015 0.0 345.98 0.0 0.0 0.0
t 114
c 400.14053 0.0 345.98 0.0 0.0 0.0
t 114
c 400.34091 0.0 345.98 0.0 0.0 0.0
t 115
c 400.54129 0.0 345.98 0.0 0.0 0.0
t 115
c 400.74167 0.0 345.98 0.0 0.0 0.0
t 115
c 400.94205 0.0 345.98 0.0 0.0 0.0
t 115
c 401.14244 0.0 345.98 0.0 0.0 0.0
t 115
c 401.34282 0.0 345.98 0.0 0.0 0.0
t 115
c 401.5432 0.0 345.98 0.0 0.0 0.0
t 116
c 401.74358 0.0 345.98 0.0 0.0 0.0
t 116
c 401.94396 0.0 345.98 0.0 0.0 0.0
t 116
c 402.14434 0.0 345.98 0.0 0.0 0.0
t 116
c 402.34472 0.0 345.98 0.0 0.0 0.0
t 116
c 402.5451 0.0 345.98 0.0 0.0 0.0
t 116
c 402.74548 0.0 345.98 0.0 0.0 0.0
t 117
c 402.94586 0.0 345.98 0.0 0.0 0.0
t 117
c 403.14624 0.0 345.98 0.0 0.0 0.0
t 117
c 403.34662 0.0 345.98 0.0 0.0 0.0
t 117
c 403.547 0.0 345.98 0.0 0.0 0.0
t 117
c 403.74738 0.0 345.98 0.0 0.0 0.0
t 118
c 403.94777 0.0 345.98 0.0 0.0 0.0
t 118
c 404.14815 0.0 345.98 0.0 0.0 0.0
t 118
c 404.34853 0.0 345.98 0.0 0.0 0.0
t 118
c 404.54891 0.0 345.98 0.0 0.0 0.0
t 118
c 404.74929 0.0 345.98 0.0 0.0 0.0
t 118
c 404.94967 0.0 345.98 0.0 0.0 0.0
t 119
c 405.15005 0.0 345.98 0.0 0.0 0.0
t 119
c 405.35043 0.0 345.98 0.0 0.0 0.0
t 119
c 405.55081 0.0 345.98 0.0 0.0 0.0
t 119
c 405.75119 0.0 345.98 0.0 0.0 0.0
t 119
c 405.95157 0.0 345.98 0.0 0.0 0.0
t 119
c 406.15195 0.0 345.98 0.0 0.0 0.0
t 120
c 406.35233 0.0 345.98 0.0 0.0 0.0
t 120
c 406.55272 0.0 345.98 0.0 0.0 0.0
t 120
c 406.7531 0.0 345.98 0.0 0.0 0.0
t 120
c 406.95348 0.0 345.98 0.0 0.0 0.0
t 120
c 407.15386 0.0 345.98 0.0 0.0 0.0
t 120
c 407.35424 0.0 345.98 0.0 0.0 0.0
t 121
c 407.55462 0.0 345.98 0.0 0.0 0.0
t 121
c 407.755 0.0 345.98 0.0 0.0 0.0
t 121
c 407.95538 0.0 345.98 0.0 0.0 0.0
t 121
c 408.15576 0.0 345.98 0.0 0.0 0.0
t 121
c 408.35614 0.0 345.98 0.0 0.0 0.0
t 121
c 408.55652 0.0 345.98 0.0 0.0 0.0
t 122
c 408.7569 0.0 345.98 0.0 0.0 0.0
t 122
c 408.95728 0.0 345.98 0.0 0.0 0.0
t 122
c 409.15767 0.0 345.98 0.0 0.0 0.0
t 122
c 409.35805 0.0 345.98 0.0 0.0 0.0
t 122
c 409.55843 0.0 345.98 0.0 0.0 0.0
t 122
c 409.75881 0.0 345.98 0.0 0.0 0.0
t 123
c 409.95919 0.0 345.98 0.0 0.0 0.0
t 123
c 410.15957 0.0 345.98 0.0 0.0 0.0
t 123
c 410.35995 0.0 345.98 0.0 0.0 0.0
t 123
c 410.56033 0.0 345.98 0.0 0.0 0.0
t 123
c 410.76071 0.0 345.98 0.0 0.0 0.0
t 123
c 410.96109 0.0 345.98 0.0 0.0 0.0
t 124
c 411.16147 0.0 345.98 0.0 0.0 0.0
t 124
c 411.36185 0.0 345.98 0.0 0.0 0.0
t 124
c 411.56223 0.0 345.98 0.0 0.0 0.0
t 124
c 411.76262 0.0 345.98 0.0 0.0 0.0
t 124
c 411.963 0.0 345.98 0.0 0.0 0.0
t 124
c 412.16338 0.0 345.98 0.0 0.0 0.0
t 125
c 412.36376 0.0 345.98 0.0 0.0 0.0
t 125
c 412.56414 0.0 345.98 0.0 0.0 0.0
t 125
c 412.76452 0.0 345.98 0.0 0.0 0.0
t 125
c 412.9649 0.0 345.98 0.0 0.0 0.0
t 125
c 413.16528 0.0 345.98 0.0 0.0 0.0
t 125
c 413.36566 0.0 345.98 0.0 0.0 0.0
t 126
c 413.56604 0.0 345.98 0.0 0.0 0.0
t 126
c 413.76642 0.0 345.98 0.0 0.0 0.0
t 126
c 413.9668 0.0 345.98 0.0 0.0 0.0
t 126
c 414.16718 0.0 345.98 0.0 0.0 0.0
t 126
c 414.36757 0.0 345.98 0.0 0.0 0.0
t 126
c 414.56795 0.0 345.98 0.0 0.0 0.0
t 127
c 414.76833 0.0 345.98 0.0 0.0 0.0
t 127
c 414.96871 0.0 345.98 0.0 0.0 0.0
t 127
c 415.16909 0.0 345.98 0.0 0.0 0.0
t 127
c 415.36947 0.0 345.98 0.0 0.0 0.0
t 127
c 415.56985 0.0 345.98 0.0 0.0 0.0
t 128
c 415.77023 0.0 345.98 0.0 0.0 0.0
t 128
c 415.97061 0.0 345.98 0.0 0.0 0.0
t 128
c 416.17099 0.0 345.98 0.0 0.0 0.0
t 128
c 416.37137 0.0 345.98 0.0 0.0 0.0
t 128
c 416.57175 0.0 345.98 0.0 0.0 0.0
t 128
c 416.77213 0.0 345.98 0.0 0.0 0.0
t 129
c 416.97252 0.0 345.98 0.0 0.0 0.0
t 129
c 417.1729 0.0 345.98 0.0 0.0 0.0
t 129
c 417.37328 0.0 345.98 0.0 0.0 0.0
t 129
c 417.57366 0.0 345.98 0.0 0.0 0.0
t 129
c 417.77404 0.0 345.98 0.0 0.0 0.0
t 129
c 417.97442 0.0 345.98 0.0 0.0 0.0
t 130
c 418.1748 0.0 345.98 0.0 0.0 0.0
t 130
c 418.37518 0.0 345.98 0.0 0.0 0.0
t 130
c 418.57556 0.0 345.98 0.0 0.0 0.0
t 130
c 418.77594 0.0 345.98 0.0 0.0 0.0
t 130
c 418.97632 0.0 345.98 0.0 0.0 0.0
t 130
c 419.1767 0.0 345.98 0.0 0.0 0.0
t 131
c 419.37708 0.0 345.98 0.0 0.0 0.0
t 131
c 419.57746 0.0 345.98 0.0 0.0 0.0
t 131
c 419.77785 0.0 345.98 0.0 0.0 0.0
t 131
c 419.97823 0.0 345.98 0.0 0.0 0.0
t 131
c 420.17861 0.0 345.98 0.0 0.0 0.0
t 131
c 420.37899 0.0 345.98 0.0 0.0 0.0
t 132
c 420.57937 0.0 345.98 0.0 0.0 0.0
t 132
c 420.77975 0.0 345.98 0.0 0.0 0.0
t 132
c 420.98013 0.0 345.98 0.0 0.0 0.0
t 132
c 421.18051 0.0 345.98 0.0 0.0 0.0
t 132
c 421.38089 0.0 345.98 0.0 0.0 0.0
t 132
c 421.58127 0.0 345.98 0.0 0.0 0.0
t 133
c 421.78165 0.0 345.98 0.0 0.0 0.0
t 133
c 421.98203 0.0 345.98 0.0 0.0 0.0
t 133
c 422.18241 0.0 345.98 0.0 0.0 0.0
t 133
c 422.3828 0.0 345.98 0.0 0.0 0.0
t 133
c 422.58318 0.0 345.98 0.0 0.0 0.0
t 133
c 422.78356 0.0 345.98 0.0 0.0 0.0
t 134
c 422.98394 0.0 345.98 0.0 0.0 0.0
t 134
c 423.18432 0.0 345.98 0.0 0.0 0.0
t 134
c 423.3847 0.0 345.98 0.0 0.0 0.0
t 134
c 423.58508 0.0 345.98 0.0 0.0 0.0
t 134
c 423.78546 0.0 345.98 0.0 0.0 0.0
t 134
c 423.98584 0.0 345.98 0.0 0.0 0.0
t 135
c 424.18622 0.0 345.98 0.0 0.0 0.0
t 135
c 424.3866 0.0 345.98 0.0 0.0 0.0
t 135
c 424.58698 0.0 345.98 0.0 0.0 0.0
t 135
c 424.78736 0.0 345.98 0.0 0.0 0.0
t 135
c 424.98775 0.0 345.98 0.0 0.0 0.0
t 135
c 425.18813 0.0 345.98 0.0 0.0 0.0
t 136
c 425.38851 0.0 345.98 0.0 0.0 0.0
t 136
c 425.58889 0.0 345.98 0.0 0.0 0.0
t 136
c 425.78927 0.0 345.98 0.0 0.0 0.0
t 136
c 425.98965 0.0 345.98 0.0 0.0 0.0
t 136
c 426.19003 0.0 345.98 0.0 0.0 0.0
t 137
c 426.39041 0.0 345.98 0.0 0.0 0.0
t 137
c 426.59079 0.0 345.98 0.0 0.0 0.0
t 137
c 426.79117 0.0 345.98 0.0 0.0 0.0
t 137
c 426.99155 0.0 345.98 0.0 0.0 0.0
t 137
c 427.19193 0.0 345.98 0.0 0.0 0.0
t 137
c 427.39231 0.0 345.98 0.0 0.0 0.0
t 138
c 427.5927 0.0 345.98 0.0 0.0 0.0
t 138
c 427.79308 0.0 345.98 0.0 0.0 0.0
t 138
c 427.99346 0.0 345.98 0.0 0.0 0.0
t 138
c 428.19384 0.0 345.98 0.0 0.0 0.0
t 138
c 428.39422 0.0 345.98 0.0 0.0 0.0
t 138
c 428.5946 0.0 345.98 0.0 0.0 0.0
t 139
c 428.79498 0.0 345.98 0.0 0.0 0.0
t 139
c 428.99536 0.0 345.98 0.0 0.0 0.0
t 139
c 429.19574 0.0 345.98 0.0 0.0 0.0
t 139
c 429.39612 0.0 345.98 0.0 0.0 0.0
t 139
c 429.5965 0.0 345.98 0.0 0.0 0.0
t 139
c 429.79688 0.0 345.98 0.0 0.0 0.0
t 140
c 429.99726 0.0 345.98 0.0 0.0 0.0
t 140
c 430.19765 0.0 345.98 0.0 0.0 0.0
t 140
c 430.39803 0.0 345.98 0.0 0.0 0.0
t 140
c 430.59841 0.0 345.98 0.0 0.0 0.0
t 140
c 430.79879 0.0 345.98 0.0 0.0 0.0
t 140
c 430.99917 0.0 345.98 0.0 0.0 0.0
t 141
c 431.19955 0.0 345.98 0.0 0.0 0.0
t 141
c 431.39993 0.0 345.98 0.0 0.0 0.0
t 141
c 431.60031 0.0 345.98 0.0 0.0 0.0
t 141
c 431.80069 0.0 345.98 0.0 0.0 0.0
t 141
c 432.00107 0.0 345.98 0.0 0.0 0.0
t 141
c 432.20145 0.0 345.98 0.0 0.0 0.0
t 142
c 432.40183 0.0 345.98 0.0 0.0 0.0
t 142
c 432.60221 0.0 345.98 0.0 0.0 0.0
t 142
c 432.8026 0.0 345.98 0.0 0.0 0.0
t 142
c 433.00298 0.0 345.98 0.0 0.0 0.0
t 142
c 433.20336 0.0 345.98 0.0 0.0 0.0
t 142
c 433.40374 0.0 345.98 0.0 0.0 0.0
t 143
c 433.60412 0.0 345.98 0.0 0.0 0.0
t 143
c 433.8045 0.0 345.98 0.0 0.0 0.0
t 143
c 434.00488 0.0 345.98 0.0 0.0 0.0
t 143
c 434.20526 0.0 345.98 0.0 0.0 0.0
t 143
c 434.40564 0.0 345.98 0.0 0.0 0.0
t 143
c 434.60602 0.0 345.98 0.0 0.0 0.0
t 144
c 434.8064 0.0 345.98 0.0 0.0 0.0
t 144
c 435.00678 0.0 345.98 0.0 0.0 0.0
t 144
c 435.20716 0.0 345.98 0.0 0.0 0.0
t 144
c 435.40754 0.0 345.98 0.0 0.0 0.0
t 144
c 435.60793 0.0 345.98 0.0 0.0 0.0
t 144
c 435.80831 0.0 345.98 0.0 0.0 0.0
t 145
c 436.00869 0.0 345.98 0.0 0.0 0.0
t 145
c 436.20907 0.0 345.98 0.0 0.0 0.0
t 145
c 436.40945 0.0 345.98 0.0 0.0 0.0
t 145
c 436.60983 0.0 345.98 0.0 0.0 0.0
t 145
c 436.81021 0.0 345.98 0.0 0.0 0.0
t 145
c 437.01059 0.0 345.98 0.0 0.0 0.0
t 146
c 437.21097 0.0 345.98 0.0 0.0 0.0
t 146
c 437.41135 0.0 345.98 0.0 0.0 0.0
t 146
c 437.61173 0.0 345.98 0.0 0.0 0.0
t 146
c 437.81211 0.0 345.98 0.0 0.0 0.0
t 146
c 438.01249 0.0 345.98 0.0 0.0 0.0
t 147
c 438.21288 0.0 345.98 0.0 0.0 0.0
t 147
c 438.41326 0.0 345.98 0.0 0.0 0.0
t 147
c 438.61364 0.0 345.98 0.0 0.0 0.0
t 147
c 438.81402 0.0 345.98 0.0 0.0 0.0
t 147
c 439.0144 0.0 345.98 0.0 0.0 0.0
t 147
c 439.21478 0.0 345.98 0.0 0.0 0.0
t 148
c 439.41516 0.0 345.98 0.0 0.0 0.0
t 148
c 439.61554 0.0 345.98 0.0 0.0 0.0
t 148
c 439.81592 0.0 345.98 0.0 0.0 0.0
t 148
c 440.0163 0.0 345.98 0.0 0.0 0.0
t 148
c 440.21668 0.0 345.98 0.0 0.0 0.0
t 148
c 440.41706 0.0 345.98 0.0 0.0 0.0
t 149
c 440.61744 0.0 345.98 0.0 0.0 0.0
t 149
c 440.81783 0.0 345.98 0.0 0.0 0.0
t 149
c 441.01821 0.0 345.98 0.0 0.0 0.0
t 149
c 441.21859 0.0 345.98 0.0 0.0 0.0
t 149
c 441.41897 0.0 345.98 0.0 0.0 0.0
t 149
c 441.61935 0.0 345.98 0.0 0.0 0.0
t 150
c 441.81973 0.0 345.98 0.0 0.0 0.0
t 150
c 442.02011 0.0 345.98 0.0 0.0 0.0
t 150
c 442.22049 0.0 345.98 0.0 0.0 0.0
t 150
c 442.42087 0.0 345.98 0.0 0.0 0.0
t 150
c 442.62125 0.0 345.98 0.0 0.0 0.0
t 150
c 442.82163 0.0 345.98 0.0 0.0 0.0
t 151
c 443.02201 0.0 345.98 0.0 0.0 0.0
t 151
c 443.22239 0.0 345.98 0.0 0.0 0.0
t 151
c 443.42278 0.0 345.98 0.0 0.0 0.0
t 151
c 443.62316 0.0 345.98 0.0 0.0 0.0
t 151
c 443.82354 0.0 345.98 0.0 0.0 0.0
t 151
c 444.02392 0.0 345.98 0.0 0.0 0.0
t 152
c 444.2243 0.0 345.98 0.0 0.0 0.0
t 152
c 444.42468 0.0 345.98 0.0 0.0 0.0
t 152
c 444.62506 0.0 345.98 0.0 0.0 0.0
t 152
c 444.82544 0.0 345.98 0.0 0.0 0.0
t 152
c 445.02582 0.0 345.98 0.0 0.0 0.0
t 152
c 445.2262 0.0 345.98 0.0 0.0 0.0
t 153
c 445.42658 0.0 345.98 0.0 0.0 0.0
t 153
c 445.62696 0.0 345.98 0.0 0.0 0.0
t 153
c 445.82734 0.0 345.98 0.0 0.0 0.0
t 153
c 446.02773 0.0 345.98 0.0 0.0 0.0
t 153
c 446.22811 0.0 345.98 0.0 0.0 0.0
t 153
c 446.42849 0.0 345.98 0.0 0.0 0.0
t 154
c 446.62887 0.0 345.98 0.0 0.0 0.0
t 154
c 446.82925 0.0 345.98 0.0 0.0 0.0
t 154
c 447.02963 0.0 345.98 0.0 0.0 0.0
t 154
c 447.23001 0.0 345.98 0.0 0.0 0.0
t 154
c 447.43039 0.0 345.98 0.0 0.0 0.0
t 154
c 447.63077 0.0 345.98 0.0 0.0 0.0
t 155
c 447.83115 0.0 345.98 0.0 0.0 0.0
t 155
c 448.03153 0.0 345.98 0.0 0.0 0.0
t 155
c 448.23191 0.0 345.98 0.0 0.0 0.0
t 155
c 448.43229 0.0 345.98 0.0 0.0 0.0
t 155
c 448.63268 0.0 345.98 0.0 0.0 0.0
t 156
