c 400.23584 -73.62973 24.29438 -0.00015065 1.08821327 -0.00055442
t 95
c 400.23584 -73.62973 24.29438 -0.00015065 1.08821327 -0.00055442
t 94
c 400.23584 -73.62973 24.29438 -0.00015065 1.08821327 -0.00055442
t 93
c 400.23584 -73.62973 24.29438 -0.00015065 1.08821327 -0.00055442
t 92
c 400.23584 -73.62973 24.29438 -0.00015065 1.08821327 -0.00055442
t 91
c 400.23584 -73.62973 24.29438 -0.00015065 1.08821327 -0.00055442
t 90
c 400.23584 -73.62973 24.29438 -0.00015065 1.08821327 -0.00055442
t 89
c 400.23584 -73.62973 24.29438 -0.00015065 1.08821327 -0.00055442
t 88
c 400.23584 -73.62973 24.29438 -0.00015065 1.08821327 -0.00055442
t 87
c 400.23584 -73.62973 24.29438 -0.00015065 1.08821327 -0.00055442
t 86
c 400.23584 -73.62973 24.29438 -0.00015065 1.08821327 -0.00055442
t 85
c 400.23584 -73.62973 24.29438 -0.00015065 1.08821327 -0.00055442
t 84
c 400.23584 -73.62973 24.29438 -0.00015065 1.08821327 -0.00055442
t 83
c 400.23584 -73.62973 24.29438 -0.00015065 1.08821327 -0.00055442
t 82
c 400.23584 -73.62973 24.29438 -0.00015065 1.08821327 -0.00055442
t 80
c 400.23584 -73.62973 24.29438 -0.00015065 1.08821327 -0.00055442
t 80
c 400.23584 -73.62973 24.29438 -0.00015065 1.08821327 -0.00055442
t 78
c 400.23584 -73.62973 24.29438 -0.00015065 1.08821327 -0.00055442
t 78
c 400.23584 -73.62973 24.29438 -0.00015065 1.08821327 -0.00055442
t 77
c 400.23584 -73.62973 24.29438 -0.00015065 1.08821327 -0.00055442
t 76
c 400.23584 -73.62973 24.29438 -0.00015065 1.08821327 -0.00055442
t 75
c 400.23584 -73.62973 24.29438 -0.00015065 1.08821327 -0.00055442
t 74
c 400.23584 -73.62973 24.29438 -0.00015065 1.08821327 -0.00055442
t 73
c 400.23584 -73.62973 24.29438 -0.00015065 1.08821327 -0.00055442
t 72
c 400.23584 -73.62973 24.29438 -0.00015065 1.08821327 -0.00055442
t 71
c 400.23584 -73.62973 24.29438 -0.00015065 1.08821327 -0.00055442
t 70
c 400.23584 -73.62973 24.29438 -0.00015065 1.08821327 -0.00055442
t 69
c 400.23584 -73.62973 24.29438 -0.00015065 1.08821327 -0.00055442
t 68
c 400.23584 -73.62973 24.29438 -0.00015065 1.08821327 -0.00055442
t 67
c 400.23584 -73.62973 24.29438 -0.00015065 1.08821327 -0.00055442
t 66
c 400.23584 -73.62973 24.29438 -0.00015065 1.08821327 -0.00055442
t 65
c 400.23584 -73.62973 24.29438 -0.00015065 1.08821327 -0.00055442
t 63
c 400.23584 -73.62973 24.29438 -0.00015065 1.08821327 -0.00055442
t 62
c 400.23584 -73.62973 24.29438 -0.00015065 1.08821327 -0.00055442
t 61
c 400.23584 -73.62973 24.29438 -0.00015065 1.08821327 -0.00055442
t 60
c 400.23584 -73.62973 24.29438 -0.00015065 1.08821327 -0.00055442
t 59
c 400.23584 -73.62973 24.29438 -0.00015065 1.08821327 -0.00055442
t 60
c 400.23793 -70.0949 26.20073 -0.00018689 1.08820057 -0.00057014
t 60
c 400.24002 -66.56007 28.10708 -0.00022314 1.08818788 -0.00058586
t 60
c 400.24211 -63.02524 30.01344 -0.00025938 1.08817518 -0.00060158
t 60
c 400.24419 -59.49042 31.91979 -0.00029562 1.08816248 -0.0006173
t 60
c 400.24628 -55.95559 33.82615 -0.00033187 1.08814978 -0.00063302
t 60
c 400.24837 -52.42076 35.7325 -0.00036811 1.08813709 -0.00064874
t 60
c 400.25046 -48.88593 37.63886 -0.00040435 1.08812439 -0.00066446
t 60
c 400.25254 -45.3511 39.54521 -0.00044059 1.08811169 -0.00068018
t 60
c 400.25463 -41.81628 41.45156 -0.00047684 1.08809899 -0.0006959
t 60
c 400.25672 -38.28145 43.35792 -0.00051308 1.0880863 -0.00071162
t 60
c 400.25881 -34.74662 45.26427 -0.00054932 1.0880736 -0.00072734
t 60
c 400.26089 -31.21179 47.17063 -0.00058556 1.0880609 -0.00074306
t 60
c 400.26298 -27.67696 49.07698 -0.00062181 1.0880482 -0.00075878
t 60
c 400.26507 -24.14213 50.98334 -0.00065805 1.0880355 -0.0007745
t 60
c 400.26716 -20.60731 52.88969 -0.00069429 1.08802281 -0.00079022
t 60
c 400.26924 -17.07248 54.79604 -0.00073053 1.08801011 -0.00080593
t 60
c 400.27133 -13.53765 56.7024 -0.00076678 1.08799741 -0.00082165
t 60
c 400.27342 -10.00282 58.60875 -0.00080302 1.08798471 -0.00083737
t 60
c 400.27551 -6.46799 60.51511 -0.00083926 1.08797202 -0.00085309
t 60
c 400.27759 -2.93316 62.42146 -0.00087551 1.08795932 -0.00086881
t 60
c 400.27968 0.60166 64.32782 -0.00091175 1.08794662 -0.00088453
t 60
c 400.28177 4.13649 66.23417 -0.00094799 1.08793392 -0.00090025
t 60
c 400.28386 7.67132 68.14052 -0.00098423 1.08792123 -0.00091597
t 60
c 400.28594 11.20615 70.04688 -0.00102048 1.08790853 -0.00093169
t 60
c 400.28803 14.74098 71.95323 -0.00105672 1.08789583 -0.00094741
t 60
c 400.29012 18.27581 73.85959 -0.00109296 1.08788313 -0.00096313
t 60
c 400.29221 21.81063 75.76594 -0.0011292 1.08787044 -0.00097885
t 60
c 400.29429 25.34546 77.67229 -0.00116545 1.08785774 -0.00099457
t 60
c 400.29638 28.88029 79.57865 -0.00120169 1.08784504 -0.00101029
t 60
c 400.29847 32.41512 81.485 -0.00123793 1.08783234 -0.00102601
t 60
c 400.30056 35.94995 83.39136 -0.00127418 1.08781964 -0.00104173
t 60
c 400.30056 35.94995 83.39136 -0.00127418 1.08781964 -0.00104173
t 60
c 400.30999 39.66804 81.73335 -0.00124124 1.08776685 -0.00104731
t 60
c 400.31942 43.38613 80.07534 -0.0012083 1.08771406 -0.00105288
t 60
c 400.32886 47.10422 78.41732 -0.00117537 1.08766126 -0.00105846
t 60
c 400.33829 50.82231 76.75931 -0.00114243 1.08760847 -0.00106404
t 60
c 400.34773 54.5404 75.1013 -0.0011095 1.08755568 -0.00106962
t 60
c 400.35716 58.2585 73.44329 -0.00107656 1.08750288 -0.00107519
t 59
c 400.36659 61.97659 71.78528 -0.00104362 1.08745009 -0.00108077
t 60
c 400.37603 65.69468 70.12727 -0.00101069 1.0873973 -0.00108635
t 60
c 400.38546 69.41277 68.46926 -0.00097775 1.0873445 -0.00109192
t 60
c 400.3949 73.13086 66.81125 -0.00094482 1.08729171 -0.0010975
t 60
c 400.40433 76.84895 65.15324 -0.00091188 1.08723892 -0.00110308
t 60
c 400.41377 80.56704 63.49523 -0.00087894 1.08718612 -0.00110866
t 60
c 400.4232 84.28514 61.83722 -0.00084601 1.08713333 -0.00111423
t 60
c 400.43263 88.00323 60.17921 -0.00081307 1.08708054 -0.00111981
t 60
c 400.44207 91.72132 58.52119 -0.00078014 1.08702774 -0.00112539
t 60
c 400.4515 95.43941 56.86318 -0.0007472 1.08697495 -0.00113097
t 60
c 400.46094 99.1575 55.20517 -0.00071426 1.08692216 -0.00113654
t 60
c 400.47037 102.87559 53.54716 -0.00068133 1.08686936 -0.00114212
t 60
c 400.4798 106.59368 51.88915 -0.00064839 1.08681657 -0.0011477
t 60
c 400.48924 110.31178 50.23114 -0.00061546 1.08676378 -0.00115328
t 60
c 400.49867 114.02987 48.57313 -0.00058252 1.08671098 -0.00115885
t 60
c 400.50811 117.74796 46.91512 -0.00054959 1.08665819 -0.00116443
t 60
c 400.51754 121.46605 45.25711 -0.00051665 1.0866054 -0.00117001
t 60
c 400.52698 125.18414 43.5991 -0.00048371 1.0865526 -0.00117559
t 60
c 400.53641 128.90223 41.94109 -0.00045078 1.08649981 -0.00118116
t 60
c 400.54584 132.62032 40.28307 -0.00041784 1.08644702 -0.00118674
t 60
c 400.54584 132.62032 40.28307 -0.00041784 1.08644702 -0.00118674
t 60
c 400.54584 132.62032 40.28307 -0.00041784 1.08644702 -0.00118674
t 61
c 400.54584 132.62032 40.28307 -0.00041784 1.08644702 -0.00118674
t 62
c 400.54584 132.62032 40.28307 -0.00041784 1.08644702 -0.00118674
t 63
c 400.54584 132.62032 40.28307 -0.00041784 1.08644702 -0.00118674
t 64
c 400.54584 132.62032 40.28307 -0.00041784 1.08644702 -0.00118674
t 65
c 400.54584 132.62032 40.28307 -0.00041784 1.08644702 -0.00118674
t 66
c 400.54584 132.62032 40.28307 -0.00041784 1.08644702 -0.00118674
t 67
c 400.54584 132.62032 40.28307 -0.00041784 1.08644702 -0.00118674
t 68
c 400.54584 132.62032 40.28307 -0.00041784 1.08644702 -0.00118674
t 69
c 400.54584 132.62032 40.28307 -0.00041784 1.08644702 -0.00118674
t 70
c 400.54584 132.62032 40.28307 -0.00041784 1.08644702 -0.00118674
t 71
c 400.54584 132.62032 40.28307 -0.00041784 1.08644702 -0.00118674
t 72
c 400.54584 132.62032 40.28307 -0.00041784 1.08644702 -0.00118674
t 73
c 400.54584 132.62032 40.28307 -0.00041784 1.08644702 -0.00118674
t 74
c 400.54584 132.62032 40.28307 -0.00041784 1.08644702 -0.00118674
t 75
c 400.54584 132.62032 40.28307 -0.00041784 1.08644702 -0.00118674
t 76
c 400.54584 132.62032 40.28307 -0.00041784 1.08644702 -0.00118674
t 77
c 400.54584 132.62032 40.28307 -0.00041784 1.08644702 -0.00118674
t 78
c 400.54584 132.62032 40.28307 -0.00041784 1.08644702 -0.00118674
t 79
c 400.54584 132.62032 40.28307 -0.00041784 1.08644702 -0.00118674
t 80
c 400.54584 132.62032 40.28307 -0.00041784 1.08644702 -0.00118674
t 80
c 400.54584 132.62032 40.28307 -0.00041784 1.08644702 -0.00118674
t 82
c 400.54584 132.62032 40.28307 -0.00041784 1.08644702 -0.00118674
t 83
c 400.54584 132.62032 40.28307 -0.00041784 1.08644702 -0.00118674
t 84
c 400.54584 132.62032 40.28307 -0.00041784 1.08644702 -0.00118674
t 84
c 400.54584 132.62032 40.28307 -0.00041784 1.08644702 -0.00118674
t 85
c 400.54584 132.62032 40.28307 -0.00041784 1.08644702 -0.00118674
t 86
c 400.54584 132.62032 40.28307 -0.00041784 1.08644702 -0.00118674
t 88
c 400.54584 132.62032 40.28307 -0.00041784 1.08644702 -0.00118674
t 89
c 400.54584 132.62032 40.28307 -0.00041784 1.08644702 -0.00118674
t 90
c 400.54584 132.62032 40.28307 -0.00041784 1.08644702 -0.00118674
t 91
c 400.54584 132.62032 40.28307 -0.00041784 1.08644702 -0.00118674
t 92
c 400.54584 132.62032 40.28307 -0.00041784 1.08644702 -0.00118674
t 93
c 400.54584 132.62032 40.28307 -0.00041784 1.08644702 -0.00118674
t 94
c 400.54584 132.62032 40.28307 -0.00041784 1.08644702 -0.00118674
t 95
c 400.54584 132.62032 40.28307 -0.00041784 1.08644702 -0.00118674
t 96
c 400.54584 132.62032 40.28307 -0.00041784 1.08644702 -0.00118674
t 97
c 400.54584 132.62032 40.28307 -0.00041784 1.08644702 -0.00118674
t 98
c 400.54584 132.62032 40.28307 -0.00041784 1.08644702 -0.00118674
t 99
c 400.54584 132.62032 40.28307 -0.00041784 1.08644702 -0.00118674
t 100
c 400.54584 132.62032 40.28307 -0.00041784 1.08644702 -0.00118674
t 101
c 400.54584 132.62032 40.28307 -0.00041784 1.08644702 -0.00118674
t 102
c 400.54584 132.62032 40.28307 -0.00041784 1.08644702 -0.00118674
t 103
c 400.54584 132.62032 40.28307 -0.00041784 1.08644702 -0.00118674
t 104
c 400.54584 132.62032 40.28307 -0.00041784 1.08644702 -0.00118674
t 105
c 400.54584 132.62032 40.28307 -0.00041784 1.08644702 -0.00118674
t 106
c 400.54584 132.62032 40.28307 -0.00041784 1.08644702 -0.00118674
t 107
c 400.54584 132.62032 40.28307 -0.00041784 1.08644702 -0.00118674
t 108
c 400.54584 132.62032 40.28307 -0.00041784 1.08644702 -0.00118674
t 109
c 400.54584 132.62032 40.28307 -0.00041784 1.08644702 -0.00118674
t 110
c 400.54584 132.62032 40.28307 -0.00041784 1.08644702 -0.00118674
t 111
c 400.54584 132.62032 40.28307 -0.00041784 1.08644702 -0.00118674
t 112
c 400.54584 132.62032 40.28307 -0.00041784 1.08644702 -0.00118674
t 112
c 400.54584 132.62032 40.28307 -0.00041784 1.08644702 -0.00118674
t 111
c 400.54584 132.62032 40.28307 -0.00041784 1.08644702 -0.00118674
t 109
c 400.54584 132.62032 40.28307 -0.00041784 1.08644702 -0.00118674
t 109
c 400.54584 132.62032 40.28307 -0.00041784 1.08644702 -0.00118674
t 108
c 400.54584 132.62032 40.28307 -0.00041784 1.08644702 -0.00118674
t 106
c 400.54584 132.62032 40.28307 -0.00041784 1.08644702 -0.00118674
t 106
c 400.54584 132.62032 40.28307 -0.00041784 1.08644702 -0.00118674
t 105
c 400.54584 132.62032 40.28307 -0.00041784 1.08644702 -0.00118674
t 104
c 400.54584 132.62032 40.28307 -0.00041784 1.08644702 -0.00118674
t 103
c 400.54584 132.62032 40.28307 -0.00041784 1.08644702 -0.00118674
t 102
c 400.54584 132.62032 40.28307 -0.00041784 1.08644702 -0.00118674
t 101
c 400.54584 132.62032 40.28307 -0.00041784 1.08644702 -0.00118674
t 100
c 400.54584 132.62032 40.28307 -0.00041784 1.08644702 -0.00118674
t 99
c 400.54584 132.62032 40.28307 -0.00041784 1.08644702 -0.00118674
t 98
c 400.54584 132.62032 40.28307 -0.00041784 1.08644702 -0.00118674
t 97
c 400.54584 132.62032 40.28307 -0.00041784 1.08644702 -0.00118674
t 96
c 400.54584 132.62032 40.28307 -0.00041784 1.08644702 -0.00118674
t 95
c 400.54584 132.62032 40.28307 -0.00041784 1.08644702 -0.00118674
t 94
c 400.54584 132.62032 40.28307 -0.00041784 1.08644702 -0.00118674
t 93
c 400.54584 132.62032 40.28307 -0.00041784 1.08644702 -0.00118674
t 92
c 400.54584 132.62032 40.28307 -0.00041784 1.08644702 -0.00118674
t 90
c 400.54584 132.62032 40.28307 -0.00041784 1.08644702 -0.00118674
t 90
c 400.54584 132.62032 40.28307 -0.00041784 1.08644702 -0.00118674
t 88
c 400.54584 132.62032 40.28307 -0.00041784 1.08644702 -0.00118674
t 87
c 400.54584 132.62032 40.28307 -0.00041784 1.08644702 -0.00118674
t 87
c 400.54584 132.62032 40.28307 -0.00041784 1.08644702 -0.00118674
t 85
c 400.54584 132.62032 40.28307 -0.00041784 1.08644702 -0.00118674
t 84
c 400.54584 132.62032 40.28307 -0.00041784 1.08644702 -0.00118674
t 83
c 400.54584 132.62032 40.28307 -0.00041784 1.08644702 -0.00118674
t 82
c 400.54584 132.62032 40.28307 -0.00041784 1.08644702 -0.00118674
t 81
c 400.54584 132.62032 40.28307 -0.00041784 1.08644702 -0.00118674
t 80
c 400.54584 132.62032 40.28307 -0.00041784 1.08644702 -0.00118674
t 79
c 400.54584 132.62032 40.28307 -0.00041784 1.08644702 -0.00118674
t 78
c 400.54584 132.62032 40.28307 -0.00041784 1.08644702 -0.00118674
t 77
c 400.54584 132.62032 40.28307 -0.00041784 1.08644702 -0.00118674
t 76
c 400.54584 132.62032 40.28307 -0.00041784 1.08644702 -0.00118674
t 75
c 400.54584 132.62032 40.28307 -0.00041784 1.08644702 -0.00118674
t 74
c 400.54584 132.62032 40.28307 -0.00041784 1.08644702 -0.00118674
t 73
c 400.54584 132.62032 40.28307 -0.00041784 1.08644702 -0.00118674
t 72
c 400.54584 132.62032 40.28307 -0.00041784 1.08644702 -0.00118674
t 71
c 400.54584 132.62032 40.28307 -0.00041784 1.08644702 -0.00118674
t 70
c 400.54584 132.62032 40.28307 -0.00041784 1.08644702 -0.00118674
t 69
c 400.54584 132.62032 40.28307 -0.00041784 1.08644702 -0.00118674
t 70
c 399.50791 129.23535 42.1471 -0.00039378 1.08643347 -0.00114415
t 70
c 398.46998 125.85038 44.01113 -0.00036972 1.08641993 -0.00110155
t 70
c 397.43204 122.4654 45.87517 -0.00034565 1.08640639 -0.00105895
t 70
c 396.39411 119.08043 47.7392 -0.00032159 1.08639284 -0.00101636
t 70
c 395.35617 115.69545 49.60323 -0.00029753 1.0863793 -0.00097376
t 70
c 394.31824 112.31048 51.46726 -0.00027347 1.08636576 -0.00093116
t 70
c 393.28031 108.92551 53.33129 -0.0002494 1.08635221 -0.00088857
t 70
c 392.24237 105.54053 55.19532 -0.00022534 1.08633867 -0.00084597
t 70
c 391.20444 102.15556 57.05935 -0.00020128 1.08632513 -0.00080337
t 70
c 390.1665 98.77058 58.92338 -0.00017722 1.08631158 -0.00076078
t 70
c 389.12857 95.38561 60.78741 -0.00015315 1.08629804 -0.00071818
t 70
c 388.09064 92.00064 62.65144 -0.00012909 1.0862845 -0.00067558
t 70
c 387.0527 88.61566 64.51547 -0.00010503 1.08627095 -0.00063299
t 70
c 386.01477 85.23069 66.3795 -8.096e-05 1.08625741 -0.00059039
t 70
c 384.97683 81.84571 68.24353 -5.69e-05 1.08624387 -0.0005478
t 70
c 383.9389 78.46074 70.10756 -3.284e-05 1.08623032 -0.0005052
t 70
c 382.90097 75.07577 71.97159 -8.78e-06 1.08621678 -0.0004626
t 70
c 381.86303 71.69079 73.83562 1.529e-05 1.08620324 -0.00042001
t 70
c 380.8251 68.30582 75.69965 3.935e-05 1.08618969 -0.00037741
t 70
c 379.78716 64.92084 77.56368 6.341e-05 1.08617615 -0.00033481
t 70
c 378.74923 61.53587 79.42771 8.747e-05 1.0861626 -0.00029222
t 70
c 377.71129 58.1509 81.29174 0.00011154 1.08614906 -0.00024962
t 70
c 376.67336 54.76592 83.15577 0.0001356 1.08613552 -0.00020702
t 70
c 375.63543 51.38095 85.0198 0.00015966 1.08612197 -0.00016443
t 70
c 374.59749 47.99597 86.88383 0.00018372 1.08610843 -0.00012183
t 70
c 373.55956 44.611 88.74786 0.00020779 1.08609489 -7.923e-05
t 70
c 373.55956 44.611 88.74786 0.00020779 1.08609489 -7.923e-05
t 70
c 373.55821 40.81586 87.21713 0.00023234 1.0861111 -5.306e-05
t 70
c 373.55686 37.02072 85.6864 0.00025688 1.0861273 -2.688e-05
t 70
c 373.55551 33.22557 84.15567 0.00028143 1.08614351 -7e-07
t 70
c 373.55416 29.43043 82.62494 0.00030598 1.08615972 2.547e-05
t 70
c 373.55281 25.63529 81.09421 0.00033053 1.08617593 5.165e-05
t 70
c 373.55146 21.84015 79.56347 0.00035507 1.08619214 7.782e-05
t 70
c 373.55011 18.04501 78.03274 0.00037962 1.08620834 0.000104
t 70
c 373.54876 14.24986 76.50201 0.00040417 1.08622455 0.00013018
t 70
c 373.5474 10.45472 74.97128 0.00042872 1.08624076 0.00015635
t 70
c 373.54605 6.65958 73.44055 0.00045326 1.08625697 0.00018253
t 70
c 373.5447 2.86444 71.90982 0.00047781 1.08627318 0.00020871
t 70
c 373.54335 -0.9307 70.37909 0.00050236 1.08628939 0.00023488
t 70
c 373.542 -4.72584 68.84836 0.00052691 1.08630559 0.00026106
t 70
c 373.54065 -8.52099 67.31763 0.00055146 1.0863218 0.00028723
t 70
c 373.5393 -12.31613 65.7869 0.000576 1.08633801 0.00031341
t 70
c 373.53795 -16.11127 64.25616 0.00060055 1.08635422 0.00033959
t 70
c 373.5366 -19.90641 62.72543 0.0006251 1.08637043 0.00036576
t 70
c 373.53525 -23.70155 61.1947 0.00064965 1.08638663 0.00039194
t 70
c 373.5339 -27.4967 59.66397 0.00067419 1.08640284 0.00041812
t 70
c 373.53255 -31.29184 58.13324 0.00069874 1.08641905 0.00044429
t 70
c 373.5312 -35.08698 56.60251 0.00072329 1.08643526 0.00047047
t 70
c 373.52985 -38.88212 55.07178 0.00074784 1.08645147 0.00049664
t 70
c 373.5285 -42.67726 53.54105 0.00077238 1.08646767 0.00052282
t 70
c 373.52715 -46.4724 52.01032 0.00079693 1.08648388 0.000549
t 70
c 373.5258 -50.26755 50.47959 0.00082148 1.08650009 0.00057517
t 70
c 373.52445 -54.06269 48.94886 0.00084603 1.0865163 0.00060135
t 70
c 373.5231 -57.85783 47.41812 0.00087058 1.08653251 0.00062753
t 70
c 373.52175 -61.65297 45.88739 0.00089512 1.08654871 0.0006537
t 70
c 373.52175 -61.65297 45.88739 0.00089512 1.08654871 0.0006537
t 70
c 373.52175 -61.65297 45.88739 0.00089512 1.08654871 0.0006537
t 71
c 373.52175 -61.65297 45.88739 0.00089512 1.08654871 0.0006537
t 72
c 373.52175 -61.65297 45.88739 0.00089512 1.08654871 0.0006537
t 73
c 373.52175 -61.65297 45.88739 0.00089512 1.08654871 0.0006537
t 74
c 373.52175 -61.65297 45.88739 0.00089512 1.08654871 0.0006537
t 75
c 373.52175 -61.65297 45.88739 0.00089512 1.08654871 0.0006537
t 76
c 373.52175 -61.65297 45.88739 0.00089512 1.08654871 0.0006537
t 77
c 373.52175 -61.65297 45.88739 0.00089512 1.08654871 0.0006537
t 78
c 373.52175 -61.65297 45.88739 0.00089512 1.08654871 0.0006537
t 79
c 373.52175 -61.65297 45.88739 0.00089512 1.08654871 0.0006537
t 80
c 373.52175 -61.65297 45.88739 0.00089512 1.08654871 0.0006537
t 81
c 373.52175 -61.65297 45.88739 0.00089512 1.08654871 0.0006537
t 82
c 373.52175 -61.65297 45.88739 0.00089512 1.08654871 0.0006537
t 82
c 373.52175 -61.65297 45.88739 0.00089512 1.08654871 0.0006537
t 84
c 373.52175 -61.65297 45.88739 0.00089512 1.08654871 0.0006537
t 85
c 373.52175 -61.65297 45.88739 0.00089512 1.08654871 0.0006537
t 86
c 373.52175 -61.65297 45.88739 0.00089512 1.08654871 0.0006537
t 87
c 373.52175 -61.65297 45.88739 0.00089512 1.08654871 0.0006537
t 87
c 373.52175 -61.65297 45.88739 0.00089512 1.08654871 0.0006537
t 89
c 373.52175 -61.65297 45.88739 0.00089512 1.08654871 0.0006537
t 90
c 373.52175 -61.65297 45.88739 0.00089512 1.08654871 0.0006537
t 91
c 373.52175 -61.65297 45.88739 0.00089512 1.08654871 0.0006537
t 92
c 373.52175 -61.65297 45.88739 0.00089512 1.08654871 0.0006537
t 93
c 373.52175 -61.65297 45.88739 0.00089512 1.08654871 0.0006537
t 94
c 373.52175 -61.65297 45.88739 0.00089512 1.08654871 0.0006537
t 94
c 373.52175 -61.65297 45.88739 0.00089512 1.08654871 0.0006537
t 95
c 373.52175 -61.65297 45.88739 0.00089512 1.08654871 0.0006537
t 97
c 373.52175 -61.65297 45.88739 0.00089512 1.08654871 0.0006537
t 98
c 373.52175 -61.65297 45.88739 0.00089512 1.08654871 0.0006537
t 98
c 373.52175 -61.65297 45.88739 0.00089512 1.08654871 0.0006537
t 100
c 373.52175 -61.65297 45.88739 0.00089512 1.08654871 0.0006537
t 101
c 373.52175 -61.65297 45.88739 0.00089512 1.08654871 0.0006537
t 102
c 373.52175 -61.65297 45.88739 0.00089512 1.08654871 0.0006537
t 103
c 373.52175 -61.65297 45.88739 0.00089512 1.08654871 0.0006537
t 104
c 373.52175 -61.65297 45.88739 0.00089512 1.08654871 0.0006537
t 105
c 373.52175 -61.65297 45.88739 0.00089512 1.08654871 0.0006537
t 106
c 373.52175 -61.65297 45.88739 0.00089512 1.08654871 0.0006537
t 107
c 373.52175 -61.65297 45.88739 0.00089512 1.08654871 0.0006537
t 108
c 373.52175 -61.65297 45.88739 0.00089512 1.08654871 0.0006537
t 109
c 373.52175 -61.65297 45.88739 0.00089512 1.08654871 0.0006537
t 110
c 373.52175 -61.65297 45.88739 0.00089512 1.08654871 0.0006537
t 111
c 373.52175 -61.65297 45.88739 0.00089512 1.08654871 0.0006537
t 112
c 373.52175 -61.65297 45.88739 0.00089512 1.08654871 0.0006537
t 113
c 373.52175 -61.65297 45.88739 0.00089512 1.08654871 0.0006537
t 114
c 373.52175 -61.65297 45.88739 0.00089512 1.08654871 0.0006537
t 115
c 373.52175 -61.65297 45.88739 0.00089512 1.08654871 0.0006537
t 116
c 373.52175 -61.65297 45.88739 0.00089512 1.08654871 0.0006537
t 117
c 373.52175 -61.65297 45.88739 0.00089512 1.08654871 0.0006537
t 118
c 373.52175 -61.65297 45.88739 0.00089512 1.08654871 0.0006537
t 119
c 373.52175 -61.65297 45.88739 0.00089512 1.08654871 0.0006537
t 120
c 373.52175 -61.65297 45.88739 0.00089512 1.08654871 0.0006537
t 121
c 373.52175 -61.65297 45.88739 0.00089512 1.08654871 0.0006537
t 122
c 373.52175 -61.65297 45.88739 0.00089512 1.08654871 0.0006537
t 123
c 373.52175 -61.65297 45.88739 0.00089512 1.08654871 0.0006537
t 124
c 373.52175 -61.65297 45.88739 0.00089512 1.08654871 0.0006537
t 125
c 373.52175 -61.65297 45.88739 0.00089512 1.08654871 0.0006537
t 126
