c 370.579 0.0 334.0 0.0 0.0 0.0
c 370.53087 0.0 333.80567 0.0 0.0 0.0
c 370.48274 0.0 333.61135 0.0 0.0 0.0
c 370.43461 0.0 333.41702 0.0 0.0 0.0
c 370.38648 0.0 333.22269 0.0 0.0 0.0
c 370.33835 0.0 333.02836 0.0 0.0 0.0
c 370.29022 0.0 332.83404 0.0 0.0 0.0
c 370.24209 0.0 332.63971 0.0 0.0 0.0
c 370.19396 0.0 332.44538 0.0 0.0 0.0
c 370.14583 0.0 332.25106 0.0 0.0 0.0
c 370.0977 0.0 332.05673 0.0 0.0 0.0
c 370.04957 0.0 331.8624 0.0 0.0 0.0
c 370.00144 0.0 331.66807 0.0 0.0 0.0
c 369.95331 0.0 331.47375 0.0 0.0 0.0
c 369.90518 0.0 331.27942 0.0 0.0 0.0
c 369.85705 0.0 331.08509 0.0 0.0 0.0
c 369.80892 0.0 330.89077 0.0 0.0 0.0
c 369.76079 0.0 330.69644 0.0 0.0 0.0
c 369.71266 0.0 330.50211 0.0 0.0 0.0
c 369.66453 0.0 330.30778 0.0 0.0 0.0
c 369.6164 0.0 330.11346 0.0 0.0 0.0
c 369.56827 0.0 329.91913 0.0 0.0 0.0
c 369.52014 0.0 329.7248 0.0 0.0 0.0
c 369.47201 0.0 329.53048 0.0 0.0 0.0
c 369.42388 0.0 329.33615 0.0 0.0 0.0
c 369.37575 0.0 329.14182 0.0 0.0 0.0
c 369.32762 0.0 328.94749 0.0 0.0 0.0
c 369.27948 0.0 328.75317 0.0 0.0 0.0
c 369.23135 0.0 328.55884 0.0 0.0 0.0
c 369.18322 0.0 328.36451 0.0 0.0 0.0
c 369.13509 0.0 328.17019 0.0 0.0 0.0
c 369.08696 0.0 327.97586 0.0 0.0 0.0
c 369.03883 0.0 327.78153 0.0 0.0 0.0
c 368.9907 0.0 327.5872 0.0 0.0 0.0
c 368.94257 0.0 327.39288 0.0 0.0 0.0
c 368.89444 0.0 327.19855 0.0 0.0 0.0
c 368.84631 0.0 327.00422 0.0 0.0 0.0
c 368.79818 0.0 326.8099 0.0 0.0 0.0
c 368.75005 0.0 326.61557 0.0 0.0 0.0
c 368.70192 0.0 326.42124 0.0 0.0 0.0
c 368.65379 0.0 326.22692 0.0 0.0 0.0
c 368.60566 0.0 326.03259 0.0 0.0 0.0
c 368.55753 0.0 325.83826 0.0 0.0 0.0
c 368.5094 0.0 325.64393 0.0 0.0 0.0
c 368.46127 0.0 325.44961 0.0 0.0 0.0
c 368.41314 0.0 325.25528 0.0 0.0 0.0
c 368.36501 0.0 325.06095 0.0 0.0 0.0
c 368.31688 0.0 324.86663 0.0 0.0 0.0
c 368.26875 0.0 324.6723 0.0 0.0 0.0
c 368.22062 0.0 324.47797 0.0 0.0 0.0
c 368.17249 0.0 324.28364 0.0 0.0 0.0
c 368.12436 0.0 324.08932 0.0 0.0 0.0
c 368.07623 0.0 323.89499 0.0 0.0 0.0
c 368.0281 0.0 323.70066 0.0 0.0 0.0
c 367.97997 0.0 323.50634 0.0 0.0 0.0
c 367.93184 0.0 323.31201 0.0 0.0 0.0
c 367.88371 0.0 323.11768 0.0 0.0 0.0
c 367.83558 0.0 322.92335 0.0 0.0 0.0
c 367.78745 0.0 322.72903 0.0 0.0 0.0
c 367.73932 0.0 322.5347 0.0 0.0 0.0
c 367.69119 0.0 322.34037 0.0 0.0 0.0
c 367.64306 0.0 322.14605 0.0 0.0 0.0
c 367.59493 0.0 321.95172 0.0 0.0 0.0
c 367.5468 0.0 321.75739 0.0 0.0 0.0
c 367.49867 0.0 321.56306 0.0 0.0 0.0
c 367.45054 0.0 321.36874 0.0 0.0 0.0
c 367.40241 0.0 321.17441 0.0 0.0 0.0
c 367.35428 0.0 320.98008 0.0 0.0 0.0
c 367.30615 0.0 320.78576 0.0 0.0 0.0
c 367.25802 0.0 320.59143 0.0 0.0 0.0
c 367.20989 0.0 320.3971 0.0 0.0 0.0
c 367.16175 0.0 320.20277 0.0 0.0 0.0
c 367.11362 0.0 320.00845 0.0 0.0 0.0
c 367.06549 0.0 319.81412 0.0 0.0 0.0
c 367.01736 0.0 319.61979 0.0 0.0 0.0
c 366.96923 0.0 319.42547 0.0 0.0 0.0
c 366.9211 0.0 319.23114 0.0 0.0 0.0
c 366.87297 0.0 319.03681 0.0 0.0 0.0
c 366.82484 0.0 318.84248 0.0 0.0 0.0
c 366.77671 0.0 318.64816 0.0 0.0 0.0
c 366.72858 0.0 318.45383 0.0 0.0 0.0
c 366.68045 0.0 318.2595 0.0 0.0 0.0
c 366.63232 0.0 318.06518 0.0 0.0 0.0
c 366.58419 0.0 317.87085 0.0 0.0 0.0
c 366.53606 0.0 317.67652 0.0 0.0 0.0
c 366.48793 0.0 317.48219 0.0 0.0 0.0
c 366.4398 0.0 317.28787 0.0 0.0 0.0
c 366.39167 0.0 317.09354 0.0 0.0 0.0
c 366.34354 0.0 316.89921 0.0 0.0 0.0
c 366.29541 0.0 316.70489 0.0 0.0 0.0
c 366.24728 0.0 316.51056 0.0 0.0 0.0
c 366.19915 0.0 316.31623 0.0 0.0 0.0
c 366.15102 0.0 316.1219 0.0 0.0 0.0
c 366.10289 0.0 315.92758 0.0 0.0 0.0
c 366.05476 0.0 315.73325 0.0 0.0 0.0
c 366.00663 0.0 315.53892 0.0 0.0 0.0
c 365.9585 0.0 315.3446 0.0 0.0 0.0
c 365.91037 0.0 315.15027 0.0 0.0 0.0
c 365.86224 0.0 314.95594 0.0 0.0 0.0
c 365.81411 0.0 314.76161 0.0 0.0 0.0
c 365.76598 0.0 314.56729 0.0 0.0 0.0
c 365.71785 0.0 314.37296 0.0 0.0 0.0
c 365.66972 0.0 314.17863 0.0 0.0 0.0
c 365.62159 0.0 313.98431 0.0 0.0 0.0
c 365.57346 0.0 313.78998 0.0 0.0 0.0
c 365.52533 0.0 313.59565 0.0 0.0 0.0
c 365.4772 0.0 313.40133 0.0 0.0 0.0
c 365.42907 0.0 313.207 0.0 0.0 0.0
c 365.38094 0.0 313.01267 0.0 0.0 0.0
c 365.33281 0.0 312.81834 0.0 0.0 0.0
c 365.28468 0.0 312.62402 0.0 0.0 0.0
c 365.23655 0.0 312.42969 0.0 0.0 0.0
c 365.18842 0.0 312.23536 0.0 0.0 0.0
c 365.14029 0.0 312.04104 0.0 0.0 0.0
c 365.09216 0.0 311.84671 0.0 0.0 0.0
c 365.04402 0.0 311.65238 0.0 0.0 0.0
c 364.99589 0.0 311.45805 0.0 0.0 0.0
c 364.94776 0.0 311.26373 0.0 0.0 0.0
c 364.89963 0.0 311.0694 0.0 0.0 0.0
c 364.8515 0.0 310.87507 0.0 0.0 0.0
c 364.80337 0.0 310.68075 0.0 0.0 0.0
c 364.75524 0.0 310.48642 0.0 0.0 0.0
c 364.70711 0.0 310.29209 0.0 0.0 0.0
c 364.65898 0.0 310.09776 0.0 0.0 0.0
c 364.61085 0.0 309.90344 0.0 0.0 0.0
c 364.56272 0.0 309.70911 0.0 0.0 0.0
c 364.51459 0.0 309.51478 0.0 0.0 0.0
c 364.46646 0.0 309.32046 0.0 0.0 0.0
c 364.41833 0.0 309.12613 0.0 0.0 0.0
c 364.3702 0.0 308.9318 0.0 0.0 0.0
c 364.32207 0.0 308.73747 0.0 0.0 0.0
c 364.27394 0.0 308.54315 0.0 0.0 0.0
c 364.22581 0.0 308.34882 0.0 0.0 0.0
c 364.17768 0.0 308.15449 0.0 0.0 0.0
c 364.12955 0.0 307.96017 0.0 0.0 0.0
c 364.08142 0.0 307.76584 0.0 0.0 0.0
c 364.03329 0.0 307.57151 0.0 0.0 0.0
c 363.98516 0.0 307.37718 0.0 0.0 0.0
c 363.93703 0.0 307.18286 0.0 0.0 0.0
c 363.8889 0.0 306.98853 0.0 0.0 0.0
c 363.84077 0.0 306.7942 0.0 0.0 0.0
c 363.79264 0.0 306.59988 0.0 0.0 0.0
c 363.74451 0.0 306.40555 0.0 0.0 0.0
c 363.69638 0.0 306.21122 0.0 0.0 0.0
c 363.64825 0.0 306.01689 0.0 0.0 0.0
c 363.60012 0.0 305.82257 0.0 0.0 0.0
c 363.55199 0.0 305.62824 0.0 0.0 0.0
c 363.50386 0.0 305.43391 0.0 0.0 0.0
c 363.45573 0.0 305.23959 0.0 0.0 0.0
c 363.4076 0.0 305.04526 0.0 0.0 0.0
c 363.35947 0.0 304.85093 0.0 0.0 0.0
c 363.31134 0.0 304.6566 0.0 0.0 0.0
c 363.26321 0.0 304.46228 0.0 0.0 0.0
c 363.21508 0.0 304.26795 0.0 0.0 0.0
c 363.16695 0.0 304.07362 0.0 0.0 0.0
c 363.11882 0.0 303.8793 0.0 0.0 0.0
c 363.07069 0.0 303.68497 0.0 0.0 0.0
c 363.02256 0.0 303.49064 0.0 0.0 0.0
c 362.97443 0.0 303.29631 0.0 0.0 0.0
c 362.9263 0.0 303.10199 0.0 0.0 0.0
c 362.87816 0.0 302.90766 0.0 0.0 0.0
c 362.83003 0.0 302.71333 0.0 0.0 0.0
c 362.7819 0.0 302.51901 0.0 0.0 0.0
c 362.73377 0.0 302.32468 0.0 0.0 0.0
c 362.68564 0.0 302.13035 0.0 0.0 0.0
c 362.63751 0.0 301.93602 0.0 0.0 0.0
c 362.58938 0.0 301.7417 0.0 0.0 0.0
c 362.54125 0.0 301.54737 0.0 0.0 0.0
c 362.49312 0.0 301.35304 0.0 0.0 0.0
c 362.44499 0.0 301.15872 0.0 0.0 0.0
c 362.39686 0.0 300.96439 0.0 0.0 0.0
c 362.34873 0.0 300.77006 0.0 0.0 0.0
c 362.3006 0.0 300.57574 0.0 0.0 0.0
c 362.25247 0.0 300.38141 0.0 0.0 0.0
c 362.20434 0.0 300.18708 0.0 0.0 0.0
c 362.15621 0.0 299.99275 0.0 0.0 0.0
c 362.10808 0.0 299.79843 0.0 0.0 0.0
c 362.05995 0.0 299.6041 0.0 0.0 0.0
c 362.01182 0.0 299.40977 0.0 0.0 0.0
c 361.96369 0.0 299.21545 0.0 0.0 0.0
c 361.91556 0.0 299.02112 0.0 0.0 0.0
c 361.86743 0.0 298.82679 0.0 0.0 0.0
c 361.8193 0.0 298.63246 0.0 0.0 0.0
c 361.77117 0.0 298.43814 0.0 0.0 0.0
c 361.72304 0.0 298.24381 0.0 0.0 0.0
c 361.67491 0.0 298.04948 0.0 0.0 0.0
c 361.62678 0.0 297.85516 0.0 0.0 0.0
c 361.57865 0.0 297.66083 0.0 0.0 0.0
c 361.53052 0.0 297.4665 0.0 0.0 0.0
c 361.48239 0.0 297.27217 0.0 0.0 0.0
c 361.43426 0.0 297.07785 0.0 0.0 0.0
c 361.38613 0.0 296.88352 0.0 0.0 0.0
c 361.338 0.0 296.68919 0.0 0.0 0.0
c 361.28987 0.0 296.49487 0.0 0.0 0.0
c 361.24174 0.0 296.30054 0.0 0.0 0.0
c 361.19361 0.0 296.10621 0.0 0.0 0.0
c 361.14548 0.0 295.91188 0.0 0.0 0.0
c 361.09735 0.0 295.71756 0.0 0.0 0.0
c 361.04922 0.0 295.52323 0.0 0.0 0.0
c 361.00109 0.0 295.3289 0.0 0.0 0.0
c 360.95296 0.0 295.13458 0.0 0.0 0.0
c 360.90483 0.0 294.94025 0.0 0.0 0.0
c 360.8567 0.0 294.74592 0.0 0.0 0.0
c 360.80857 0.0 294.55159 0.0 0.0 0.0
c 360.76043 0.0 294.35727 0.0 0.0 0.0
c 360.7123 0.0 294.16294 0.0 0.0 0.0
c 360.66417 0.0 293.96861 0.0 0.0 0.0
c 360.61604 0.0 293.77429 0.0 0.0 0.0
c 360.56791 0.0 293.57996 0.0 0.0 0.0
c 360.51978 0.0 293.38563 0.0 0.0 0.0
c 360.47165 0.0 293.1913 0.0 0.0 0.0
c 360.42352 0.0 292.99698 0.0 0.0 0.0
c 360.37539 0.0 292.80265 0.0 0.0 0.0
c 360.32726 0.0 292.60832 0.0 0.0 0.0
c 360.27913 0.0 292.414 0.0 0.0 0.0
c 360.231 0.0 292.21967 0.0 0.0 0.0
c 360.18287 0.0 292.02534 0.0 0.0 0.0
c 360.13474 0.0 291.83101 0.0 0.0 0.0
c 360.08661 0.0 291.63669 0.0 0.0 0.0
c 360.03848 0.0 291.44236 0.0 0.0 0.0
c 359.99035 0.0 291.24803 0.0 0.0 0.0
c 359.94222 0.0 291.05371 0.0 0.0 0.0
c 359.89409 0.0 290.85938 0.0 0.0 0.0
c 359.84596 0.0 290.66505 0.0 0.0 0.0
c 359.79783 0.0 290.47072 0.0 0.0 0.0
c 359.7497 0.0 290.2764 0.0 0.0 0.0
c 359.70157 0.0 290.08207 0.0 0.0 0.0
c 359.65344 0.0 289.88774 0.0 0.0 0.0
c 359.60531 0.0 289.69342 0.0 0.0 0.0
c 359.55718 0.0 289.49909 0.0 0.0 0.0
c 359.50905 0.0 289.30476 0.0 0.0 0.0
c 359.46092 0.0 289.11043 0.0 0.0 0.0
c 359.41279 0.0 288.91611 0.0 0.0 0.0
c 359.36466 0.0 288.72178 0.0 0.0 0.0
c 359.31653 0.0 288.52745 0.0 0.0 0.0
c 359.2684 0.0 288.33313 0.0 0.0 0.0
c 359.22027 0.0 288.1388 0.0 0.0 0.0
c 359.17214 0.0 287.94447 0.0 0.0 0.0
c 359.12401 0.0 287.75015 0.0 0.0 0.0
c 359.07588 0.0 287.55582 0.0 0.0 0.0
c 359.02775 0.0 287.36149 0.0 0.0 0.0
c 358.97962 0.0 287.16716 0.0 0.0 0.0
c 358.93149 0.0 286.97284 0.0 0.0 0.0
c 358.88336 0.0 286.77851 0.0 0.0 0.0
c 358.83523 0.0 286.58418 0.0 0.0 0.0
c 358.7871 0.0 286.38986 0.0 0.0 0.0
c 358.73897 0.0 286.19553 0.0 0.0 0.0
c 358.69084 0.0 286.0012 0.0 0.0 0.0
c 358.6427 0.0 285.80687 0.0 0.0 0.0
c 358.59457 0.0 285.61255 0.0 0.0 0.0
c 358.54644 0.0 285.41822 0.0 0.0 0.0
c 358.49831 0.0 285.22389 0.0 0.0 0.0
c 358.45018 0.0 285.02957 0.0 0.0 0.0
c 358.40205 0.0 284.83524 0.0 0.0 0.0
c 358.35392 0.0 284.64091 0.0 0.0 0.0
c 358.30579 0.0 284.44658 0.0 0.0 0.0
c 358.25766 0.0 284.25226 0.0 0.0 0.0
c 358.20953 0.0 284.05793 0.0 0.0 0.0
c 358.1614 0.0 283.8636 0.0 0.0 0.0
c 358.11327 0.0 283.66928 0.0 0.0 0.0
c 358.06514 0.0 283.47495 0.0 0.0 0.0
c 358.01701 0.0 283.28062 0.0 0.0 0.0
c 357.96888 0.0 283.08629 0.0 0.0 0.0
c 357.92075 0.0 282.89197 0.0 0.0 0.0
c 357.87262 0.0 282.69764 0.0 0.0 0.0
c 357.82449 0.0 282.50331 0.0 0.0 0.0
c 357.77636 0.0 282.30899 0.0 0.0 0.0
c 357.72823 0.0 282.11466 0.0 0.0 0.0
c 357.6801 0.0 281.92033 0.0 0.0 0.0
c 357.63197 0.0 281.726 0.0 0.0 0.0
c 357.58384 0.0 281.53168 0.0 0.0 0.0
c 357.53571 0.0 281.33735 0.0 0.0 0.0
c 357.48758 0.0 281.14302 0.0 0.0 0.0
c 357.43945 0.0 280.9487 0.0 0.0 0.0
c 357.39132 0.0 280.75437 0.0 0.0 0.0
c 357.34319 0.0 280.56004 0.0 0.0 0.0
c 357.29506 0.0 280.36571 0.0 0.0 0.0
c 357.24693 0.0 280.17139 0.0 0.0 0.0
c 357.1988 0.0 279.97706 0.0 0.0 0.0
c 357.15067 0.0 279.78273 0.0 0.0 0.0
c 357.10254 0.0 279.58841 0.0 0.0 0.0
c 357.05441 0.0 279.39408 0.0 0.0 0.0
c 357.00628 0.0 279.19975 0.0 0.0 0.0
c 356.95815 0.0 279.00542 0.0 0.0 0.0
c 356.91002 0.0 278.8111 0.0 0.0 0.0
c 356.86189 0.0 278.61677 0.0 0.0 0.0
c 356.81376 0.0 278.42244 0.0 0.0 0.0
c 356.76563 0.0 278.22812 0.0 0.0 0.0
c 356.7175 0.0 278.03379 0.0 0.0 0.0
c 356.66937 0.0 277.83946 0.0 0.0 0.0
c 356.62124 0.0 277.64513 0.0 0.0 0.0
c 356.57311 0.0 277.45081 0.0 0.0 0.0
c 356.52497 0.0 277.25648 0.0 0.0 0.0
c 356.47684 0.0 277.06215 0.0 0.0 0.0
c 356.42871 0.0 276.86783 0.0 0.0 0.0
c 356.38058 0.0 276.6735 0.0 0.0 0.0
c 356.33245 0.0 276.47917 0.0 0.0 0.0
c 356.28432 0.0 276.28484 0.0 0.0 0.0
c 356.23619 0.0 276.09052 0.0 0.0 0.0
c 356.18806 0.0 275.89619 0.0 0.0 0.0
c 356.13993 0.0 275.70186 0.0 0.0 0.0
c 356.0918 0.0 275.50754 0.0 0.0 0.0
c 356.04367 0.0 275.31321 0.0 0.0 0.0
c 355.99554 0.0 275.11888 0.0 0.0 0.0
c 355.94741 0.0 274.92455 0.0 0.0 0.0
c 355.89928 0.0 274.73023 0.0 0.0 0.0
c 355.85115 0.0 274.5359 0.0 0.0 0.0
c 355.80302 0.0 274.34157 0.0 0.0 0.0
c 355.75489 0.0 274.14725 0.0 0.0 0.0
c 355.70676 0.0 273.95292 0.0 0.0 0.0
c 355.65863 0.0 273.75859 0.0 0.0 0.0
c 355.6105 0.0 273.56427 0.0 0.0 0.0
c 355.56237 0.0 273.36994 0.0 0.0 0.0
c 355.51424 0.0 273.17561 0.0 0.0 0.0
c 355.46611 0.0 272.98128 0.0 0.0 0.0
c 355.41798 0.0 272.78696 0.0 0.0 0.0
c 355.36985 0.0 272.59263 0.0 0.0 0.0
c 355.32172 0.0 272.3983 0.0 0.0 0.0
c 355.27359 0.0 272.20398 0.0 0.0 0.0
c 355.22546 0.0 272.00965 0.0 0.0 0.0
c 355.17733 0.0 271.81532 0.0 0.0 0.0
c 355.1292 0.0 271.62099 0.0 0.0 0.0
c 355.08107 0.0 271.42667 0.0 0.0 0.0
c 355.03294 0.0 271.23234 0.0 0.0 0.0
c 354.98481 0.0 271.03801 0.0 0.0 0.0
c 354.93668 0.0 270.84369 0.0 0.0 0.0
c 354.88855 0.0 270.64936 0.0 0.0 0.0
c 354.84042 0.0 270.45503 0.0 0.0 0.0
c 354.79229 0.0 270.2607 0.0 0.0 0.0
c 354.74416 0.0 270.06638 0.0 0.0 0.0
c 354.69603 0.0 269.87205 0.0 0.0 0.0
c 354.6479 0.0 269.67772 0.0 0.0 0.0
c 354.59977 0.0 269.4834 0.0 0.0 0.0
c 354.55164 0.0 269.28907 0.0 0.0 0.0
c 354.50351 0.0 269.09474 0.0 0.0 0.0
c 354.45538 0.0 268.90041 0.0 0.0 0.0
c 354.40725 0.0 268.70609 0.0 0.0 0.0
c 354.35911 0.0 268.51176 0.0 0.0 0.0
c 354.31098 0.0 268.31743 0.0 0.0 0.0
c 354.26285 0.0 268.12311 0.0 0.0 0.0
c 354.21472 0.0 267.92878 0.0 0.0 0.0
c 354.16659 0.0 267.73445 0.0 0.0 0.0
c 354.11846 0.0 267.54012 0.0 0.0 0.0
c 354.07033 0.0 267.3458 0.0 0.0 0.0
c 354.0222 0.0 267.15147 0.0 0.0 0.0
c 353.97407 0.0 266.95714 0.0 0.0 0.0
