c 359.3 82.07357 215.74568 0.0 0.37789105 0.0
t 143
c 359.34355 82.21782 215.87943 -0.00010156 0.37733183 0.00072561
t 143
c 359.3871 82.36208 216.01318 -0.00020313 0.37677262 0.00145122
t 143
c 359.43064 82.50633 216.14693 -0.00030469 0.3762134 0.00217683
t 143
c 359.47419 82.65059 216.28067 -0.00040626 0.37565418 0.00290244
t 143
c 359.51774 82.79484 216.41442 -0.00050782 0.37509497 0.00362805
t 143
c 359.56129 82.93909 216.54817 -0.00060939 0.37453575 0.00435367
t 143
c 359.60484 83.08335 216.68192 -0.00071095 0.37397653 0.00507928
t 143
c 359.64838 83.2276 216.81566 -0.00081252 0.37341732 0.00580489
t 143
c 359.69193 83.37185 216.94941 -0.00091408 0.3728581 0.0065305
t 142
c 359.73548 83.51611 217.08316 -0.00101565 0.37229888 0.00725611
t 143
c 359.77903 83.66036 217.21691 -0.00111721 0.37173967 0.00798172
t 143
c 359.82258 83.80462 217.35065 -0.00121878 0.37118045 0.00870733
t 143
c 359.86612 83.94887 217.4844 -0.00132034 0.37062123 0.00943294
t 143
c 359.90967 84.09312 217.61815 -0.00142191 0.37006202 0.01015855
t 143
c 359.95322 84.23738 217.7519 -0.00152347 0.3695028 0.01088416
t 143
c 359.99677 84.38163 217.88564 -0.00162504 0.36894358 0.01160977
t 143
c 360.04032 84.52589 218.01939 -0.0017266 0.36838437 0.01233538
t 143
c 360.08386 84.67014 218.15314 -0.00182817 0.36782515 0.013061
t 143
c 360.12741 84.81439 218.28689 -0.00192973 0.36726593 0.01378661
t 143
c 360.17096 84.95865 218.42063 -0.0020313 0.36670672 0.01451222
t 143
c 360.21451 85.1029 218.55438 -0.00213286 0.3661475 0.01523783
t 143
c 360.25806 85.24715 218.68813 -0.00223443 0.36558829 0.01596344
t 143
c 360.3016 85.39141 218.82188 -0.00233599 0.36502907 0.01668905
t 143
c 360.34515 85.53566 218.95562 -0.00243756 0.36446985 0.01741466
t 143
c 360.3887 85.67992 219.08937 -0.00253912 0.36391064 0.01814027
t 143
c 360.43225 85.82417 219.22312 -0.00264069 0.36335142 0.01886588
t 143
c 360.4758 85.96842 219.35687 -0.00274225 0.3627922 0.01959149
t 143
c 360.51934 86.11268 219.49061 -0.00284382 0.36223299 0.0203171
t 142
c 360.56289 86.25693 219.62436 -0.00294538 0.36167377 0.02104271
t 143
c 360.60644 86.40119 219.75811 -0.00304695 0.36111455 0.02176833
t 143
c 360.64999 86.54544 219.89186 -0.00314851 0.36055534 0.02249394
t 143
c 360.69354 86.68969 220.0256 -0.00325008 0.35999612 0.02321955
t 143
c 360.73708 86.83395 220.15935 -0.00335164 0.3594369 0.02394516
t 143
c 360.78063 86.9782 220.2931 -0.00345321 0.35887769 0.02467077
t 143
c 360.82418 87.12246 220.42685 -0.00355477 0.35831847 0.02539638
t 143
c 360.86773 87.26671 220.56059 -0.00365634 0.35775925 0.02612199
t 143
c 360.91128 87.41096 220.69434 -0.0037579 0.35720004 0.0268476
t 143
c 360.95482 87.55522 220.82809 -0.00385947 0.35664082 0.02757321
t 143
c 360.99837 87.69947 220.96183 -0.00396103 0.3560816 0.02829882
t 143
c 361.04192 87.84372 221.09558 -0.0040626 0.35552239 0.02902443
t 143
c 361.08547 87.98798 221.22933 -0.00416416 0.35496317 0.02975005
t 143
c 361.12901 88.13223 221.36308 -0.00426573 0.35440395 0.03047566
t 143
c 361.17256 88.27649 221.49682 -0.00436729 0.35384474 0.03120127
t 143
c 361.21611 88.42074 221.63057 -0.00446886 0.35328552 0.03192688
t 143
c 361.25966 88.56499 221.76432 -0.00457042 0.3527263 0.03265249
t 143
c 361.30321 88.70925 221.89807 -0.00467199 0.35216709 0.0333781
t 143
c 361.34675 88.8535 222.03181 -0.00477355 0.35160787 0.03410371
t 143
c 361.3903 88.99776 222.16556 -0.00487512 0.35104865 0.03482932
t 143
c 361.43385 89.14201 222.29931 -0.00497668 0.35048944 0.03555493
t 143
c 361.4774 89.28626 222.43306 -0.00507825 0.34993022 0.03628054
t 143
c 361.52095 89.43052 222.5668 -0.00517981 0.349371 0.03700615
t 143
c 361.56449 89.57477 222.70055 -0.00528138 0.34881179 0.03773176
t 143
c 361.60804 89.71902 222.8343 -0.00538294 0.34825257 0.03845738
t 143
c 361.65159 89.86328 222.96805 -0.00548451 0.34769335 0.03918299
t 143
c 361.69514 90.00753 223.10179 -0.00558607 0.34713414 0.0399086
t 143
c 361.73869 90.15179 223.23554 -0.00568764 0.34657492 0.04063421
t 143
c 361.78223 90.29604 223.36929 -0.0057892 0.3460157 0.04135982
t 143
c 361.82578 90.44029 223.50304 -0.00589077 0.34545649 0.04208543
t 143
c 361.86933 90.58455 223.63678 -0.00599233 0.34489727 0.04281104
t 143
c 361.91288 90.7288 223.77053 -0.0060939 0.34433806 0.04353665
t 143
c 361.95643 90.87306 223.90428 -0.00619546 0.34377884 0.04426226
t 143
c 361.99997 91.01731 224.03803 -0.00629703 0.34321962 0.04498787
t 143
c 362.04352 91.16156 224.17177 -0.00639859 0.34266041 0.04571348
t 143
c 362.08707 91.30582 224.30552 -0.00650016 0.34210119 0.04643909
t 143
c 362.13062 91.45007 224.43927 -0.00660172 0.34154197 0.04716471
t 143
c 362.17417 91.59432 224.57302 -0.00670329 0.34098276 0.04789032
t 143
c 362.21771 91.73858 224.70676 -0.00680485 0.34042354 0.04861593
t 143
c 362.26126 91.88283 224.84051 -0.00690642 0.33986432 0.04934154
t 143
c 362.30481 92.02709 224.97426 -0.00700798 0.33930511 0.05006715
t 143
c 362.34836 92.17134 225.10801 -0.00710955 0.33874589 0.05079276
t 143
c 362.39191 92.31559 225.24175 -0.00721111 0.33818667 0.05151837
t 143
c 362.43545 92.45985 225.3755 -0.00731268 0.33762746 0.05224398
t 143
c 362.479 92.6041 225.50925 -0.00741424 0.33706824 0.05296959
t 143
c 362.52255 92.74836 225.643 -0.00751581 0.33650902 0.0536952
t 143
c 362.5661 92.89261 225.77674 -0.00761737 0.33594981 0.05442081
t 143
c 362.60965 93.03686 225.91049 -0.00771894 0.33539059 0.05514642
t 143
c 362.65319 93.18112 226.04424 -0.0078205 0.33483137 0.05587204
t 143
c 362.69674 93.32537 226.17798 -0.00792207 0.33427216 0.05659765
t 143
c 362.74029 93.46963 226.31173 -0.00802363 0.33371294 0.05732326
t 143
c 362.78384 93.61388 226.44548 -0.0081252 0.33315372 0.05804887
t 143
c 362.82739 93.75813 226.57923 -0.00822676 0.33259451 0.05877448
t 143
c 362.87093 93.90239 226.71297 -0.00832833 0.33203529 0.05950009
t 143
c 362.91448 94.04664 226.84672 -0.00842989 0.33147607 0.0602257
t 143
c 362.95803 94.19089 226.98047 -0.00853146 0.33091686 0.06095131
t 143
c 363.00158 94.33515 227.11422 -0.00863302 0.33035764 0.06167692
t 143
c 363.04513 94.4794 227.24796 -0.00873459 0.32979842 0.06240253
t 143
c 363.08867 94.62366 227.38171 -0.00883615 0.32923921 0.06312814
t 143
c 363.13222 94.76791 227.51546 -0.00893772 0.32867999 0.06385376
t 143
c 363.17577 94.91216 227.64921 -0.00903928 0.32812077 0.06457937
t 143
c 363.21932 95.05642 227.78295 -0.00914085 0.32756156 0.06530498
t 143
c 363.26287 95.20067 227.9167 -0.00924241 0.32700234 0.06603059
t 143
c 363.30641 95.34493 228.05045 -0.00934398 0.32644312 0.0667562
t 143
c 363.34996 95.48918 228.1842 -0.00944554 0.32588391 0.06748181
t 143
c 363.39351 95.63343 228.31794 -0.00954711 0.32532469 0.06820742
t 143
c 363.43706 95.77769 228.45169 -0.00964867 0.32476547 0.06893303
t 143
c 363.48061 95.92194 228.58544 -0.00975024 0.32420626 0.06965864
t 143
c 363.52415 96.06619 228.71919 -0.0098518 0.32364704 0.07038425
t 143
c 363.5677 96.21045 228.85293 -0.00995337 0.32308783 0.07110986
t 143
c 363.61125 96.3547 228.98668 -0.01005493 0.32252861 0.07183547
t 143
c 363.6548 96.49896 229.12043 -0.0101565 0.32196939 0.07256109
t 143
c 363.69835 96.64321 229.25418 -0.01025806 0.32141018 0.0732867
t 143
c 363.74189 96.78746 229.38792 -0.01035963 0.32085096 0.07401231
t 143
c 363.78544 96.93172 229.52167 -0.01046119 0.32029174 0.07473792
t 143
c 363.82899 97.07597 229.65542 -0.01056276 0.31973253 0.07546353
t 143
c 363.87254 97.22023 229.78917 -0.01066432 0.31917331 0.07618914
t 143
c 363.91609 97.36448 229.92291 -0.01076589 0.31861409 0.07691475
t 143
c 363.95963 97.50873 230.05666 -0.01086745 0.31805488 0.07764036
t 143
c 364.00318 97.65299 230.19041 -0.01096902 0.31749566 0.07836597
t 143
c 364.04673 97.79724 230.32416 -0.01107058 0.31693644 0.07909158
t 143
c 364.09028 97.94149 230.4579 -0.01117215 0.31637723 0.07981719
t 143
c 364.13383 98.08575 230.59165 -0.01127371 0.31581801 0.0805428
t 143
c 364.17737 98.23 230.7254 -0.01137528 0.31525879 0.08126842
t 143
c 364.22092 98.37426 230.85915 -0.01147684 0.31469958 0.08199403
t 143
c 364.26447 98.51851 230.99289 -0.01157841 0.31414036 0.08271964
t 143
c 364.30802 98.66276 231.12664 -0.01167997 0.31358114 0.08344525
t 143
c 364.35157 98.80702 231.26039 -0.01178154 0.31302193 0.08417086
t 143
c 364.39511 98.95127 231.39413 -0.0118831 0.31246271 0.08489647
t 143
c 364.43866 99.09553 231.52788 -0.01198466 0.31190349 0.08562208
t 143
c 364.48221 99.23978 231.66163 -0.01208623 0.31134428 0.08634769
t 143
c 364.52576 99.38403 231.79538 -0.01218779 0.31078506 0.0870733
t 143
c 364.5693 99.52829 231.92912 -0.01228936 0.31022584 0.08779891
t 143
c 364.61285 99.67254 232.06287 -0.01239092 0.30966663 0.08852452
t 143
c 364.6564 99.8168 232.19662 -0.01249249 0.30910741 0.08925014
t 143
c 364.69995 99.96105 232.33037 -0.01259405 0.30854819 0.08997575
t 143
c 364.7435 100.1053 232.46411 -0.01269562 0.30798898 0.09070136
t 143
c 364.78704 100.24956 232.59786 -0.01279718 0.30742976 0.09142697
t 143
c 364.83059 100.39381 232.73161 -0.01289875 0.30687054 0.09215258
t 143
c 364.87414 100.53806 232.86536 -0.01300031 0.30631133 0.09287819
t 143
c 364.91769 100.68232 232.9991 -0.01310188 0.30575211 0.0936038
t 143
c 364.96124 100.82657 233.13285 -0.01320344 0.30519289 0.09432941
t 143
c 365.00478 100.97083 233.2666 -0.01330501 0.30463368 0.09505502
t 143
c 365.04833 101.11508 233.40035 -0.01340657 0.30407446 0.09578063
t 143
c 365.09188 101.25933 233.53409 -0.01350814 0.30351524 0.09650624
t 143
c 365.13543 101.40359 233.66784 -0.0136097 0.30295603 0.09723185
t 143
c 365.17898 101.54784 233.80159 -0.01371127 0.30239681 0.09795747
t 143
c 365.22252 101.6921 233.93534 -0.01381283 0.30183759 0.09868308
t 143
c 365.26607 101.83635 234.06908 -0.0139144 0.30127838 0.09940869
t 143
c 365.30962 101.9806 234.20283 -0.01401596 0.30071916 0.1001343
t 143
c 365.35317 102.12486 234.33658 -0.01411753 0.30015995 0.10085991
t 143
c 365.39672 102.26911 234.47033 -0.01421909 0.29960073 0.10158552
t 143
c 365.44026 102.41336 234.60407 -0.01432066 0.29904151 0.10231113
t 143
c 365.48381 102.55762 234.73782 -0.01442222 0.2984823 0.10303674
t 143
c 365.52736 102.70187 234.87157 -0.01452379 0.29792308 0.10376235
t 143
c 365.57091 102.84613 235.00532 -0.01462535 0.29736386 0.10448796
t 143
c 365.61446 102.99038 235.13906 -0.01472692 0.29680465 0.10521357
t 143
c 365.658 103.13463 235.27281 -0.01482848 0.29624543 0.10593918
t 143
c 365.70155 103.27889 235.40656 -0.01493005 0.29568621 0.1066648
t 143
c 365.7451 103.42314 235.54031 -0.01503161 0.295127 0.10739041
t 143
c 365.78865 103.5674 235.67405 -0.01513318 0.29456778 0.10811602
t 143
c 365.8322 103.71165 235.8078 -0.01523474 0.29400856 0.10884163
t 143
c 365.87574 103.8559 235.94155 -0.01533631 0.29344935 0.10956724
t 143
c 365.91929 104.00016 236.0753 -0.01543787 0.29289013 0.11029285
t 143
c 365.96284 104.14441 236.20904 -0.01553944 0.29233091 0.11101846
t 143
c 366.00639 104.28866 236.34279 -0.015641 0.2917717 0.11174407
t 143
c 366.04994 104.43292 236.47654 -0.01574257 0.29121248 0.11246968
t 143
c 366.09348 104.57717 236.61028 -0.01584413 0.29065326 0.11319529
t 143
c 366.13703 104.72143 236.74403 -0.0159457 0.29009405 0.1139209
t 143
c 366.18058 104.86568 236.87778 -0.01604726 0.28953483 0.11464652
t 143
c 366.22413 105.00993 237.01153 -0.01614883 0.28897561 0.11537213
t 143
c 366.26768 105.15419 237.14527 -0.01625039 0.2884164 0.11609774
t 143
c 366.31122 105.29844 237.27902 -0.01635196 0.28785718 0.11682335
t 143
c 366.35477 105.4427 237.41277 -0.01645352 0.28729796 0.11754896
t 143
c 366.39832 105.58695 237.54652 -0.01655509 0.28673875 0.11827457
t 143
c 366.44187 105.7312 237.68026 -0.01665665 0.28617953 0.11900018
t 143
c 366.48542 105.87546 237.81401 -0.01675822 0.28562031 0.11972579
t 143
c 366.52896 106.01971 237.94776 -0.01685978 0.2850611 0.1204514
t 143
c 366.57251 106.16397 238.08151 -0.01696135 0.28450188 0.12117701
t 143
c 366.61606 106.30822 238.21525 -0.01706291 0.28394266 0.12190262
t 143
c 366.65961 106.45247 238.349 -0.01716448 0.28338345 0.12262823
t 143
c 366.70316 106.59673 238.48275 -0.01726604 0.28282423 0.12335385
t 143
c 366.7467 106.74098 238.6165 -0.01736761 0.28226501 0.12407946
t 143
c 366.79025 106.88523 238.75024 -0.01746917 0.2817058 0.12480507
t 143
c 366.8338 107.02949 238.88399 -0.01757074 0.28114658 0.12553068
t 143
c 366.87735 107.17374 239.01774 -0.0176723 0.28058736 0.12625629
t 143
c 366.9209 107.318 239.15149 -0.01777387 0.28002815 0.1269819
t 143
c 366.96444 107.46225 239.28523 -0.01787543 0.27946893 0.12770751
t 143
c 367.00799 107.6065 239.41898 -0.017977 0.27890972 0.12843312
t 143
c 367.05154 107.75076 239.55273 -0.01807856 0.2783505 0.12915873
t 143
c 367.09509 107.89501 239.68648 -0.01818013 0.27779128 0.12988434
t 143
c 367.13864 108.03927 239.82022 -0.01828169 0.27723207 0.13060995
t 143
c 367.18218 108.18352 239.95397 -0.01838326 0.27667285 0.13133556
t 143
c 367.22573 108.32777 240.08772 -0.01848482 0.27611363 0.13206118
t 143
c 367.26928 108.47203 240.22147 -0.01858639 0.27555442 0.13278679
t 143
c 367.31283 108.61628 240.35521 -0.01868795 0.2749952 0.1335124
t 143
c 367.35638 108.76053 240.48896 -0.01878952 0.27443598 0.13423801
t 143
c 367.39992 108.90479 240.62271 -0.01889108 0.27387677 0.13496362
t 143
c 367.44347 109.04904 240.75646 -0.01899265 0.27331755 0.13568923
t 143
c 367.48702 109.1933 240.8902 -0.01909421 0.27275833 0.13641484
t 143
c 367.53057 109.33755 241.02395 -0.01919578 0.27219912 0.13714045
t 143
c 367.57412 109.4818 241.1577 -0.01929734 0.2716399 0.13786606
t 143
c 367.61766 109.62606 241.29145 -0.01939891 0.27108068 0.13859167
t 143
c 367.66121 109.77031 241.42519 -0.01950047 0.27052147 0.13931728
t 143
c 367.70476 109.91457 241.55894 -0.01960204 0.26996225 0.14004289
t 143
c 367.74831 110.05882 241.69269 -0.0197036 0.26940303 0.14076851
t 143
c 367.79185 110.20307 241.82643 -0.01980517 0.26884382 0.14149412
t 143
c 367.8354 110.34733 241.96018 -0.01990673 0.2682846 0.14221973
t 143
c 367.87895 110.49158 242.09393 -0.0200083 0.26772538 0.14294534
t 143
c 367.9225 110.63583 242.22768 -0.02010986 0.26716617 0.14367095
t 143
c 367.96605 110.78009 242.36142 -0.02021143 0.26660695 0.14439656
t 143
c 368.00959 110.92434 242.49517 -0.02031299 0.26604773 0.14512217
t 143
c 368.05314 111.0686 242.62892 -0.02041456 0.26548852 0.14584778
t 143
c 368.09669 111.21285 242.76267 -0.02051612 0.2649293 0.14657339
t 143
c 368.14024 111.3571 242.89641 -0.02061769 0.26437008 0.147299
t 143
c 368.18379 111.50136 243.03016 -0.02071925 0.26381087 0.14802461
t 143
c 368.22733 111.64561 243.16391 -0.02082082 0.26325165 0.14875023
t 143
c 368.27088 111.78987 243.29766 -0.02092238 0.26269243 0.14947584
t 143
c 368.31443 111.93412 243.4314 -0.02102395 0.26213322 0.15020145
t 143
c 368.35798 112.07837 243.56515 -0.02112551 0.261574 0.15092706
t 143
c 368.40153 112.22263 243.6989 -0.02122708 0.26101478 0.15165267
t 143
c 368.44507 112.36688 243.83265 -0.02132864 0.26045557 0.15237828
t 143
c 368.48862 112.51114 243.96639 -0.02143021 0.25989635 0.15310389
t 143
c 368.53217 112.65539 244.10014 -0.02153177 0.25933713 0.1538295
t 143
c 368.57572 112.79964 244.23389 -0.02163334 0.25877792 0.15455511
t 143
c 368.61927 112.9439 244.36764 -0.0217349 0.2582187 0.15528072
t 143
c 368.66281 113.08815 244.50138 -0.02183647 0.25765949 0.15600633
t 143
c 368.70636 113.2324 244.63513 -0.02193803 0.25710027 0.15673194
t 143
c 368.74991 113.37666 244.76888 -0.0220396 0.25654105 0.15745756
t 143
c 368.79346 113.52091 244.90263 -0.02214116 0.25598184 0.15818317
t 143
c 368.83701 113.66517 245.03637 -0.02224273 0.25542262 0.15890878
t 143
c 368.88055 113.80942 245.17012 -0.02234429 0.2548634 0.15963439
t 143
c 368.9241 113.95367 245.30387 -0.02244586 0.25430419 0.16036
t 143
c 368.96765 114.09793 245.43762 -0.02254742 0.25374497 0.16108561
t 143
c 369.0112 114.24218 245.57136 -0.02264899 0.25318575 0.16181122
t 143
c 369.05475 114.38644 245.70511 -0.02275055 0.25262654 0.16253683
t 143
c 369.09829 114.53069 245.83886 -0.02285212 0.25206732 0.16326244
t 143
c 369.14184 114.67494 245.97261 -0.02295368 0.2515081 0.16398805
t 143
c 369.18539 114.8192 246.10635 -0.02305525 0.25094889 0.16471366
t 143
c 369.22894 114.96345 246.2401 -0.02315681 0.25038967 0.16543927
t 143
c 369.27249 115.1077 246.37385 -0.02325838 0.24983045 0.16616489
t 143
c 369.31603 115.25196 246.5076 -0.02335994 0.24927124 0.1668905
t 143
c 369.35958 115.39621 246.64134 -0.02346151 0.24871202 0.16761611
t 143
c 369.40313 115.54047 246.77509 -0.02356307 0.2481528 0.16834172
t 143
c 369.44668 115.68472 246.90884 -0.02366464 0.24759359 0.16906733
t 143
c 369.49023 115.82897 247.04258 -0.0237662 0.24703437 0.16979294
t 143
c 369.53377 115.97323 247.17633 -0.02386776 0.24647515 0.17051855
t 143
c 369.57732 116.11748 247.31008 -0.02396933 0.24591594 0.17124416
t 143
c 369.62087 116.26174 247.44383 -0.02407089 0.24535672 0.17196977
t 143
c 369.66442 116.40599 247.57757 -0.02417246 0.2447975 0.17269538
t 143
c 369.70797 116.55024 247.71132 -0.02427402 0.24423829 0.17342099
t 143
c 369.75151 116.6945 247.84507 -0.02437559 0.24367907 0.17414661
t 143
c 369.79506 116.83875 247.97882 -0.02447715 0.24311985 0.17487222
t 143
c 369.83861 116.983 248.11256 -0.02457872 0.24256064 0.17559783
t 143
c 369.88216 117.12726 248.24631 -0.02468028 0.24200142 0.17632344
t 143
c 369.92571 117.27151 248.38006 -0.02478185 0.2414422 0.17704905
t 143
c 369.96925 117.41577 248.51381 -0.02488341 0.24088299 0.17777466
t 143
c 370.0128 117.56002 248.64755 -0.02498498 0.24032377 0.17850027
t 143
c 370.05635 117.70427 248.7813 -0.02508654 0.23976455 0.17922588
t 143
c 370.0999 117.84853 248.91505 -0.02518811 0.23920534 0.17995149
t 143
c 370.14345 117.99278 249.0488 -0.02528967 0.23864612 0.1806771
t 143
c 370.18699 118.13704 249.18254 -0.02539124 0.2380869 0.18140271
t 143
c 370.23054 118.28129 249.31629 -0.0254928 0.23752769 0.18212832
t 143
c 370.27409 118.42554 249.45004 -0.02559437 0.23696847 0.18285394
t 143
c 370.31764 118.5698 249.58379 -0.02569593 0.23640925 0.18357955
t 143
c 370.36119 118.71405 249.71753 -0.0257975 0.23585004 0.18430516
t 143
c 370.40473 118.85831 249.85128 -0.02589906 0.23529082 0.18503077
t 143
c 370.44828 119.00256 249.98503 -0.02600063 0.23473161 0.18575638
t 143
c 370.49183 119.14681 250.11878 -0.02610219 0.23417239 0.18648199
t 143
c 370.53538 119.29107 250.25252 -0.02620376 0.23361317 0.1872076
t 143
c 370.57893 119.43532 250.38627 -0.02630532 0.23305396 0.18793321
t 143
c 370.62247 119.57957 250.52002 -0.02640689 0.23249474 0.18865882
t 143
c 370.66602 119.72383 250.65377 -0.02650845 0.23193552 0.18938443
t 143
c 370.70957 119.86808 250.78751 -0.02661002 0.23137631 0.19011004
t 143
c 370.75312 120.01234 250.92126 -0.02671158 0.23081709 0.19083565
t 143
c 370.79667 120.15659 251.05501 -0.02681315 0.23025787 0.19156127
t 143
c 370.84021 120.30084 251.18876 -0.02691471 0.22969866 0.19228688
t 143
c 370.88376 120.4451 251.3225 -0.02701628 0.22913944 0.19301249
t 143
c 370.92731 120.58935 251.45625 -0.02711784 0.22858022 0.1937381
t 143
c 370.97086 120.73361 251.59 -0.02721941 0.22802101 0.19446371
t 143
c 371.01441 120.87786 251.72375 -0.02732097 0.22746179 0.19518932
t 143
c 371.05795 121.02211 251.85749 -0.02742254 0.22690257 0.19591493
t 143
c 371.1015 121.16637 251.99124 -0.0275241 0.22634336 0.19664054
t 143
c 371.14505 121.31062 252.12499 -0.02762567 0.22578414 0.19736615
t 143
c 371.1886 121.45487 252.25873 -0.02772723 0.22522492 0.19809176
t 143
c 371.23214 121.59913 252.39248 -0.0278288 0.22466571 0.19881737
t 143
c 371.27569 121.74338 252.52623 -0.02793036 0.22410649 0.19954299
t 143
c 371.31924 121.88764 252.65998 -0.02803193 0.22354727 0.2002686
t 143
c 371.36279 122.03189 252.79372 -0.02813349 0.22298806 0.20099421
t 143
c 371.40634 122.17614 252.92747 -0.02823506 0.22242884 0.20171982
t 143
c 371.44988 122.3204 253.06122 -0.02833662 0.22186962 0.20244543
t 143
c 371.49343 122.46465 253.19497 -0.02843819 0.22131041 0.20317104
t 143
c 371.53698 122.60891 253.32871 -0.02853975 0.22075119 0.20389665
t 143
c 371.58053 122.75316 253.46246 -0.02864132 0.22019197 0.20462226
t 143
c 371.62408 122.89741 253.59621 -0.02874288 0.21963276 0.20534787
t 143
c 371.66762 123.04167 253.72996 -0.02884445 0.21907354 0.20607348
t 143
c 371.71117 123.18592 253.8637 -0.02894601 0.21851432 0.20679909
t 143
c 371.75472 123.33017 253.99745 -0.02904758 0.21795511 0.2075247
t 143
c 371.79827 123.47443 254.1312 -0.02914914 0.21739589 0.20825032
t 143
c 371.84182 123.61868 254.26495 -0.02925071 0.21683667 0.20897593
t 143
c 371.88536 123.76294 254.39869 -0.02935227 0.21627746 0.20970154
t 143
c 371.92891 123.90719 254.53244 -0.02945384 0.21571824 0.21042715
t 143
c 371.97246 124.05144 254.66619 -0.0295554 0.21515902 0.21115276
t 143
c 372.01601 124.1957 254.79994 -0.02965697 0.21459981 0.21187837
t 143
c 372.05956 124.33995 254.93368 -0.02975853 0.21404059 0.21260398
t 143
c 372.1031 124.48421 255.06743 -0.0298601 0.21348138 0.21332959
t 143
c 372.14665 124.62846 255.20118 -0.02996166 0.21292216 0.2140552
t 143
c 372.1902 124.77271 255.33493 -0.03006323 0.21236294 0.21478081
t 143
c 372.23375 124.91697 255.46867 -0.03016479 0.21180373 0.21550642
t 143
c 372.2773 125.06122 255.60242 -0.03026636 0.21124451 0.21623203
t 143
c 372.32084 125.20548 255.73617 -0.03036792 0.21068529 0.21695765
t 143
c 372.36439 125.34973 255.86992 -0.03046949 0.21012608 0.21768326
t 143
c 372.40794 125.49398 256.00366 -0.03057105 0.20956686 0.21840887
t 143
c 372.45149 125.63824 256.13741 -0.03067262 0.20900764 0.21913448
t 143
c 372.49504 125.78249 256.27116 -0.03077418 0.20844843 0.21986009
t 143
c 372.53858 125.92674 256.40491 -0.03087575 0.20788921 0.2205857
t 143
c 372.58213 126.071 256.53865 -0.03097731 0.20732999 0.22131131
t 143
c 372.62568 126.21525 256.6724 -0.03107888 0.20677078 0.22203692
t 143
c 372.66923 126.35951 256.80615 -0.03118044 0.20621156 0.22276253
t 143
c 372.71278 126.50376 256.9399 -0.03128201 0.20565234 0.22348814
t 143
c 372.75632 126.64801 257.07364 -0.03138357 0.20509313 0.22421375
t 143
c 372.79987 126.79227 257.20739 -0.03148514 0.20453391 0.22493936
t 143
c 372.84342 126.93652 257.34114 -0.0315867 0.20397469 0.22566498
t 143
c 372.88697 127.08078 257.47488 -0.03168827 0.20341548 0.22639059
t 143
c 372.93052 127.22503 257.60863 -0.03178983 0.20285626 0.2271162
t 143
c 372.97406 127.36928 257.74238 -0.0318914 0.20229704 0.22784181
t 143
c 373.01761 127.51354 257.87613 -0.03199296 0.20173783 0.22856742
t 143
c 373.06116 127.65779 258.00987 -0.03209453 0.20117861 0.22929303
t 143
c 373.10471 127.80204 258.14362 -0.03219609 0.20061939 0.23001864
t 143
c 373.14826 127.9463 258.27737 -0.03229766 0.20006018 0.23074425
t 143
c 373.1918 128.09055 258.41112 -0.03239922 0.19950096 0.23146986
t 143
c 373.23535 128.23481 258.54486 -0.03250079 0.19894174 0.23219547
t 143
c 373.2789 128.37906 258.67861 -0.03260235 0.19838253 0.23292108
t 143
c 373.32245 128.52331 258.81236 -0.03270392 0.19782331 0.2336467
t 143
c 373.366 128.66757 258.94611 -0.03280548 0.19726409 0.23437231
t 143
c 373.40954 128.81182 259.07985 -0.03290705 0.19670488 0.23509792
t 143
c 373.45309 128.95608 259.2136 -0.03300861 0.19614566 0.23582353
t 143
c 373.49664 129.10033 259.34735 -0.03311018 0.19558644 0.23654914
t 143
c 373.54019 129.24458 259.4811 -0.03321174 0.19502723 0.23727475
t 143
c 373.58374 129.38884 259.61484 -0.03331331 0.19446801 0.23800036
t 143
c 373.62728 129.53309 259.74859 -0.03341487 0.19390879 0.23872597
t 143
c 373.67083 129.67734 259.88234 -0.03351644 0.19334958 0.23945158
t 143
c 373.71438 129.8216 260.01609 -0.033618 0.19279036 0.24017719
t 143
c 373.75793 129.96585 260.14983 -0.03371957 0.19223115 0.2409028
t 143
c 373.80148 130.11011 260.28358 -0.03382113 0.19167193 0.24162841
t 143
c 373.84502 130.25436 260.41733 -0.0339227 0.19111271 0.24235403
t 143
c 373.88857 130.39861 260.55108 -0.03402426 0.1905535 0.24307964
t 143
c 373.93212 130.54287 260.68482 -0.03412583 0.18999428 0.24380525
t 143
c 373.97567 130.68712 260.81857 -0.03422739 0.18943506 0.24453086
t 143
c 374.01922 130.83138 260.95232 -0.03432896 0.18887585 0.24525647
t 143
c 374.06276 130.97563 261.08607 -0.03443052 0.18831663 0.24598208
t 143
c 374.10631 131.11988 261.21981 -0.03453209 0.18775741 0.24670769
t 143
c 374.14986 131.26414 261.35356 -0.03463365 0.1871982 0.2474333
t 143
c 374.19341 131.40839 261.48731 -0.03473522 0.18663898 0.24815891
t 143
c 374.23696 131.55265 261.62106 -0.03483678 0.18607976 0.24888452
t 143
c 374.2805 131.6969 261.7548 -0.03493835 0.18552055 0.24961013
t 143
c 374.32405 131.84115 261.88855 -0.03503991 0.18496133 0.25033574
t 143
c 374.3676 131.98541 262.0223 -0.03514148 0.18440211 0.25106136
t 143
c 374.41115 132.12966 262.15605 -0.03524304 0.1838429 0.25178697
t 143
c 374.4547 132.27391 262.28979 -0.03534461 0.18328368 0.25251258
t 143
c 374.49824 132.41817 262.42354 -0.03544617 0.18272446 0.25323819
t 143
c 374.54179 132.56242 262.55729 -0.03554774 0.18216525 0.2539638
t 143
c 374.58534 132.70668 262.69103 -0.0356493 0.18160603 0.25468941
t 143
c 374.62889 132.85093 262.82478 -0.03575086 0.18104681 0.25541502
t 143
c 374.67243 132.99518 262.95853 -0.03585243 0.1804876 0.25614063
t 143
c 374.71598 133.13944 263.09228 -0.03595399 0.17992838 0.25686624
t 143
c 374.75953 133.28369 263.22602 -0.03605556 0.17936916 0.25759185
t 143
c 374.80308 133.42795 263.35977 -0.03615712 0.17880995 0.25831746
t 143
c 374.84663 133.5722 263.49352 -0.03625869 0.17825073 0.25904308
t 143
c 374.89017 133.71645 263.62727 -0.03636025 0.17769151 0.25976869
t 143
c 374.93372 133.86071 263.76101 -0.03646182 0.1771323 0.2604943
t 143
c 374.97727 134.00496 263.89476 -0.03656338 0.17657308 0.26121991
t 143
c 375.02082 134.14921 264.02851 -0.03666495 0.17601386 0.26194552
t 143
c 375.06437 134.29347 264.16226 -0.03676651 0.17545465 0.26267113
t 143
c 375.10791 134.43772 264.296 -0.03686808 0.17489543 0.26339674
t 143
c 375.15146 134.58198 264.42975 -0.03696964 0.17433621 0.26412235
t 143
c 375.19501 134.72623 264.5635 -0.03707121 0.173777 0.26484796
t 143
c 375.23856 134.87048 264.69725 -0.03717277 0.17321778 0.26557357
t 143
c 375.28211 135.01474 264.83099 -0.03727434 0.17265856 0.26629918
t 143
c 375.32565 135.15899 264.96474 -0.0373759 0.17209935 0.26702479
t 143
c 375.3692 135.30325 265.09849 -0.03747747 0.17154013 0.26775041
t 143
c 375.41275 135.4475 265.23224 -0.03757903 0.17098091 0.26847602
t 143
c 375.4563 135.59175 265.36598 -0.0376806 0.1704217 0.26920163
t 143
c 375.49985 135.73601 265.49973 -0.03778216 0.16986248 0.26992724
t 143
c 375.54339 135.88026 265.63348 -0.03788373 0.16930327 0.27065285
t 143
c 375.58694 136.02451 265.76723 -0.03798529 0.16874405 0.27137846
t 143
c 375.63049 136.16877 265.90097 -0.03808686 0.16818483 0.27210407
t 143
c 375.67404 136.31302 266.03472 -0.03818842 0.16762562 0.27282968
t 143
c 375.71759 136.45728 266.16847 -0.03828999 0.1670664 0.27355529
t 143
c 375.76113 136.60153 266.30222 -0.03839155 0.16650718 0.2742809
t 143
c 375.80468 136.74578 266.43596 -0.03849312 0.16594797 0.27500651
t 143
c 375.84823 136.89004 266.56971 -0.03859468 0.16538875 0.27573212
t 143
c 375.89178 137.03429 266.70346 -0.03869625 0.16482953 0.27645774
t 143
c 375.93533 137.17855 266.83721 -0.03879781 0.16427032 0.27718335
t 143
c 375.97887 137.3228 266.97095 -0.03889938 0.1637111 0.27790896
t 143
c 376.02242 137.46705 267.1047 -0.03900094 0.16315188 0.27863457
t 143
c 376.06597 137.61131 267.23845 -0.03910251 0.16259267 0.27936018
t 143
c 376.10952 137.75556 267.3722 -0.03920407 0.16203345 0.28008579
t 143
c 376.15307 137.89982 267.50594 -0.03930564 0.16147423 0.2808114
t 143
c 376.19661 138.04407 267.63969 -0.0394072 0.16091502 0.28153701
t 143
c 376.24016 138.18832 267.77344 -0.03950877 0.1603558 0.28226262
t 143
c 376.28371 138.33258 267.90718 -0.03961033 0.15979658 0.28298823
t 143
c 376.32726 138.47683 268.04093 -0.0397119 0.15923737 0.28371384
t 143
c 376.37081 138.62108 268.17468 -0.03981346 0.15867815 0.28443946
t 143
c 376.41435 138.76534 268.30843 -0.03991503 0.15811893 0.28516507
t 143
c 376.4579 138.90959 268.44217 -0.04001659 0.15755972 0.28589068
t 143
c 376.50145 139.05385 268.57592 -0.04011816 0.1570005 0.28661629
t 143
c 376.545 139.1981 268.70967 -0.04021972 0.15644128 0.2873419
t 143
c 376.58855 139.34235 268.84342 -0.04032129 0.15588207 0.28806751
t 143
c 376.63209 139.48661 268.97716 -0.04042285 0.15532285 0.28879312
t 143
c 376.67564 139.63086 269.11091 -0.04052442 0.15476363 0.28951873
t 143
c 376.71919 139.77512 269.24466 -0.04062598 0.15420442 0.29024434
t 143
c 376.76274 139.91937 269.37841 -0.04072755 0.1536452 0.29096995
t 143
c 376.80629 140.06362 269.51215 -0.04082911 0.15308598 0.29169556
t 143
c 376.84983 140.20788 269.6459 -0.04093068 0.15252677 0.29242117
t 143
c 376.89338 140.35213 269.77965 -0.04103224 0.15196755 0.29314679
t 143
c 376.93693 140.49638 269.9134 -0.04113381 0.15140833 0.2938724
t 143
c 376.98048 140.64064 270.04714 -0.04123537 0.15084912 0.29459801
t 143
c 377.02403 140.78489 270.18089 -0.04133694 0.1502899 0.29532362
t 143
c 377.06757 140.92915 270.31464 -0.0414385 0.14973068 0.29604923
t 143
c 377.11112 141.0734 270.44839 -0.04154007 0.14917147 0.29677484
t 143
c 377.15467 141.21765 270.58213 -0.04164163 0.14861225 0.29750045
t 143
c 377.19822 141.36191 270.71588 -0.0417432 0.14805304 0.29822606
t 143
c 377.24177 141.50616 270.84963 -0.04184476 0.14749382 0.29895167
t 143
c 377.28531 141.65042 270.98338 -0.04194633 0.1469346 0.29967728
t 143
c 377.32886 141.79467 271.11712 -0.04204789 0.14637539 0.30040289
t 143
c 377.37241 141.93892 271.25087 -0.04214946 0.14581617 0.3011285
t 143
c 377.41596 142.08318 271.38462 -0.04225102 0.14525695 0.30185412
t 143
c 377.45951 142.22743 271.51837 -0.04235259 0.14469774 0.30257973
t 143
c 377.50305 142.37168 271.65211 -0.04245415 0.14413852 0.30330534
t 143
c 377.5466 142.51594 271.78586 -0.04255572 0.1435793 0.30403095
t 143
c 377.59015 142.66019 271.91961 -0.04265728 0.14302009 0.30475656
t 143
c 377.6337 142.80445 272.05336 -0.04275885 0.14246087 0.30548217
t 143
c 377.67725 142.9487 272.1871 -0.04286041 0.14190165 0.30620778
t 143
c 377.72079 143.09295 272.32085 -0.04296198 0.14134244 0.30693339
t 143
c 377.76434 143.23721 272.4546 -0.04306354 0.14078322 0.307659
t 143
c 377.80789 143.38146 272.58835 -0.04316511 0.140224 0.30838461
t 143
c 377.85144 143.52572 272.72209 -0.04326667 0.13966479 0.30911022
t 143
c 377.89499 143.66997 272.85584 -0.04336824 0.13910557 0.30983583
t 143
c 377.93853 143.81422 272.98959 -0.0434698 0.13854635 0.31056145
t 143
c 377.98208 143.95848 273.12333 -0.04357137 0.13798714 0.31128706
t 143
c 378.02563 144.10273 273.25708 -0.04367293 0.13742792 0.31201267
t 143
c 378.06918 144.24699 273.39083 -0.0437745 0.1368687 0.31273828
t 143
c 378.11272 144.39124 273.52458 -0.04387606 0.13630949 0.31346389
t 143
c 378.15627 144.53549 273.65832 -0.04397763 0.13575027 0.3141895
t 143
c 378.19982 144.67975 273.79207 -0.04407919 0.13519105 0.31491511
t 143
c 378.24337 144.824 273.92582 -0.04418076 0.13463184 0.31564072
t 143
c 378.28692 144.96825 274.05957 -0.04428232 0.13407262 0.31636633
t 143
c 378.33046 145.11251 274.19331 -0.04438389 0.1335134 0.31709194
t 143
c 378.37401 145.25676 274.32706 -0.04448545 0.13295419 0.31781755
t 143
c 378.41756 145.40102 274.46081 -0.04458702 0.13239497 0.31854317
t 143
c 378.46111 145.54527 274.59456 -0.04468858 0.13183575 0.31926878
t 143
c 378.50466 145.68952 274.7283 -0.04479015 0.13127654 0.31999439
t 143
c 378.5482 145.83378 274.86205 -0.04489171 0.13071732 0.32072
t 143
c 378.59175 145.97803 274.9958 -0.04499328 0.1301581 0.32144561
t 143
c 378.6353 146.12229 275.12955 -0.04509484 0.12959889 0.32217122
t 143
c 378.67885 146.26654 275.26329 -0.04519641 0.12903967 0.32289683
t 143
c 378.7224 146.41079 275.39704 -0.04529797 0.12848045 0.32362244
t 143
c 378.76594 146.55505 275.53079 -0.04539954 0.12792124 0.32434805
t 143
c 378.80949 146.6993 275.66454 -0.0455011 0.12736202 0.32507366
t 143
c 378.85304 146.84355 275.79828 -0.04560267 0.12680281 0.32579927
t 143
c 378.89659 146.98781 275.93203 -0.04570423 0.12624359 0.32652488
t 143
c 378.94014 147.13206 276.06578 -0.0458058 0.12568437 0.3272505
t 143
c 378.98368 147.27632 276.19953 -0.04590736 0.12512516 0.32797611
t 143
c 379.02723 147.42057 276.33327 -0.04600893 0.12456594 0.32870172
t 143
c 379.07078 147.56482 276.46702 -0.04611049 0.12400672 0.32942733
t 143
c 379.11433 147.70908 276.60077 -0.04621206 0.12344751 0.33015294
t 143
c 379.15788 147.85333 276.73452 -0.04631362 0.12288829 0.33087855
t 143
c 379.20142 147.99759 276.86826 -0.04641519 0.12232907 0.33160416
t 143
c 379.24497 148.14184 277.00201 -0.04651675 0.12176986 0.33232977
t 143
c 379.28852 148.28609 277.13576 -0.04661832 0.12121064 0.33305538
t 143
c 379.33207 148.43035 277.26951 -0.04671988 0.12065142 0.33378099
t 143
c 379.37562 148.5746 277.40325 -0.04682145 0.12009221 0.3345066
t 143
c 379.41916 148.71885 277.537 -0.04692301 0.11953299 0.33523221
t 143
c 379.46271 148.86311 277.67075 -0.04702458 0.11897377 0.33595783
t 143
c 379.50626 149.00736 277.8045 -0.04712614 0.11841456 0.33668344
t 143
c 379.54981 149.15162 277.93824 -0.04722771 0.11785534 0.33740905
t 143
c 379.59336 149.29587 278.07199 -0.04732927 0.11729612 0.33813466
t 143
c 379.6369 149.44012 278.20574 -0.04743084 0.11673691 0.33886027
t 143
c 379.68045 149.58438 278.33948 -0.0475324 0.11617769 0.33958588
t 143
c 379.724 149.72863 278.47323 -0.04763396 0.11561847 0.34031149
t 143
c 379.76755 149.87289 278.60698 -0.04773553 0.11505926 0.3410371
t 143
c 379.8111 150.01714 278.74073 -0.04783709 0.11450004 0.34176271
t 143
c 379.85464 150.16139 278.87447 -0.04793866 0.11394082 0.34248832
t 143
c 379.89819 150.30565 279.00822 -0.04804022 0.11338161 0.34321393
t 143
c 379.94174 150.4499 279.14197 -0.04814179 0.11282239 0.34393955
t 143
c 379.98529 150.59416 279.27572 -0.04824335 0.11226317 0.34466516
t 143
c 380.02884 150.73841 279.40946 -0.04834492 0.11170396 0.34539077
t 143
c 380.07238 150.88266 279.54321 -0.04844648 0.11114474 0.34611638
t 143
c 380.11593 151.02692 279.67696 -0.04854805 0.11058552 0.34684199
t 143
c 380.15948 151.17117 279.81071 -0.04864961 0.11002631 0.3475676
t 143
c 380.20303 151.31542 279.94445 -0.04875118 0.10946709 0.34829321
t 143
c 380.24658 151.45968 280.0782 -0.04885274 0.10890787 0.34901882
t 143
c 380.29012 151.60393 280.21195 -0.04895431 0.10834866 0.34974443
t 143
c 380.33367 151.74819 280.3457 -0.04905587 0.10778944 0.35047004
t 143
c 380.37722 151.89244 280.47944 -0.04915744 0.10723022 0.35119565
t 143
c 380.42077 152.03669 280.61319 -0.049259 0.10667101 0.35192126
t 143
c 380.46432 152.18095 280.74694 -0.04936057 0.10611179 0.35264688
t 143
c 380.50786 152.3252 280.88069 -0.04946213 0.10555257 0.35337249
t 143
c 380.55141 152.46946 281.01443 -0.0495637 0.10499336 0.3540981
t 143
c 380.59496 152.61371 281.14818 -0.04966526 0.10443414 0.35482371
t 143
c 380.63851 152.75796 281.28193 -0.04976683 0.10387493 0.35554932
t 143
c 380.68206 152.90222 281.41568 -0.04986839 0.10331571 0.35627493
t 143
c 380.7256 153.04647 281.54942 -0.04996996 0.10275649 0.35700054
t 143
c 380.76915 153.19072 281.68317 -0.05007152 0.10219728 0.35772615
t 143
c 380.8127 153.33498 281.81692 -0.05017309 0.10163806 0.35845176
t 143
c 380.85625 153.47923 281.95067 -0.05027465 0.10107884 0.35917737
t 143
c 380.8998 153.62349 282.08441 -0.05037622 0.10051963 0.35990298
t 143
c 380.94334 153.76774 282.21816 -0.05047778 0.09996041 0.36062859
t 143
c 380.98689 153.91199 282.35191 -0.05057935 0.09940119 0.36135421
t 143
c 381.03044 154.05625 282.48566 -0.05068091 0.09884198 0.36207982
t 143
c 381.07399 154.2005 282.6194 -0.05078248 0.09828276 0.36280543
t 143
c 381.11754 154.34476 282.75315 -0.05088404 0.09772354 0.36353104
t 143
c 381.16108 154.48901 282.8869 -0.05098561 0.09716433 0.36425665
t 143
c 381.20463 154.63326 283.02065 -0.05108717 0.09660511 0.36498226
t 143
c 381.24818 154.77752 283.15439 -0.05118874 0.09604589 0.36570787
t 143
c 381.29173 154.92177 283.28814 -0.0512903 0.09548668 0.36643348
t 143
c 381.33528 155.06602 283.42189 -0.05139187 0.09492746 0.36715909
t 143
c 381.37882 155.21028 283.55563 -0.05149343 0.09436824 0.3678847
t 143
c 381.42237 155.35453 283.68938 -0.051595 0.09380903 0.36861031
t 143
c 381.46592 155.49879 283.82313 -0.05169656 0.09324981 0.36933593
t 143
c 381.50947 155.64304 283.95688 -0.05179813 0.09269059 0.37006154
t 143
c 381.55301 155.78729 284.09062 -0.05189969 0.09213138 0.37078715
t 143
c 381.59656 155.93155 284.22437 -0.05200126 0.09157216 0.37151276
t 143
c 381.64011 156.0758 284.35812 -0.05210282 0.09101294 0.37223837
t 143
c 381.68366 156.22006 284.49187 -0.05220439 0.09045373 0.37296398
t 143
c 381.72721 156.36431 284.62561 -0.05230595 0.08989451 0.37368959
t 143
c 381.77075 156.50856 284.75936 -0.05240752 0.08933529 0.3744152
t 143
c 381.8143 156.65282 284.89311 -0.05250908 0.08877608 0.37514081
t 143
c 381.85785 156.79707 285.02686 -0.05261065 0.08821686 0.37586642
t 143
c 381.9014 156.94133 285.1606 -0.05271221 0.08765764 0.37659203
t 143
c 381.94495 157.08558 285.29435 -0.05281378 0.08709843 0.37731764
t 143
c 381.98849 157.22983 285.4281 -0.05291534 0.08653921 0.37804326
t 143
c 382.03204 157.37409 285.56185 -0.05301691 0.08597999 0.37876887
t 143
c 382.07559 157.51834 285.69559 -0.05311847 0.08542078 0.37949448
t 143
c 382.11914 157.66259 285.82934 -0.05322004 0.08486156 0.38022009
t 143
c 382.16269 157.80685 285.96309 -0.0533216 0.08430234 0.3809457
t 143
c 382.20623 157.9511 286.09684 -0.05342317 0.08374313 0.38167131
t 143
c 382.24978 158.09536 286.23058 -0.05352473 0.08318391 0.38239692
t 143
c 382.29333 158.23961 286.36433 -0.0536263 0.0826247 0.38312253
t 143
c 382.33688 158.38386 286.49808 -0.05372786 0.08206548 0.38384814
t 143
c 382.38043 158.52812 286.63183 -0.05382943 0.08150626 0.38457375
t 143
c 382.42397 158.67237 286.76557 -0.05393099 0.08094705 0.38529936
t 143
c 382.46752 158.81663 286.89932 -0.05403256 0.08038783 0.38602497
t 143
c 382.51107 158.96088 287.03307 -0.05413412 0.07982861 0.38675059
t 143
c 382.55462 159.10513 287.16682 -0.05423569 0.0792694 0.3874762
t 143
c 382.59817 159.24939 287.30056 -0.05433725 0.07871018 0.38820181
t 143
c 382.64171 159.39364 287.43431 -0.05443882 0.07815096 0.38892742
t 143
c 382.68526 159.53789 287.56806 -0.05454038 0.07759175 0.38965303
t 143
c 382.72881 159.68215 287.70181 -0.05464195 0.07703253 0.39037864
t 143
c 382.77236 159.8264 287.83555 -0.05474351 0.07647331 0.39110425
t 143
c 382.81591 159.97066 287.9693 -0.05484508 0.0759141 0.39182986
t 143
c 382.85945 160.11491 288.10305 -0.05494664 0.07535488 0.39255547
t 143
c 382.903 160.25916 288.2368 -0.05504821 0.07479566 0.39328108
t 143
c 382.94655 160.40342 288.37054 -0.05514977 0.07423645 0.39400669
t 143
c 382.9901 160.54767 288.50429 -0.05525134 0.07367723 0.3947323
t 143
c 383.03365 160.69193 288.63804 -0.0553529 0.07311801 0.39545792
t 143
c 383.07719 160.83618 288.77178 -0.05545447 0.0725588 0.39618353
t 143
c 383.12074 160.98043 288.90553 -0.05555603 0.07199958 0.39690914
t 143
c 383.16429 161.12469 289.03928 -0.0556576 0.07144036 0.39763475
t 143
c 383.20784 161.26894 289.17303 -0.05575916 0.07088115 0.39836036
t 143
c 383.25139 161.41319 289.30677 -0.05586073 0.07032193 0.39908597
t 143
c 383.29493 161.55745 289.44052 -0.05596229 0.06976271 0.39981158
t 143
c 383.33848 161.7017 289.57427 -0.05606386 0.0692035 0.40053719
t 143
c 383.38203 161.84596 289.70802 -0.05616542 0.06864428 0.4012628
t 143
c 383.42558 161.99021 289.84176 -0.05626699 0.06808506 0.40198841
t 143
c 383.46913 162.13446 289.97551 -0.05636855 0.06752585 0.40271402
t 143
c 383.51267 162.27872 290.10926 -0.05647012 0.06696663 0.40343964
t 143
c 383.55622 162.42297 290.24301 -0.05657168 0.06640741 0.40416525
t 143
c 383.59977 162.56723 290.37675 -0.05667325 0.0658482 0.40489086
t 143
c 383.64332 162.71148 290.5105 -0.05677481 0.06528898 0.40561647
t 143
c 383.68687 162.85573 290.64425 -0.05687638 0.06472976 0.40634208
t 143
c 383.73041 162.99999 290.778 -0.05697794 0.06417055 0.40706769
t 143
c 383.77396 163.14424 290.91174 -0.05707951 0.06361133 0.4077933
t 143
c 383.81751 163.2885 291.04549 -0.05718107 0.06305211 0.40851891
t 143
c 383.86106 163.43275 291.17924 -0.05728264 0.0624929 0.40924452
t 143
c 383.90461 163.577 291.31299 -0.0573842 0.06193368 0.40997013
t 143
c 383.94815 163.72126 291.44673 -0.05748577 0.06137447 0.41069574
t 143
c 383.9917 163.86551 291.58048 -0.05758733 0.06081525 0.41142135
t 143
c 384.03525 164.00976 291.71423 -0.0576889 0.06025603 0.41214697
t 143
c 384.0788 164.15402 291.84798 -0.05779046 0.05969682 0.41287258
t 143
c 384.12235 164.29827 291.98172 -0.05789203 0.0591376 0.41359819
t 143
c 384.16589 164.44253 292.11547 -0.05799359 0.05857838 0.4143238
t 143
c 384.20944 164.58678 292.24922 -0.05809516 0.05801917 0.41504941
t 143
c 384.25299 164.73103 292.38297 -0.05819672 0.05745995 0.41577502
t 143
c 384.29654 164.87529 292.51671 -0.05829829 0.05690073 0.41650063
t 143
c 384.34009 165.01954 292.65046 -0.05839985 0.05634152 0.41722624
t 143
c 384.38363 165.1638 292.78421 -0.05850142 0.0557823 0.41795185
t 143
c 384.42718 165.30805 292.91796 -0.05860298 0.05522308 0.41867746
t 143
c 384.47073 165.4523 293.0517 -0.05870455 0.05466387 0.41940307
t 143
c 384.51428 165.59656 293.18545 -0.05880611 0.05410465 0.42012868
t 143
c 384.55783 165.74081 293.3192 -0.05890768 0.05354543 0.4208543
t 143
c 384.60137 165.88506 293.45295 -0.05900924 0.05298622 0.42157991
t 143
c 384.64492 166.02932 293.58669 -0.05911081 0.052427 0.42230552
t 143
c 384.68847 166.17357 293.72044 -0.05921237 0.05186778 0.42303113
t 143
c 384.73202 166.31783 293.85419 -0.05931394 0.05130857 0.42375674
t 143
c 384.77556 166.46208 293.98793 -0.0594155 0.05074935 0.42448235
t 143
