c 383.5168 0.0 345.98 0.0 0.0 0.0
t 119
c 383.5168 0.0 345.98 0.0 0.0 0.0
t 118
c 383.5168 0.0 345.98 0.0 0.0 0.0
t 117
c 383.5168 0.0 345.98 0.0 0.0 0.0
t 116
c 383.5168 0.0 345.98 0.0 0.0 0.0
t 115
c 383.5168 0.0 345.98 0.0 0.0 0.0
t 114
c 383.5168 0.0 345.98 0.0 0.0 0.0
t 113
c 383.5168 0.0 345.98 0.0 0.0 0.0
t 112
c 383.5168 0.0 345.98 0.0 0.0 0.0
t 110
c 383.5168 0.0 345.98 0.0 0.0 0.0
t 110
c 383.5168 0.0 345.98 0.0 0.0 0.0
t 109
c 383.5168 0.0 345.98 0.0 0.0 0.0
t 108
c 383.5168 0.0 345.98 0.0 0.0 0.0
t 107
c 383.5168 0.0 345.98 0.0 0.0 0.0
t 106
c 383.5168 0.0 345.98 0.0 0.0 0.0
t 105
c 383.5168 0.0 345.98 0.0 0.0 0.0
t 104
c 383.5168 0.0 345.98 0.0 0.0 0.0
t 103
c 383.5168 0.0 345.98 0.0 0.0 0.0
t 102
c 383.5168 0.0 345.98 0.0 0.0 0.0
t 101
c 383.5168 0.0 345.98 0.0 0.0 0.0
t 100
c 383.5168 0.0 345.98 0.0 0.0 0.0
t 99
c 383.5168 0.0 345.98 0.0 0.0 0.0
t 98
c 383.5168 0.0 345.98 0.0 0.0 0.0
t 97
c 383.5168 0.0 345.98 0.0 0.0 0.0
t 95
c 383.5168 0.0 345.98 0.0 0.0 0.0
t 94
c 383.5168 0.0 345.98 0.0 0.0 0.0
t 93
c 383.5168 0.0 345.98 0.0 0.0 0.0
t 94
c 383.5168 0.0 345.98 0.0 0.0 0.0
t 95
c 383.5168 0.0 345.98 0.0 0.0 0.0
t 96
c 383.5168 0.0 345.98 0.0 0.0 0.0
t 97
c 383.5168 0.0 345.98 0.0 0.0 0.0
t 98
c 383.5168 0.0 345.98 0.0 0.0 0.0
t 99
c 383.5168 0.0 345.98 0.0 0.0 0.0
t 100
c 383.5168 0.0 345.98 0.0 0.0 0.0
t 101
c 383.5168 0.0 345.98 0.0 0.0 0.0
t 102
c 383.5168 0.0 345.98 0.0 0.0 0.0
t 103
c 383.5168 0.0 345.98 0.0 0.0 0.0
t 104
c 383.5168 0.0 345.98 0.0 0.0 0.0
t 105
c 383.5168 0.0 345.98 0.0 0.0 0.0
t 106
c 383.5168 0.0 345.98 0.0 0.0 0.0
t 106
c 383.5168 0.0 345.98 0.0 0.0 0.0
t 107
