c 386.66419 0.0 345.98 0.0 0.0 0.0
t 100
c 386.46298 0.0 345.98 0.0 0.0 0.0
t 100
c 386.26177 0.0 345.98 0.0 0.0 0.0
t 100
c 386.06057 0.0 345.98 0.0 0.0 0.0
t 100
c 385.85936 0.0 345.98 0.0 0.0 0.0
t 100
c 385.65816 0.0 345.98 0.0 0.0 0.0
t 100
c 385.45695 0.0 345.98 0.0 0.0 0.0
t 100
c 385.25575 0.0 345.98 0.0 0.0 0.0
t 100
c 385.05454 0.0 345.98 0.0 0.0 0.0
t 99
c 384.85334 0.0 345.98 0.0 0.0 0.0
t 100
c 384.65213 0.0 345.98 0.0 0.0 0.0
t 100
c 384.45093 0.0 345.98 0.0 0.0 0.0
t 100
c 384.24972 0.0 345.98 0.0 0.0 0.0
t 100
c 384.04852 0.0 345.98 0.0 0.0 0.0
t 100
c 383.84731 0.0 345.98 0.0 0.0 0.0
t 99
c 383.64611 0.0 345.98 0.0 0.0 0.0
t 100
c 383.4449 0.0 345.98 0.0 0.0 0.0
t 100
c 383.24369 0.0 345.98 0.0 0.0 0.0
t 100
c 383.04249 0.0 345.98 0.0 0.0 0.0
t 100
c 382.84128 0.0 345.98 0.0 0.0 0.0
t 100
c 382.64008 0.0 345.98 0.0 0.0 0.0
t 100
c 382.43887 0.0 345.98 0.0 0.0 0.0
t 100
c 382.23767 0.0 345.98 0.0 0.0 0.0
t 100
c 382.03646 0.0 345.98 0.0 0.0 0.0
t 100
c 381.83526 0.0 345.98 0.0 0.0 0.0
t 100
c 381.63405 0.0 345.98 0.0 0.0 0.0
t 100
c 381.43285 0.0 345.98 0.0 0.0 0.0
t 100
c 381.23164 0.0 345.98 0.0 0.0 0.0
t 99
c 381.03044 0.0 345.98 0.0 0.0 0.0
t 100
c 380.82923 0.0 345.98 0.0 0.0 0.0
t 100
c 380.62803 0.0 345.98 0.0 0.0 0.0
t 100
c 380.42682 0.0 345.98 0.0 0.0 0.0
t 99
c 380.22561 0.0 345.98 0.0 0.0 0.0
t 100
c 380.02441 0.0 345.98 0.0 0.0 0.0
t 100
c 379.8232 0.0 345.98 0.0 0.0 0.0
t 100
c 379.622 0.0 345.98 0.0 0.0 0.0
t 100
c 379.42079 0.0 345.98 0.0 0.0 0.0
t 100
c 379.21959 0.0 345.98 0.0 0.0 0.0
t 100
c 379.01838 0.0 345.98 0.0 0.0 0.0
t 100
c 378.81718 0.0 345.98 0.0 0.0 0.0
t 100
c 378.61597 0.0 345.98 0.0 0.0 0.0
t 100
c 378.41477 0.0 345.98 0.0 0.0 0.0
t 100
c 378.21356 0.0 345.98 0.0 0.0 0.0
t 100
c 378.01236 0.0 345.98 0.0 0.0 0.0
t 100
c 377.81115 0.0 345.98 0.0 0.0 0.0
t 100
c 377.60995 0.0 345.98 0.0 0.0 0.0
t 100
c 377.40874 0.0 345.98 0.0 0.0 0.0
t 99
c 377.20754 0.0 345.98 0.0 0.0 0.0
t 100
c 377.00633 0.0 345.98 0.0 0.0 0.0
t 100
c 376.80512 0.0 345.98 0.0 0.0 0.0
t 100
c 376.60392 0.0 345.98 0.0 0.0 0.0
t 100
c 376.40271 0.0 345.98 0.0 0.0 0.0
t 100
c 376.20151 0.0 345.98 0.0 0.0 0.0
t 100
c 376.0003 0.0 345.98 0.0 0.0 0.0
t 100
c 375.7991 0.0 345.98 0.0 0.0 0.0
t 100
c 375.59789 0.0 345.98 0.0 0.0 0.0
t 99
c 375.39669 0.0 345.98 0.0 0.0 0.0
t 100
c 375.19548 0.0 345.98 0.0 0.0 0.0
t 100
c 374.99428 0.0 345.98 0.0 0.0 0.0
t 100
c 374.79307 0.0 345.98 0.0 0.0 0.0
t 100
c 374.59187 0.0 345.98 0.0 0.0 0.0
t 100
c 374.39066 0.0 345.98 0.0 0.0 0.0
t 100
c 374.18946 0.0 345.98 0.0 0.0 0.0
t 100
c 373.98825 0.0 345.98 0.0 0.0 0.0
t 100
c 373.78704 0.0 345.98 0.0 0.0 0.0
t 100
c 373.58584 0.0 345.98 0.0 0.0 0.0
t 100
c 373.38463 0.0 345.98 0.0 0.0 0.0
t 100
c 373.18343 0.0 345.98 0.0 0.0 0.0
t 100
c 372.98222 0.0 345.98 0.0 0.0 0.0
t 100
c 372.78102 0.0 345.98 0.0 0.0 0.0
t 100
c 372.57981 0.0 345.98 0.0 0.0 0.0
t 100
c 372.37861 0.0 345.98 0.0 0.0 0.0
t 100
c 372.1774 0.0 345.98 0.0 0.0 0.0
t 100
c 371.9762 0.0 345.98 0.0 0.0 0.0
t 100
c 371.77499 0.0 345.98 0.0 0.0 0.0
t 100
c 371.57379 0.0 345.98 0.0 0.0 0.0
t 100
c 371.37258 0.0 345.98 0.0 0.0 0.0
t 100
c 371.17138 0.0 345.98 0.0 0.0 0.0
t 100
c 370.97017 0.0 345.98 0.0 0.0 0.0
t 100
c 370.76897 0.0 345.98 0.0 0.0 0.0
t 100
c 370.56776 0.0 345.98 0.0 0.0 0.0
t 100
c 370.36655 0.0 345.98 0.0 0.0 0.0
t 99
c 370.16535 0.0 345.98 0.0 0.0 0.0
t 100
c 369.96414 0.0 345.98 0.0 0.0 0.0
t 100
c 369.76294 0.0 345.98 0.0 0.0 0.0
t 100
c 369.56173 0.0 345.98 0.0 0.0 0.0
t 100
c 369.36053 0.0 345.98 0.0 0.0 0.0
t 99
c 369.15932 0.0 345.98 0.0 0.0 0.0
t 100
c 368.95812 0.0 345.98 0.0 0.0 0.0
t 100
c 368.75691 0.0 345.98 0.0 0.0 0.0
t 100
c 368.55571 0.0 345.98 0.0 0.0 0.0
t 100
c 368.3545 0.0 345.98 0.0 0.0 0.0
t 100
c 368.1533 0.0 345.98 0.0 0.0 0.0
t 100
c 367.95209 0.0 345.98 0.0 0.0 0.0
t 100
c 367.75089 0.0 345.98 0.0 0.0 0.0
t 100
c 367.54968 0.0 345.98 0.0 0.0 0.0
t 100
c 367.34847 0.0 345.98 0.0 0.0 0.0
t 100
c 367.14727 0.0 345.98 0.0 0.0 0.0
t 100
c 366.94606 0.0 345.98 0.0 0.0 0.0
t 100
c 366.74486 0.0 345.98 0.0 0.0 0.0
t 100
c 366.54365 0.0 345.98 0.0 0.0 0.0
t 100
c 366.34245 0.0 345.98 0.0 0.0 0.0
t 100
c 366.14124 0.0 345.98 0.0 0.0 0.0
t 100
c 365.94004 0.0 345.98 0.0 0.0 0.0
t 100
c 365.73883 0.0 345.98 0.0 0.0 0.0
t 100
c 365.53763 0.0 345.98 0.0 0.0 0.0
t 100
c 365.33642 0.0 345.98 0.0 0.0 0.0
t 100
c 365.13522 0.0 345.98 0.0 0.0 0.0
t 100
c 364.93401 0.0 345.98 0.0 0.0 0.0
t 100
c 364.73281 0.0 345.98 0.0 0.0 0.0
t 100
c 364.5316 0.0 345.98 0.0 0.0 0.0
t 100
c 364.3304 0.0 345.98 0.0 0.0 0.0
t 100
c 364.12919 0.0 345.98 0.0 0.0 0.0
t 100
c 363.92798 0.0 345.98 0.0 0.0 0.0
t 100
c 363.72678 0.0 345.98 0.0 0.0 0.0
t 99
c 363.52557 0.0 345.98 0.0 0.0 0.0
t 100
c 363.32437 0.0 345.98 0.0 0.0 0.0
t 100
c 363.12316 0.0 345.98 0.0 0.0 0.0
t 100
c 362.92196 0.0 345.98 0.0 0.0 0.0
t 100
c 362.72075 0.0 345.98 0.0 0.0 0.0
t 100
c 362.51955 0.0 345.98 0.0 0.0 0.0
t 100
c 362.31834 0.0 345.98 0.0 0.0 0.0
t 100
c 362.11714 0.0 345.98 0.0 0.0 0.0
t 99
c 361.91593 0.0 345.98 0.0 0.0 0.0
t 100
c 361.71473 0.0 345.98 0.0 0.0 0.0
t 100
c 361.51352 0.0 345.98 0.0 0.0 0.0
t 100
c 361.31232 0.0 345.98 0.0 0.0 0.0
t 100
c 361.11111 0.0 345.98 0.0 0.0 0.0
t 100
c 360.9099 0.0 345.98 0.0 0.0 0.0
t 100
c 360.7087 0.0 345.98 0.0 0.0 0.0
t 100
c 360.50749 0.0 345.98 0.0 0.0 0.0
t 100
c 360.30629 0.0 345.98 0.0 0.0 0.0
t 100
c 360.10508 0.0 345.98 0.0 0.0 0.0
t 100
c 359.90388 0.0 345.98 0.0 0.0 0.0
t 100
c 359.70267 0.0 345.98 0.0 0.0 0.0
t 100
c 359.50147 0.0 345.98 0.0 0.0 0.0
t 99
c 359.30026 0.0 345.98 0.0 0.0 0.0
t 100
c 359.09906 0.0 345.98 0.0 0.0 0.0
t 100
c 358.89785 0.0 345.98 0.0 0.0 0.0
t 100
c 358.69665 0.0 345.98 0.0 0.0 0.0
t 100
c 358.49544 0.0 345.98 0.0 0.0 0.0
t 100
c 358.29424 0.0 345.98 0.0 0.0 0.0
t 100
c 358.09303 0.0 345.98 0.0 0.0 0.0
t 100
c 357.89183 0.0 345.98 0.0 0.0 0.0
t 100
c 357.69062 0.0 345.98 0.0 0.0 0.0
t 100
c 357.48941 0.0 345.98 0.0 0.0 0.0
t 100
c 357.28821 0.0 345.98 0.0 0.0 0.0
t 100
c 357.087 0.0 345.98 0.0 0.0 0.0
t 100
c 356.8858 0.0 345.98 0.0 0.0 0.0
t 100
c 356.68459 0.0 345.98 0.0 0.0 0.0
t 100
c 356.48339 0.0 345.98 0.0 0.0 0.0
t 100
c 356.28218 0.0 345.98 0.0 0.0 0.0
t 100
c 356.08098 0.0 345.98 0.0 0.0 0.0
t 100
c 355.87977 0.0 345.98 0.0 0.0 0.0
t 100
c 355.67857 0.0 345.98 0.0 0.0 0.0
t 100
c 355.47736 0.0 345.98 0.0 0.0 0.0
t 100
c 355.27616 0.0 345.98 0.0 0.0 0.0
t 100
c 355.07495 0.0 345.98 0.0 0.0 0.0
t 100
c 354.87375 0.0 345.98 0.0 0.0 0.0
t 100
c 354.67254 0.0 345.98 0.0 0.0 0.0
t 100
c 354.47133 0.0 345.98 0.0 0.0 0.0
t 100
c 354.27013 0.0 345.98 0.0 0.0 0.0
t 100
c 354.06892 0.0 345.98 0.0 0.0 0.0
t 99
c 353.86772 0.0 345.98 0.0 0.0 0.0
t 100
c 353.66651 0.0 345.98 0.0 0.0 0.0
t 100
c 353.46531 0.0 345.98 0.0 0.0 0.0
t 100
c 353.2641 0.0 345.98 0.0 0.0 0.0
t 100
c 353.0629 0.0 345.98 0.0 0.0 0.0
t 100
c 352.86169 0.0 345.98 0.0 0.0 0.0
t 100
c 352.66049 0.0 345.98 0.0 0.0 0.0
t 100
c 352.45928 0.0 345.98 0.0 0.0 0.0
t 100
c 352.25808 0.0 345.98 0.0 0.0 0.0
t 100
c 352.05687 0.0 345.98 0.0 0.0 0.0
t 100
c 351.85567 0.0 345.98 0.0 0.0 0.0
t 100
c 351.65446 0.0 345.98 0.0 0.0 0.0
t 100
c 351.45326 0.0 345.98 0.0 0.0 0.0
t 100
c 351.25205 0.0 345.98 0.0 0.0 0.0
t 100
c 351.05084 0.0 345.98 0.0 0.0 0.0
t 100
c 350.84964 0.0 345.98 0.0 0.0 0.0
t 100
c 350.64843 0.0 345.98 0.0 0.0 0.0
t 99
c 350.44723 0.0 345.98 0.0 0.0 0.0
t 100
c 350.24602 0.0 345.98 0.0 0.0 0.0
t 100
c 350.04482 0.0 345.98 0.0 0.0 0.0
t 100
c 349.84361 0.0 345.98 0.0 0.0 0.0
t 100
c 349.64241 0.0 345.98 0.0 0.0 0.0
t 100
c 349.4412 0.0 345.98 0.0 0.0 0.0
t 100
c 349.24 0.0 345.98 0.0 0.0 0.0
t 100
c 349.03879 0.0 345.98 0.0 0.0 0.0
t 100
c 348.83759 0.0 345.98 0.0 0.0 0.0
t 100
c 348.63638 0.0 345.98 0.0 0.0 0.0
t 99
c 348.43518 0.0 345.98 0.0 0.0 0.0
t 100
c 348.23397 0.0 345.98 0.0 0.0 0.0
t 100
c 348.03276 0.0 345.98 0.0 0.0 0.0
t 100
c 347.83156 0.0 345.98 0.0 0.0 0.0
t 100
c 347.63035 0.0 345.98 0.0 0.0 0.0
t 100
c 347.42915 0.0 345.98 0.0 0.0 0.0
t 100
c 347.22794 0.0 345.98 0.0 0.0 0.0
t 100
c 347.02674 0.0 345.98 0.0 0.0 0.0
t 100
c 346.82553 0.0 345.98 0.0 0.0 0.0
t 100
c 346.62433 0.0 345.98 0.0 0.0 0.0
t 100
c 346.42312 0.0 345.98 0.0 0.0 0.0
t 100
c 346.22192 0.0 345.98 0.0 0.0 0.0
t 99
c 346.02071 0.0 345.98 0.0 0.0 0.0
t 100
c 345.81951 0.0 345.98 0.0 0.0 0.0
t 100
c 345.6183 0.0 345.98 0.0 0.0 0.0
t 100
c 345.4171 0.0 345.98 0.0 0.0 0.0
t 100
c 345.21589 0.0 345.98 0.0 0.0 0.0
t 100
c 345.01469 0.0 345.98 0.0 0.0 0.0
t 100
c 344.81348 0.0 345.98 0.0 0.0 0.0
t 100
c 344.61227 0.0 345.98 0.0 0.0 0.0
t 100
c 344.41107 0.0 345.98 0.0 0.0 0.0
t 100
c 344.20986 0.0 345.98 0.0 0.0 0.0
t 100
c 344.00866 0.0 345.98 0.0 0.0 0.0
t 100
c 343.80745 0.0 345.98 0.0 0.0 0.0
t 100
c 343.60625 0.0 345.98 0.0 0.0 0.0
t 100
c 343.40504 0.0 345.98 0.0 0.0 0.0
t 100
c 343.20384 0.0 345.98 0.0 0.0 0.0
t 100
c 343.00263 0.0 345.98 0.0 0.0 0.0
t 100
c 342.80143 0.0 345.98 0.0 0.0 0.0
t 100
c 342.60022 0.0 345.98 0.0 0.0 0.0
t 100
c 342.39902 0.0 345.98 0.0 0.0 0.0
t 100
c 342.19781 0.0 345.98 0.0 0.0 0.0
t 100
c 341.99661 0.0 345.98 0.0 0.0 0.0
t 100
c 341.7954 0.0 345.98 0.0 0.0 0.0
t 100
c 341.59419 0.0 345.98 0.0 0.0 0.0
t 100
c 341.39299 0.0 345.98 0.0 0.0 0.0
t 100
c 341.19178 0.0 345.98 0.0 0.0 0.0
t 100
c 340.99058 0.0 345.98 0.0 0.0 0.0
t 100
c 340.78937 0.0 345.98 0.0 0.0 0.0
t 100
c 340.58817 0.0 345.98 0.0 0.0 0.0
t 99
c 340.38696 0.0 345.98 0.0 0.0 0.0
t 100
c 340.18576 0.0 345.98 0.0 0.0 0.0
t 100
c 339.98455 0.0 345.98 0.0 0.0 0.0
t 100
c 339.78335 0.0 345.98 0.0 0.0 0.0
t 100
c 339.58214 0.0 345.98 0.0 0.0 0.0
t 100
c 339.38094 0.0 345.98 0.0 0.0 0.0
t 100
c 339.17973 0.0 345.98 0.0 0.0 0.0
t 100
c 338.97853 0.0 345.98 0.0 0.0 0.0
t 100
c 338.77732 0.0 345.98 0.0 0.0 0.0
t 100
c 338.57612 0.0 345.98 0.0 0.0 0.0
t 100
c 338.37491 0.0 345.98 0.0 0.0 0.0
t 100
c 338.1737 0.0 345.98 0.0 0.0 0.0
t 99
c 337.9725 0.0 345.98 0.0 0.0 0.0
t 100
c 337.77129 0.0 345.98 0.0 0.0 0.0
t 100
c 337.57009 0.0 345.98 0.0 0.0 0.0
t 100
c 337.36888 0.0 345.98 0.0 0.0 0.0
t 100
c 337.16768 0.0 345.98 0.0 0.0 0.0
t 100
c 336.96647 0.0 345.98 0.0 0.0 0.0
t 100
c 336.76527 0.0 345.98 0.0 0.0 0.0
t 100
c 336.56406 0.0 345.98 0.0 0.0 0.0
t 100
c 336.36286 0.0 345.98 0.0 0.0 0.0
t 100
c 336.16165 0.0 345.98 0.0 0.0 0.0
t 100
c 335.96045 0.0 345.98 0.0 0.0 0.0
t 100
c 335.75924 0.0 345.98 0.0 0.0 0.0
t 100
c 335.55804 0.0 345.98 0.0 0.0 0.0
t 100
c 335.35683 0.0 345.98 0.0 0.0 0.0
t 100
c 335.15562 0.0 345.98 0.0 0.0 0.0
t 100
c 334.95442 0.0 345.98 0.0 0.0 0.0
t 100
c 334.75321 0.0 345.98 0.0 0.0 0.0
t 100
c 334.55201 0.0 345.98 0.0 0.0 0.0
t 100
c 334.3508 0.0 345.98 0.0 0.0 0.0
t 100
c 334.1496 0.0 345.98 0.0 0.0 0.0
t 100
c 333.94839 0.0 345.98 0.0 0.0 0.0
t 100
c 333.74719 0.0 345.98 0.0 0.0 0.0
t 100
c 333.54598 0.0 345.98 0.0 0.0 0.0
t 100
c 333.34478 0.0 345.98 0.0 0.0 0.0
t 100
c 333.14357 0.0 345.98 0.0 0.0 0.0
t 100
c 332.94237 0.0 345.98 0.0 0.0 0.0
t 100
c 332.74116 0.0 345.98 0.0 0.0 0.0
t 100
c 332.53996 0.0 345.98 0.0 0.0 0.0
t 100
c 332.33875 0.0 345.98 0.0 0.0 0.0
t 100
c 332.13755 0.0 345.98 0.0 0.0 0.0
t 100
c 331.93634 0.0 345.98 0.0 0.0 0.0
t 100
c 331.73513 0.0 345.98 0.0 0.0 0.0
t 100
c 331.53393 0.0 345.98 0.0 0.0 0.0
t 100
c 331.33272 0.0 345.98 0.0 0.0 0.0
t 100
c 331.13152 0.0 345.98 0.0 0.0 0.0
t 100
c 330.93031 0.0 345.98 0.0 0.0 0.0
t 100
c 330.72911 0.0 345.98 0.0 0.0 0.0
t 100
c 330.5279 0.0 345.98 0.0 0.0 0.0
t 100
c 330.3267 0.0 345.98 0.0 0.0 0.0
t 100
c 330.12549 0.0 345.98 0.0 0.0 0.0
t 100
c 329.92429 0.0 345.98 0.0 0.0 0.0
t 100
c 329.72308 0.0 345.98 0.0 0.0 0.0
t 100
c 329.52188 0.0 345.98 0.0 0.0 0.0
t 100
c 329.32067 0.0 345.98 0.0 0.0 0.0
t 100
c 329.11947 0.0 345.98 0.0 0.0 0.0
t 100
c 328.91826 0.0 345.98 0.0 0.0 0.0
t 100
c 328.71705 0.0 345.98 0.0 0.0 0.0
t 100
c 328.51585 0.0 345.98 0.0 0.0 0.0
t 100
c 328.31464 0.0 345.98 0.0 0.0 0.0
t 100
c 328.11344 0.0 345.98 0.0 0.0 0.0
t 100
c 327.91223 0.0 345.98 0.0 0.0 0.0
t 100
c 327.71103 0.0 345.98 0.0 0.0 0.0
t 100
c 327.50982 0.0 345.98 0.0 0.0 0.0
t 100
c 327.30862 0.0 345.98 0.0 0.0 0.0
t 100
c 327.10741 0.0 345.98 0.0 0.0 0.0
t 100
c 326.90621 0.0 345.98 0.0 0.0 0.0
t 100
c 326.705 0.0 345.98 0.0 0.0 0.0
t 100
c 326.5038 0.0 345.98 0.0 0.0 0.0
t 100
c 326.30259 0.0 345.98 0.0 0.0 0.0
t 100
c 326.10139 0.0 345.98 0.0 0.0 0.0
t 100
c 325.90018 0.0 345.98 0.0 0.0 0.0
t 100
c 325.69898 0.0 345.98 0.0 0.0 0.0
t 100
c 325.49777 0.0 345.98 0.0 0.0 0.0
t 100
c 325.29656 0.0 345.98 0.0 0.0 0.0
t 100
c 325.09536 0.0 345.98 0.0 0.0 0.0
t 100
c 324.89415 0.0 345.98 0.0 0.0 0.0
t 100
c 324.69295 0.0 345.98 0.0 0.0 0.0
t 100
c 324.49174 0.0 345.98 0.0 0.0 0.0
t 100
c 324.29054 0.0 345.98 0.0 0.0 0.0
t 100
c 324.08933 0.0 345.98 0.0 0.0 0.0
t 100
c 323.88813 0.0 345.98 0.0 0.0 0.0
t 100
c 323.68692 0.0 345.98 0.0 0.0 0.0
t 100
c 323.48572 0.0 345.98 0.0 0.0 0.0
t 100
c 323.28451 0.0 345.98 0.0 0.0 0.0
t 100
c 323.08331 0.0 345.98 0.0 0.0 0.0
t 100
c 322.8821 0.0 345.98 0.0 0.0 0.0
t 100
c 322.6809 0.0 345.98 0.0 0.0 0.0
t 100
c 322.47969 0.0 345.98 0.0 0.0 0.0
t 100
c 322.27848 0.0 345.98 0.0 0.0 0.0
t 100
c 322.07728 0.0 345.98 0.0 0.0 0.0
t 100
c 321.87607 0.0 345.98 0.0 0.0 0.0
t 100
c 321.67487 0.0 345.98 0.0 0.0 0.0
t 100
c 321.47366 0.0 345.98 0.0 0.0 0.0
t 100
c 321.27246 0.0 345.98 0.0 0.0 0.0
t 100
c 321.07125 0.0 345.98 0.0 0.0 0.0
t 100
c 320.87005 0.0 345.98 0.0 0.0 0.0
t 100
c 320.66884 0.0 345.98 0.0 0.0 0.0
t 100
c 320.46764 0.0 345.98 0.0 0.0 0.0
t 100
c 320.26643 0.0 345.98 0.0 0.0 0.0
t 100
c 320.06523 0.0 345.98 0.0 0.0 0.0
t 100
c 319.86402 0.0 345.98 0.0 0.0 0.0
t 100
c 319.66282 0.0 345.98 0.0 0.0 0.0
t 100
c 319.46161 0.0 345.98 0.0 0.0 0.0
t 100
c 319.26041 0.0 345.98 0.0 0.0 0.0
t 100
c 319.0592 0.0 345.98 0.0 0.0 0.0
t 100
c 318.85799 0.0 345.98 0.0 0.0 0.0
t 100
c 318.65679 0.0 345.98 0.0 0.0 0.0
t 100
c 318.45558 0.0 345.98 0.0 0.0 0.0
t 100
c 318.25438 0.0 345.98 0.0 0.0 0.0
t 100
c 318.05317 0.0 345.98 0.0 0.0 0.0
t 100
c 317.85197 0.0 345.98 0.0 0.0 0.0
t 100
c 317.65076 0.0 345.98 0.0 0.0 0.0
t 100
c 317.44956 0.0 345.98 0.0 0.0 0.0
t 100
c 317.24835 0.0 345.98 0.0 0.0 0.0
t 100
c 317.04715 0.0 345.98 0.0 0.0 0.0
t 100
c 316.84594 0.0 345.98 0.0 0.0 0.0
t 100
c 316.64474 0.0 345.98 0.0 0.0 0.0
t 100
c 316.44353 0.0 345.98 0.0 0.0 0.0
t 100
c 316.24233 0.0 345.98 0.0 0.0 0.0
t 100
c 316.04112 0.0 345.98 0.0 0.0 0.0
t 100
c 315.83991 0.0 345.98 0.0 0.0 0.0
t 100
c 315.63871 0.0 345.98 0.0 0.0 0.0
t 100
c 315.4375 0.0 345.98 0.0 0.0 0.0
t 100
c 315.2363 0.0 345.98 0.0 0.0 0.0
t 100
c 315.03509 0.0 345.98 0.0 0.0 0.0
t 100
c 314.83389 0.0 345.98 0.0 0.0 0.0
t 100
c 314.63268 0.0 345.98 0.0 0.0 0.0
t 100
c 314.43148 0.0 345.98 0.0 0.0 0.0
t 100
c 314.23027 0.0 345.98 0.0 0.0 0.0
t 100
c 314.02907 0.0 345.98 0.0 0.0 0.0
t 100
c 313.82786 0.0 345.98 0.0 0.0 0.0
t 100
c 313.62666 0.0 345.98 0.0 0.0 0.0
t 100
c 313.42545 0.0 345.98 0.0 0.0 0.0
t 100
c 313.22425 0.0 345.98 0.0 0.0 0.0
t 100
c 313.02304 0.0 345.98 0.0 0.0 0.0
t 100
c 312.82184 0.0 345.98 0.0 0.0 0.0
t 100
c 312.62063 0.0 345.98 0.0 0.0 0.0
t 100
c 312.41942 0.0 345.98 0.0 0.0 0.0
t 100
c 312.21822 0.0 345.98 0.0 0.0 0.0
t 100
c 312.01701 0.0 345.98 0.0 0.0 0.0
t 100
c 311.81581 0.0 345.98 0.0 0.0 0.0
t 100
c 311.6146 0.0 345.98 0.0 0.0 0.0
t 100
c 311.4134 0.0 345.98 0.0 0.0 0.0
t 100
c 311.21219 0.0 345.98 0.0 0.0 0.0
t 100
c 311.01099 0.0 345.98 0.0 0.0 0.0
t 100
c 310.80978 0.0 345.98 0.0 0.0 0.0
t 100
c 310.60858 0.0 345.98 0.0 0.0 0.0
t 100
c 310.40737 0.0 345.98 0.0 0.0 0.0
t 100
c 310.20617 0.0 345.98 0.0 0.0 0.0
t 100
c 310.00496 0.0 345.98 0.0 0.0 0.0
t 100
c 309.80376 0.0 345.98 0.0 0.0 0.0
t 100
c 309.60255 0.0 345.98 0.0 0.0 0.0
t 100
c 309.40134 0.0 345.98 0.0 0.0 0.0
t 100
c 309.20014 0.0 345.98 0.0 0.0 0.0
t 100
c 308.99893 0.0 345.98 0.0 0.0 0.0
t 100
c 308.79773 0.0 345.98 0.0 0.0 0.0
t 100
c 308.59652 0.0 345.98 0.0 0.0 0.0
t 100
c 308.39532 0.0 345.98 0.0 0.0 0.0
t 100
c 308.19411 0.0 345.98 0.0 0.0 0.0
t 100
c 307.99291 0.0 345.98 0.0 0.0 0.0
t 100
c 307.7917 0.0 345.98 0.0 0.0 0.0
t 100
c 307.5905 0.0 345.98 0.0 0.0 0.0
t 100
c 307.38929 0.0 345.98 0.0 0.0 0.0
t 100
c 307.18809 0.0 345.98 0.0 0.0 0.0
t 100
c 306.98688 0.0 345.98 0.0 0.0 0.0
t 100
c 306.78568 0.0 345.98 0.0 0.0 0.0
t 100
c 306.58447 0.0 345.98 0.0 0.0 0.0
t 100
c 306.38326 0.0 345.98 0.0 0.0 0.0
t 100
c 306.18206 0.0 345.98 0.0 0.0 0.0
t 100
c 305.98085 0.0 345.98 0.0 0.0 0.0
t 100
c 305.77965 0.0 345.98 0.0 0.0 0.0
t 100
c 305.57844 0.0 345.98 0.0 0.0 0.0
t 100
c 305.37724 0.0 345.98 0.0 0.0 0.0
t 100
c 305.17603 0.0 345.98 0.0 0.0 0.0
t 100
c 304.97483 0.0 345.98 0.0 0.0 0.0
t 100
c 304.77362 0.0 345.98 0.0 0.0 0.0
t 100
c 304.57242 0.0 345.98 0.0 0.0 0.0
t 100
c 304.37121 0.0 345.98 0.0 0.0 0.0
t 100
c 304.17001 0.0 345.98 0.0 0.0 0.0
t 100
c 303.9688 0.0 345.98 0.0 0.0 0.0
t 100
c 303.7676 0.0 345.98 0.0 0.0 0.0
t 100
c 303.56639 0.0 345.98 0.0 0.0 0.0
t 100
c 303.36519 0.0 345.98 0.0 0.0 0.0
t 100
c 303.16398 0.0 345.98 0.0 0.0 0.0
t 100
c 302.96277 0.0 345.98 0.0 0.0 0.0
t 100
c 302.76157 0.0 345.98 0.0 0.0 0.0
t 100
c 302.56036 0.0 345.98 0.0 0.0 0.0
t 100
c 302.35916 0.0 345.98 0.0 0.0 0.0
t 100
c 302.15795 0.0 345.98 0.0 0.0 0.0
t 100
c 301.95675 0.0 345.98 0.0 0.0 0.0
t 100
c 301.75554 0.0 345.98 0.0 0.0 0.0
t 100
c 301.55434 0.0 345.98 0.0 0.0 0.0
t 100
c 301.35313 0.0 345.98 0.0 0.0 0.0
t 100
c 301.15193 0.0 345.98 0.0 0.0 0.0
t 100
c 300.95072 0.0 345.98 0.0 0.0 0.0
t 100
c 300.74952 0.0 345.98 0.0 0.0 0.0
t 100
c 300.54831 0.0 345.98 0.0 0.0 0.0
t 100
c 300.34711 0.0 345.98 0.0 0.0 0.0
t 100
c 300.1459 0.0 345.98 0.0 0.0 0.0
t 100
c 299.94469 0.0 345.98 0.0 0.0 0.0
t 100
c 299.74349 0.0 345.98 0.0 0.0 0.0
t 100
c 299.54228 0.0 345.98 0.0 0.0 0.0
t 100
c 299.34108 0.0 345.98 0.0 0.0 0.0
t 100
c 299.13987 0.0 345.98 0.0 0.0 0.0
t 100
c 298.93867 0.0 345.98 0.0 0.0 0.0
t 100
c 298.73746 0.0 345.98 0.0 0.0 0.0
t 100
c 298.53626 0.0 345.98 0.0 0.0 0.0
t 100
c 298.33505 0.0 345.98 0.0 0.0 0.0
t 100
c 298.13385 0.0 345.98 0.0 0.0 0.0
t 100
c 297.93264 0.0 345.98 0.0 0.0 0.0
t 100
c 297.73144 0.0 345.98 0.0 0.0 0.0
t 100
c 297.53023 0.0 345.98 0.0 0.0 0.0
t 100
c 297.32903 0.0 345.98 0.0 0.0 0.0
t 100
c 297.12782 0.0 345.98 0.0 0.0 0.0
t 100
c 296.92662 0.0 345.98 0.0 0.0 0.0
t 100
c 296.72541 0.0 345.98 0.0 0.0 0.0
t 100
c 296.5242 0.0 345.98 0.0 0.0 0.0
t 100
c 296.323 0.0 345.98 0.0 0.0 0.0
t 100
c 296.12179 0.0 345.98 0.0 0.0 0.0
t 100
c 295.92059 0.0 345.98 0.0 0.0 0.0
t 100
c 295.71938 0.0 345.98 0.0 0.0 0.0
t 100
c 295.51818 0.0 345.98 0.0 0.0 0.0
t 100
c 295.31697 0.0 345.98 0.0 0.0 0.0
t 100
c 295.11577 0.0 345.98 0.0 0.0 0.0
t 100
c 294.91456 0.0 345.98 0.0 0.0 0.0
t 100
c 294.71336 0.0 345.98 0.0 0.0 0.0
t 100
c 294.51215 0.0 345.98 0.0 0.0 0.0
t 100
c 294.31095 0.0 345.98 0.0 0.0 0.0
t 100
c 294.10974 0.0 345.98 0.0 0.0 0.0
t 100
c 293.90854 0.0 345.98 0.0 0.0 0.0
t 100
c 293.70733 0.0 345.98 0.0 0.0 0.0
t 100
c 293.50612 0.0 345.98 0.0 0.0 0.0
t 100
c 293.30492 0.0 345.98 0.0 0.0 0.0
t 100
c 293.10371 0.0 345.98 0.0 0.0 0.0
t 100
c 292.90251 0.0 345.98 0.0 0.0 0.0
t 100
c 292.7013 0.0 345.98 0.0 0.0 0.0
t 100
c 292.5001 0.0 345.98 0.0 0.0 0.0
t 100
c 292.29889 0.0 345.98 0.0 0.0 0.0
t 100
c 292.09769 0.0 345.98 0.0 0.0 0.0
t 100
c 291.89648 0.0 345.98 0.0 0.0 0.0
t 100
c 291.69528 0.0 345.98 0.0 0.0 0.0
t 100
c 291.49407 0.0 345.98 0.0 0.0 0.0
t 100
c 291.29287 0.0 345.98 0.0 0.0 0.0
t 100
c 291.09166 0.0 345.98 0.0 0.0 0.0
t 100
c 290.89046 0.0 345.98 0.0 0.0 0.0
t 100
c 290.68925 0.0 345.98 0.0 0.0 0.0
t 100
c 290.48805 0.0 345.98 0.0 0.0 0.0
t 100
c 290.28684 0.0 345.98 0.0 0.0 0.0
t 100
c 290.08563 0.0 345.98 0.0 0.0 0.0
t 100
c 289.88443 0.0 345.98 0.0 0.0 0.0
t 100
c 289.68322 0.0 345.98 0.0 0.0 0.0
t 100
c 289.48202 0.0 345.98 0.0 0.0 0.0
t 100
c 289.28081 0.0 345.98 0.0 0.0 0.0
t 100
c 289.07961 0.0 345.98 0.0 0.0 0.0
t 100
c 288.8784 0.0 345.98 0.0 0.0 0.0
t 100
c 288.6772 0.0 345.98 0.0 0.0 0.0
t 100
c 288.47599 0.0 345.98 0.0 0.0 0.0
t 100
c 288.27479 0.0 345.98 0.0 0.0 0.0
t 100
c 288.07358 0.0 345.98 0.0 0.0 0.0
t 100
c 287.87238 0.0 345.98 0.0 0.0 0.0
t 100
c 287.67117 0.0 345.98 0.0 0.0 0.0
t 100
c 287.46997 0.0 345.98 0.0 0.0 0.0
t 100
c 287.26876 0.0 345.98 0.0 0.0 0.0
t 100
c 287.06755 0.0 345.98 0.0 0.0 0.0
t 100
c 286.86635 0.0 345.98 0.0 0.0 0.0
t 100
c 286.66514 0.0 345.98 0.0 0.0 0.0
t 100
c 286.46394 0.0 345.98 0.0 0.0 0.0
t 100
c 286.26273 0.0 345.98 0.0 0.0 0.0
t 100
c 286.06153 0.0 345.98 0.0 0.0 0.0
t 100
c 285.86032 0.0 345.98 0.0 0.0 0.0
t 100
c 285.65912 0.0 345.98 0.0 0.0 0.0
t 100
c 285.45791 0.0 345.98 0.0 0.0 0.0
t 100
c 285.25671 0.0 345.98 0.0 0.0 0.0
t 100
c 285.0555 0.0 345.98 0.0 0.0 0.0
t 100
c 284.8543 0.0 345.98 0.0 0.0 0.0
t 100
c 284.65309 0.0 345.98 0.0 0.0 0.0
t 100
c 284.45189 0.0 345.98 0.0 0.0 0.0
t 100
c 284.25068 0.0 345.98 0.0 0.0 0.0
t 100
c 284.04948 0.0 345.98 0.0 0.0 0.0
t 100
c 283.84827 0.0 345.98 0.0 0.0 0.0
t 100
c 283.64706 0.0 345.98 0.0 0.0 0.0
t 100
c 283.44586 0.0 345.98 0.0 0.0 0.0
t 100
c 283.24465 0.0 345.98 0.0 0.0 0.0
t 100
c 283.04345 0.0 345.98 0.0 0.0 0.0
t 100
c 282.84224 0.0 345.98 0.0 0.0 0.0
t 100
c 282.64104 0.0 345.98 0.0 0.0 0.0
t 100
c 282.43983 0.0 345.98 0.0 0.0 0.0
t 100
c 282.23863 0.0 345.98 0.0 0.0 0.0
t 100
c 282.03742 0.0 345.98 0.0 0.0 0.0
t 100
c 281.83622 0.0 345.98 0.0 0.0 0.0
t 100
c 281.63501 0.0 345.98 0.0 0.0 0.0
t 100
c 281.43381 0.0 345.98 0.0 0.0 0.0
t 100
c 281.2326 0.0 345.98 0.0 0.0 0.0
t 100
c 281.0314 0.0 345.98 0.0 0.0 0.0
t 100
c 280.83019 0.0 345.98 0.0 0.0 0.0
t 100
c 280.62898 0.0 345.98 0.0 0.0 0.0
t 100
c 280.42778 0.0 345.98 0.0 0.0 0.0
t 100
c 280.22657 0.0 345.98 0.0 0.0 0.0
t 100
c 280.02537 0.0 345.98 0.0 0.0 0.0
t 100
c 279.82416 0.0 345.98 0.0 0.0 0.0
t 100
c 279.62296 0.0 345.98 0.0 0.0 0.0
t 100
c 279.42175 0.0 345.98 0.0 0.0 0.0
t 100
c 279.22055 0.0 345.98 0.0 0.0 0.0
t 100
c 279.01934 0.0 345.98 0.0 0.0 0.0
t 100
c 278.81814 0.0 345.98 0.0 0.0 0.0
t 100
c 278.61693 0.0 345.98 0.0 0.0 0.0
t 100
c 278.41573 0.0 345.98 0.0 0.0 0.0
t 100
c 278.21452 0.0 345.98 0.0 0.0 0.0
t 100
c 278.01332 0.0 345.98 0.0 0.0 0.0
t 100
c 277.81211 0.0 345.98 0.0 0.0 0.0
t 100
c 277.61091 0.0 345.98 0.0 0.0 0.0
t 100
c 277.4097 0.0 345.98 0.0 0.0 0.0
t 100
c 277.20849 0.0 345.98 0.0 0.0 0.0
t 100
c 277.00729 0.0 345.98 0.0 0.0 0.0
t 100
c 276.80608 0.0 345.98 0.0 0.0 0.0
t 100
c 276.60488 0.0 345.98 0.0 0.0 0.0
t 100
c 276.40367 0.0 345.98 0.0 0.0 0.0
t 100
c 276.20247 0.0 345.98 0.0 0.0 0.0
t 100
c 276.00126 0.0 345.98 0.0 0.0 0.0
t 100
c 275.80006 0.0 345.98 0.0 0.0 0.0
t 100
c 275.59885 0.0 345.98 0.0 0.0 0.0
t 100
c 275.39765 0.0 345.98 0.0 0.0 0.0
t 100
c 275.19644 0.0 345.98 0.0 0.0 0.0
t 100
c 274.99524 0.0 345.98 0.0 0.0 0.0
t 100
c 274.79403 0.0 345.98 0.0 0.0 0.0
t 100
c 274.59283 0.0 345.98 0.0 0.0 0.0
t 100
c 274.39162 0.0 345.98 0.0 0.0 0.0
t 100
c 274.19041 0.0 345.98 0.0 0.0 0.0
t 100
c 273.98921 0.0 345.98 0.0 0.0 0.0
t 100
c 273.788 0.0 345.98 0.0 0.0 0.0
t 100
c 273.5868 0.0 345.98 0.0 0.0 0.0
t 100
c 273.38559 0.0 345.98 0.0 0.0 0.0
t 100
c 273.18439 0.0 345.98 0.0 0.0 0.0
t 100
c 272.98318 0.0 345.98 0.0 0.0 0.0
t 100
c 272.78198 0.0 345.98 0.0 0.0 0.0
t 100
c 272.58077 0.0 345.98 0.0 0.0 0.0
t 100
c 272.37957 0.0 345.98 0.0 0.0 0.0
t 100
c 272.17836 0.0 345.98 0.0 0.0 0.0
t 100
c 271.97716 0.0 345.98 0.0 0.0 0.0
t 100
c 271.77595 0.0 345.98 0.0 0.0 0.0
t 100
c 271.57475 0.0 345.98 0.0 0.0 0.0
t 100
c 271.37354 0.0 345.98 0.0 0.0 0.0
t 100
c 271.17234 0.0 345.98 0.0 0.0 0.0
t 100
c 270.97113 0.0 345.98 0.0 0.0 0.0
t 100
c 270.76992 0.0 345.98 0.0 0.0 0.0
t 100
c 270.56872 0.0 345.98 0.0 0.0 0.0
t 100
c 270.36751 0.0 345.98 0.0 0.0 0.0
t 100
c 270.16631 0.0 345.98 0.0 0.0 0.0
t 100
c 269.9651 0.0 345.98 0.0 0.0 0.0
t 100
c 269.7639 0.0 345.98 0.0 0.0 0.0
t 100
c 269.56269 0.0 345.98 0.0 0.0 0.0
t 100
c 269.36149 0.0 345.98 0.0 0.0 0.0
t 100
c 269.16028 0.0 345.98 0.0 0.0 0.0
t 100
c 268.95908 0.0 345.98 0.0 0.0 0.0
t 100
c 268.75787 0.0 345.98 0.0 0.0 0.0
t 100
c 268.55667 0.0 345.98 0.0 0.0 0.0
t 100
c 268.35546 0.0 345.98 0.0 0.0 0.0
t 100
c 268.15426 0.0 345.98 0.0 0.0 0.0
t 100
c 267.95305 0.0 345.98 0.0 0.0 0.0
t 100
c 267.75184 0.0 345.98 0.0 0.0 0.0
t 100
c 267.55064 0.0 345.98 0.0 0.0 0.0
t 100
c 267.34943 0.0 345.98 0.0 0.0 0.0
t 100
c 267.14823 0.0 345.98 0.0 0.0 0.0
t 100
c 266.94702 0.0 345.98 0.0 0.0 0.0
t 100
c 266.74582 0.0 345.98 0.0 0.0 0.0
t 100
c 266.54461 0.0 345.98 0.0 0.0 0.0
t 100
c 266.34341 0.0 345.98 0.0 0.0 0.0
t 100
c 266.1422 0.0 345.98 0.0 0.0 0.0
t 100
c 265.941 0.0 345.98 0.0 0.0 0.0
t 100
c 265.73979 0.0 345.98 0.0 0.0 0.0
t 100
c 265.53859 0.0 345.98 0.0 0.0 0.0
t 100
c 265.33738 0.0 345.98 0.0 0.0 0.0
t 100
c 265.13618 0.0 345.98 0.0 0.0 0.0
t 100
c 264.93497 0.0 345.98 0.0 0.0 0.0
t 100
c 264.73377 0.0 345.98 0.0 0.0 0.0
t 100
c 264.53256 0.0 345.98 0.0 0.0 0.0
t 100
c 264.33135 0.0 345.98 0.0 0.0 0.0
t 100
c 264.13015 0.0 345.98 0.0 0.0 0.0
t 100
c 263.92894 0.0 345.98 0.0 0.0 0.0
t 100
c 263.72774 0.0 345.98 0.0 0.0 0.0
t 100
c 263.52653 0.0 345.98 0.0 0.0 0.0
t 100
c 263.32533 0.0 345.98 0.0 0.0 0.0
t 100
c 263.12412 0.0 345.98 0.0 0.0 0.0
t 100
c 262.92292 0.0 345.98 0.0 0.0 0.0
t 100
c 262.72171 0.0 345.98 0.0 0.0 0.0
t 100
c 262.52051 0.0 345.98 0.0 0.0 0.0
t 100
c 262.3193 0.0 345.98 0.0 0.0 0.0
t 100
c 262.1181 0.0 345.98 0.0 0.0 0.0
t 100
c 261.91689 0.0 345.98 0.0 0.0 0.0
t 100
c 261.71569 0.0 345.98 0.0 0.0 0.0
t 100
c 261.51448 0.0 345.98 0.0 0.0 0.0
t 100
c 261.31327 0.0 345.98 0.0 0.0 0.0
t 100
c 261.11207 0.0 345.98 0.0 0.0 0.0
t 100
c 260.91086 0.0 345.98 0.0 0.0 0.0
t 100
c 260.70966 0.0 345.98 0.0 0.0 0.0
t 100
c 260.50845 0.0 345.98 0.0 0.0 0.0
t 100
c 260.30725 0.0 345.98 0.0 0.0 0.0
t 100
c 260.10604 0.0 345.98 0.0 0.0 0.0
t 100
c 259.90484 0.0 345.98 0.0 0.0 0.0
t 100
c 259.70363 0.0 345.98 0.0 0.0 0.0
t 100
c 259.50243 0.0 345.98 0.0 0.0 0.0
t 100
c 259.30122 0.0 345.98 0.0 0.0 0.0
t 100
c 259.10002 0.0 345.98 0.0 0.0 0.0
t 100
c 258.89881 0.0 345.98 0.0 0.0 0.0
t 100
c 258.69761 0.0 345.98 0.0 0.0 0.0
t 100
c 258.4964 0.0 345.98 0.0 0.0 0.0
t 100
c 258.2952 0.0 345.98 0.0 0.0 0.0
t 100
c 258.09399 0.0 345.98 0.0 0.0 0.0
t 100
c 257.89278 0.0 345.98 0.0 0.0 0.0
t 100
c 257.69158 0.0 345.98 0.0 0.0 0.0
t 100
c 257.49037 0.0 345.98 0.0 0.0 0.0
t 100
c 257.28917 0.0 345.98 0.0 0.0 0.0
t 100
c 257.08796 0.0 345.98 0.0 0.0 0.0
t 100
c 256.88676 0.0 345.98 0.0 0.0 0.0
t 100
c 256.68555 0.0 345.98 0.0 0.0 0.0
t 100
c 256.48435 0.0 345.98 0.0 0.0 0.0
t 100
c 256.28314 0.0 345.98 0.0 0.0 0.0
t 100
c 256.08194 0.0 345.98 0.0 0.0 0.0
t 100
c 255.88073 0.0 345.98 0.0 0.0 0.0
t 100
c 255.67953 0.0 345.98 0.0 0.0 0.0
t 100
c 255.47832 0.0 345.98 0.0 0.0 0.0
t 100
c 255.27712 0.0 345.98 0.0 0.0 0.0
t 100
c 255.07591 0.0 345.98 0.0 0.0 0.0
t 100
c 254.8747 0.0 345.98 0.0 0.0 0.0
t 100
c 254.6735 0.0 345.98 0.0 0.0 0.0
t 100
c 254.47229 0.0 345.98 0.0 0.0 0.0
t 100
c 254.27109 0.0 345.98 0.0 0.0 0.0
t 100
c 254.06988 0.0 345.98 0.0 0.0 0.0
t 100
c 253.86868 0.0 345.98 0.0 0.0 0.0
t 100
c 253.66747 0.0 345.98 0.0 0.0 0.0
t 100
c 253.46627 0.0 345.98 0.0 0.0 0.0
t 100
c 253.26506 0.0 345.98 0.0 0.0 0.0
t 100
c 253.06386 0.0 345.98 0.0 0.0 0.0
t 100
c 252.86265 0.0 345.98 0.0 0.0 0.0
t 100
c 252.66145 0.0 345.98 0.0 0.0 0.0
t 100
c 252.46024 0.0 345.98 0.0 0.0 0.0
t 100
c 252.25904 0.0 345.98 0.0 0.0 0.0
t 100
c 252.05783 0.0 345.98 0.0 0.0 0.0
t 100
c 251.85663 0.0 345.98 0.0 0.0 0.0
t 100
c 251.65542 0.0 345.98 0.0 0.0 0.0
t 100
c 251.45421 0.0 345.98 0.0 0.0 0.0
t 100
c 251.25301 0.0 345.98 0.0 0.0 0.0
t 100
c 251.0518 0.0 345.98 0.0 0.0 0.0
t 100
c 250.8506 0.0 345.98 0.0 0.0 0.0
t 100
c 250.64939 0.0 345.98 0.0 0.0 0.0
t 100
c 250.44819 0.0 345.98 0.0 0.0 0.0
t 100
c 250.24698 0.0 345.98 0.0 0.0 0.0
t 100
c 250.04578 0.0 345.98 0.0 0.0 0.0
t 100
c 249.84457 0.0 345.98 0.0 0.0 0.0
t 100
c 249.64337 0.0 345.98 0.0 0.0 0.0
t 100
c 249.44216 0.0 345.98 0.0 0.0 0.0
t 100
c 249.24096 0.0 345.98 0.0 0.0 0.0
t 100
c 249.03975 0.0 345.98 0.0 0.0 0.0
t 100
c 248.83855 0.0 345.98 0.0 0.0 0.0
t 100
c 248.63734 0.0 345.98 0.0 0.0 0.0
t 100
c 248.43613 0.0 345.98 0.0 0.0 0.0
t 100
c 248.23493 0.0 345.98 0.0 0.0 0.0
t 100
c 248.03372 0.0 345.98 0.0 0.0 0.0
t 100
c 247.83252 0.0 345.98 0.0 0.0 0.0
t 100
c 247.63131 0.0 345.98 0.0 0.0 0.0
t 100
c 247.43011 0.0 345.98 0.0 0.0 0.0
t 100
c 247.2289 0.0 345.98 0.0 0.0 0.0
t 100
c 247.0277 0.0 345.98 0.0 0.0 0.0
t 100
c 246.82649 0.0 345.98 0.0 0.0 0.0
t 100
c 246.62529 0.0 345.98 0.0 0.0 0.0
t 100
c 246.42408 0.0 345.98 0.0 0.0 0.0
t 100
c 246.22288 0.0 345.98 0.0 0.0 0.0
t 100
c 246.02167 0.0 345.98 0.0 0.0 0.0
t 100
c 245.82047 0.0 345.98 0.0 0.0 0.0
t 100
c 245.61926 0.0 345.98 0.0 0.0 0.0
t 100
c 245.41806 0.0 345.98 0.0 0.0 0.0
t 100
c 245.21685 0.0 345.98 0.0 0.0 0.0
t 100
c 245.01564 0.0 345.98 0.0 0.0 0.0
t 100
c 244.81444 0.0 345.98 0.0 0.0 0.0
t 100
c 244.61323 0.0 345.98 0.0 0.0 0.0
t 100
c 244.41203 0.0 345.98 0.0 0.0 0.0
t 100
c 244.21082 0.0 345.98 0.0 0.0 0.0
t 100
c 244.00962 0.0 345.98 0.0 0.0 0.0
t 100
c 243.80841 0.0 345.98 0.0 0.0 0.0
t 100
c 243.60721 0.0 345.98 0.0 0.0 0.0
t 100
c 243.406 0.0 345.98 0.0 0.0 0.0
t 100
c 243.2048 0.0 345.98 0.0 0.0 0.0
t 100
c 243.00359 0.0 345.98 0.0 0.0 0.0
t 100
c 242.80239 0.0 345.98 0.0 0.0 0.0
t 100
c 242.60118 0.0 345.98 0.0 0.0 0.0
t 100
c 242.39998 0.0 345.98 0.0 0.0 0.0
t 100
c 242.19877 0.0 345.98 0.0 0.0 0.0
t 100
c 241.99756 0.0 345.98 0.0 0.0 0.0
t 100
c 241.79636 0.0 345.98 0.0 0.0 0.0
t 100
c 241.59515 0.0 345.98 0.0 0.0 0.0
t 100
c 241.39395 0.0 345.98 0.0 0.0 0.0
t 100
c 241.19274 0.0 345.98 0.0 0.0 0.0
t 100
c 240.99154 0.0 345.98 0.0 0.0 0.0
t 100
c 240.79033 0.0 345.98 0.0 0.0 0.0
t 100
c 240.58913 0.0 345.98 0.0 0.0 0.0
t 100
c 240.38792 0.0 345.98 0.0 0.0 0.0
t 100
c 240.18672 0.0 345.98 0.0 0.0 0.0
t 100
c 239.98551 0.0 345.98 0.0 0.0 0.0
t 100
c 239.78431 0.0 345.98 0.0 0.0 0.0
t 100
c 239.5831 0.0 345.98 0.0 0.0 0.0
t 100
c 239.3819 0.0 345.98 0.0 0.0 0.0
t 100
c 239.18069 0.0 345.98 0.0 0.0 0.0
t 100
c 238.97949 0.0 345.98 0.0 0.0 0.0
t 100
c 238.77828 0.0 345.98 0.0 0.0 0.0
t 100
c 238.57707 0.0 345.98 0.0 0.0 0.0
t 100
c 238.37587 0.0 345.98 0.0 0.0 0.0
t 100
c 238.17466 0.0 345.98 0.0 0.0 0.0
t 100
c 237.97346 0.0 345.98 0.0 0.0 0.0
t 100
c 237.77225 0.0 345.98 0.0 0.0 0.0
t 100
c 237.57105 0.0 345.98 0.0 0.0 0.0
t 100
c 237.36984 0.0 345.98 0.0 0.0 0.0
t 100
c 237.16864 0.0 345.98 0.0 0.0 0.0
t 100
c 236.96743 0.0 345.98 0.0 0.0 0.0
t 100
c 236.76623 0.0 345.98 0.0 0.0 0.0
t 100
c 236.56502 0.0 345.98 0.0 0.0 0.0
t 100
c 236.36382 0.0 345.98 0.0 0.0 0.0
t 100
c 236.16261 0.0 345.98 0.0 0.0 0.0
t 100
c 235.96141 0.0 345.98 0.0 0.0 0.0
t 100
c 235.7602 0.0 345.98 0.0 0.0 0.0
t 100
