c 326.0 0.0 334.0 0.0 0.3988248 0.0
c 325.79979 0.0 334.0 0.0 0.39678075 0.0
c 325.59958 0.0 334.0 0.0 0.39473671 0.0
c 325.39936 0.0 334.0 0.0 0.39269266 0.0
c 325.19915 0.0 334.0 0.0 0.39064862 0.0
c 324.99894 0.0 334.0 0.0 0.38860457 0.0
c 324.79873 0.0 334.0 0.0 0.38656052 0.0
c 324.59852 0.0 334.0 0.0 0.38451648 0.0
c 324.3983 0.0 334.0 0.0 0.38247243 0.0
c 324.19809 0.0 334.0 0.0 0.38042839 0.0
c 323.99788 0.0 334.0 0.0 0.37838434 0.0
c 323.79767 0.0 334.0 0.0 0.37634029 0.0
c 323.59746 0.0 334.0 0.0 0.37429625 0.0
c 323.39724 0.0 334.0 0.0 0.3722522 0.0
c 323.19703 0.0 334.0 0.0 0.37020815 0.0
c 322.99682 0.0 334.0 0.0 0.36816411 0.0
c 322.79661 0.0 334.0 0.0 0.36612006 0.0
c 322.5964 0.0 334.0 0.0 0.36407602 0.0
c 322.39618 0.0 334.0 0.0 0.36203197 0.0
c 322.19597 0.0 334.0 0.0 0.35998792 0.0
c 321.99576 0.0 334.0 0.0 0.35794388 0.0
c 321.79555 0.0 334.0 0.0 0.35589983 0.0
c 321.59534 0.0 334.0 0.0 0.35385579 0.0
c 321.39512 0.0 334.0 0.0 0.35181174 0.0
c 321.19491 0.0 334.0 0.0 0.34976769 0.0
c 320.9947 0.0 334.0 0.0 0.34772365 0.0
c 320.79449 0.0 334.0 0.0 0.3456796 0.0
c 320.59428 0.0 334.0 0.0 0.34363556 0.0
c 320.39406 0.0 334.0 0.0 0.34159151 0.0
c 320.19385 0.0 334.0 0.0 0.33954746 0.0
c 319.99364 0.0 334.0 0.0 0.33750342 0.0
c 319.79343 0.0 334.0 0.0 0.33545937 0.0
c 319.59322 0.0 334.0 0.0 0.33341533 0.0
c 319.393 0.0 334.0 0.0 0.33137128 0.0
c 319.19279 0.0 334.0 0.0 0.32932723 0.0
c 318.99258 0.0 334.0 0.0 0.32728319 0.0
c 318.79237 0.0 334.0 0.0 0.32523914 0.0
c 318.59216 0.0 334.0 0.0 0.3231951 0.0
c 318.39194 0.0 334.0 0.0 0.32115105 0.0
c 318.19173 0.0 334.0 0.0 0.319107 0.0
c 317.99152 0.0 334.0 0.0 0.31706296 0.0
c 317.79131 0.0 334.0 0.0 0.31501891 0.0
c 317.5911 0.0 334.0 0.0 0.31297486 0.0
c 317.39088 0.0 334.0 0.0 0.31093082 0.0
c 317.19067 0.0 334.0 0.0 0.30888677 0.0
c 316.99046 0.0 334.0 0.0 0.30684273 0.0
c 316.79025 0.0 334.0 0.0 0.30479868 0.0
c 316.59004 0.0 334.0 0.0 0.30275463 0.0
c 316.38982 0.0 334.0 0.0 0.30071059 0.0
c 316.18961 0.0 334.0 0.0 0.29866654 0.0
c 315.9894 0.0 334.0 0.0 0.2966225 0.0
c 315.78919 0.0 334.0 0.0 0.29457845 0.0
c 315.58898 0.0 334.0 0.0 0.2925344 0.0
c 315.38876 0.0 334.0 0.0 0.29049036 0.0
c 315.18855 0.0 334.0 0.0 0.28844631 0.0
c 314.98834 0.0 334.0 0.0 0.28640227 0.0
c 314.78813 0.0 334.0 0.0 0.28435822 0.0
c 314.58792 0.0 334.0 0.0 0.28231417 0.0
c 314.3877 0.0 334.0 0.0 0.28027013 0.0
c 314.18749 0.0 334.0 0.0 0.27822608 0.0
c 313.98728 0.0 334.0 0.0 0.27618204 0.0
c 313.78707 0.0 334.0 0.0 0.27413799 0.0
c 313.58686 0.0 334.0 0.0 0.27209394 0.0
c 313.38664 0.0 334.0 0.0 0.2700499 0.0
c 313.18643 0.0 334.0 0.0 0.26800585 0.0
c 312.98622 0.0 334.0 0.0 0.26596181 0.0
c 312.78601 0.0 334.0 0.0 0.26391776 0.0
c 312.5858 0.0 334.0 0.0 0.26187371 0.0
c 312.38558 0.0 334.0 0.0 0.25982967 0.0
c 312.18537 0.0 334.0 0.0 0.25778562 0.0
c 311.98516 0.0 334.0 0.0 0.25574157 0.0
c 311.78495 0.0 334.0 0.0 0.25369753 0.0
c 311.58474 0.0 334.0 0.0 0.25165348 0.0
c 311.38453 0.0 334.0 0.0 0.24960944 0.0
c 311.18431 0.0 334.0 0.0 0.24756539 0.0
c 310.9841 0.0 334.0 0.0 0.24552134 0.0
c 310.78389 0.0 334.0 0.0 0.2434773 0.0
c 310.58368 0.0 334.0 0.0 0.24143325 0.0
c 310.38347 0.0 334.0 0.0 0.23938921 0.0
c 310.18325 0.0 334.0 0.0 0.23734516 0.0
c 309.98304 0.0 334.0 0.0 0.23530111 0.0
c 309.78283 0.0 334.0 0.0 0.23325707 0.0
c 309.58262 0.0 334.0 0.0 0.23121302 0.0
c 309.38241 0.0 334.0 0.0 0.22916898 0.0
c 309.18219 0.0 334.0 0.0 0.22712493 0.0
c 308.98198 0.0 334.0 0.0 0.22508088 0.0
c 308.78177 0.0 334.0 0.0 0.22303684 0.0
c 308.58156 0.0 334.0 0.0 0.22099279 0.0
c 308.38135 0.0 334.0 0.0 0.21894875 0.0
c 308.18113 0.0 334.0 0.0 0.2169047 0.0
c 307.98092 0.0 334.0 0.0 0.21486065 0.0
c 307.78071 0.0 334.0 0.0 0.21281661 0.0
c 307.5805 0.0 334.0 0.0 0.21077256 0.0
c 307.38029 0.0 334.0 0.0 0.20872852 0.0
c 307.18007 0.0 334.0 0.0 0.20668447 0.0
c 306.97986 0.0 334.0 0.0 0.20464042 0.0
c 306.77965 0.0 334.0 0.0 0.20259638 0.0
c 306.57944 0.0 334.0 0.0 0.20055233 0.0
c 306.37923 0.0 334.0 0.0 0.19850829 0.0
c 306.17901 0.0 334.0 0.0 0.19646424 0.0
c 305.9788 0.0 334.0 0.0 0.19442019 0.0
c 305.77859 0.0 334.0 0.0 0.19237615 0.0
c 305.57838 0.0 334.0 0.0 0.1903321 0.0
c 305.37817 0.0 334.0 0.0 0.18828805 0.0
c 305.17795 0.0 334.0 0.0 0.18624401 0.0
c 304.97774 0.0 334.0 0.0 0.18419996 0.0
c 304.77753 0.0 334.0 0.0 0.18215592 0.0
c 304.57732 0.0 334.0 0.0 0.18011187 0.0
c 304.37711 0.0 334.0 0.0 0.17806782 0.0
c 304.17689 0.0 334.0 0.0 0.17602378 0.0
c 303.97668 0.0 334.0 0.0 0.17397973 0.0
c 303.77647 0.0 334.0 0.0 0.17193569 0.0
c 303.57626 0.0 334.0 0.0 0.16989164 0.0
c 303.37605 0.0 334.0 0.0 0.16784759 0.0
c 303.17583 0.0 334.0 0.0 0.16580355 0.0
c 302.97562 0.0 334.0 0.0 0.1637595 0.0
c 302.77541 0.0 334.0 0.0 0.16171546 0.0
c 302.5752 0.0 334.0 0.0 0.15967141 0.0
c 302.37499 0.0 334.0 0.0 0.15762736 0.0
c 302.17477 0.0 334.0 0.0 0.15558332 0.0
c 301.97456 0.0 334.0 0.0 0.15353927 0.0
c 301.77435 0.0 334.0 0.0 0.15149523 0.0
c 301.57414 0.0 334.0 0.0 0.14945118 0.0
c 301.37393 0.0 334.0 0.0 0.14740713 0.0
c 301.17371 0.0 334.0 0.0 0.14536309 0.0
c 300.9735 0.0 334.0 0.0 0.14331904 0.0
c 300.77329 0.0 334.0 0.0 0.141275 0.0
c 300.57308 0.0 334.0 0.0 0.13923095 0.0
c 300.37287 0.0 334.0 0.0 0.1371869 0.0
c 300.17265 0.0 334.0 0.0 0.13514286 0.0
c 299.97244 0.0 334.0 0.0 0.13309881 0.0
c 299.77223 0.0 334.0 0.0 0.13105476 0.0
c 299.57202 0.0 334.0 0.0 0.12901072 0.0
c 299.37181 0.0 334.0 0.0 0.12696667 0.0
c 299.17159 0.0 334.0 0.0 0.12492263 0.0
c 298.97138 0.0 334.0 0.0 0.12287858 0.0
c 298.77117 0.0 334.0 0.0 0.12083453 0.0
c 298.57096 0.0 334.0 0.0 0.11879049 0.0
c 298.37075 0.0 334.0 0.0 0.11674644 0.0
c 298.17053 0.0 334.0 0.0 0.1147024 0.0
c 297.97032 0.0 334.0 0.0 0.11265835 0.0
c 297.77011 0.0 334.0 0.0 0.1106143 0.0
c 297.5699 0.0 334.0 0.0 0.10857026 0.0
c 297.36969 0.0 334.0 0.0 0.10652621 0.0
c 297.16947 0.0 334.0 0.0 0.10448217 0.0
c 296.96926 0.0 334.0 0.0 0.10243812 0.0
c 296.76905 0.0 334.0 0.0 0.10039407 0.0
c 296.56884 0.0 334.0 0.0 0.09835003 0.0
c 296.36863 0.0 334.0 0.0 0.09630598 0.0
c 296.16841 0.0 334.0 0.0 0.09426194 0.0
c 295.9682 0.0 334.0 0.0 0.09221789 0.0
c 295.76799 0.0 334.0 0.0 0.09017384 0.0
c 295.56778 0.0 334.0 0.0 0.0881298 0.0
c 295.36757 0.0 334.0 0.0 0.08608575 0.0
c 295.16735 0.0 334.0 0.0 0.08404171 0.0
c 294.96714 0.0 334.0 0.0 0.08199766 0.0
c 294.76693 0.0 334.0 0.0 0.07995361 0.0
c 294.56672 0.0 334.0 0.0 0.07790957 0.0
c 294.36651 0.0 334.0 0.0 0.07586552 0.0
c 294.16629 0.0 334.0 0.0 0.07382147 0.0
c 293.96608 0.0 334.0 0.0 0.07177743 0.0
c 293.76587 0.0 334.0 0.0 0.06973338 0.0
c 293.56566 0.0 334.0 0.0 0.06768934 0.0
c 293.36545 0.0 334.0 0.0 0.06564529 0.0
c 293.16523 0.0 334.0 0.0 0.06360124 0.0
c 292.96502 0.0 334.0 0.0 0.0615572 0.0
c 292.76481 0.0 334.0 0.0 0.05951315 0.0
c 292.5646 0.0 334.0 0.0 0.05746911 0.0
c 292.36439 0.0 334.0 0.0 0.05542506 0.0
c 292.16417 0.0 334.0 0.0 0.05338101 0.0
c 291.96396 0.0 334.0 0.0 0.05133697 0.0
c 291.76375 0.0 334.0 0.0 0.04929292 0.0
c 291.56354 0.0 334.0 0.0 0.04724888 0.0
c 291.36333 0.0 334.0 0.0 0.04520483 0.0
c 291.16311 0.0 334.0 0.0 0.04316078 0.0
c 290.9629 0.0 334.0 0.0 0.04111674 0.0
c 290.76269 0.0 334.0 0.0 0.03907269 0.0
c 290.56248 0.0 334.0 0.0 0.03702865 0.0
c 290.36227 0.0 334.0 0.0 0.0349846 0.0
c 290.16205 0.0 334.0 0.0 0.03294055 0.0
c 289.96184 0.0 334.0 0.0 0.03089651 0.0
c 289.76163 0.0 334.0 0.0 0.02885246 0.0
c 289.56142 0.0 334.0 0.0 0.02680842 0.0
c 289.36121 0.0 334.0 0.0 0.02476437 0.0
c 289.16099 0.0 334.0 0.0 0.02272032 0.0
c 288.96078 0.0 334.0 0.0 0.02067628 0.0
c 288.76057 0.0 334.0 0.0 0.01863223 0.0
c 288.56036 0.0 334.0 0.0 0.01658818 0.0
c 288.36015 0.0 334.0 0.0 0.01454414 0.0
c 288.15993 0.0 334.0 0.0 0.01250009 0.0
c 287.95972 0.0 334.0 0.0 0.01045605 0.0
c 287.75951 0.0 334.0 0.0 0.008412 0.0
c 287.5593 0.0 334.0 0.0 0.00636795 0.0
c 287.35909 0.0 334.0 0.0 0.00432391 0.0
c 287.15887 0.0 334.0 0.0 0.00227986 0.0
c 286.95866 0.0 334.0 0.0 0.00023582 0.0
c 286.75845 0.0 334.0 0.0 -0.00180823 0.0
c 286.55824 0.0 334.0 0.0 -0.00385228 0.0
c 286.35803 0.0 334.0 0.0 -0.00589632 0.0
c 286.15781 0.0 334.0 0.0 -0.00794037 0.0
c 285.9576 0.0 334.0 0.0 -0.00998441 0.0
c 285.75739 0.0 334.0 0.0 -0.01202846 0.0
c 285.55718 0.0 334.0 0.0 -0.01407251 0.0
c 285.35697 0.0 334.0 0.0 -0.01611655 0.0
c 285.15675 0.0 334.0 0.0 -0.0181606 0.0
c 284.95654 0.0 334.0 0.0 -0.02020464 0.0
c 284.75633 0.0 334.0 0.0 -0.02224869 0.0
c 284.55612 0.0 334.0 0.0 -0.02429274 0.0
c 284.35591 0.0 334.0 0.0 -0.02633678 0.0
c 284.15569 0.0 334.0 0.0 -0.02838083 0.0
c 283.95548 0.0 334.0 0.0 -0.03042487 0.0
c 283.75527 0.0 334.0 0.0 -0.03246892 0.0
c 283.55506 0.0 334.0 0.0 -0.03451297 0.0
c 283.35485 0.0 334.0 0.0 -0.03655701 0.0
c 283.15464 0.0 334.0 0.0 -0.03860106 0.0
c 282.95442 0.0 334.0 0.0 -0.04064511 0.0
c 282.75421 0.0 334.0 0.0 -0.04268915 0.0
c 282.554 0.0 334.0 0.0 -0.0447332 0.0
c 282.35379 0.0 334.0 0.0 -0.04677724 0.0
c 282.15358 0.0 334.0 0.0 -0.04882129 0.0
c 281.95336 0.0 334.0 0.0 -0.05086534 0.0
c 281.75315 0.0 334.0 0.0 -0.05290938 0.0
c 281.55294 0.0 334.0 0.0 -0.05495343 0.0
c 281.35273 0.0 334.0 0.0 -0.05699747 0.0
c 281.15252 0.0 334.0 0.0 -0.05904152 0.0
c 280.9523 0.0 334.0 0.0 -0.06108557 0.0
c 280.75209 0.0 334.0 0.0 -0.06312961 0.0
c 280.55188 0.0 334.0 0.0 -0.06517366 0.0
c 280.35167 0.0 334.0 0.0 -0.0672177 0.0
c 280.15146 0.0 334.0 0.0 -0.06926175 0.0
c 279.95124 0.0 334.0 0.0 -0.0713058 0.0
c 279.75103 0.0 334.0 0.0 -0.07334984 0.0
c 279.55082 0.0 334.0 0.0 -0.07539389 0.0
c 279.35061 0.0 334.0 0.0 -0.07743793 0.0
c 279.1504 0.0 334.0 0.0 -0.07948198 0.0
c 278.95018 0.0 334.0 0.0 -0.08152603 0.0
c 278.74997 0.0 334.0 0.0 -0.08357007 0.0
c 278.54976 0.0 334.0 0.0 -0.08561412 0.0
c 278.34955 0.0 334.0 0.0 -0.08765816 0.0
c 278.14934 0.0 334.0 0.0 -0.08970221 0.0
c 277.94912 0.0 334.0 0.0 -0.09174626 0.0
c 277.74891 0.0 334.0 0.0 -0.0937903 0.0
c 277.5487 0.0 334.0 0.0 -0.09583435 0.0
c 277.34849 0.0 334.0 0.0 -0.0978784 0.0
c 277.14828 0.0 334.0 0.0 -0.09992244 0.0
c 276.94806 0.0 334.0 0.0 -0.10196649 0.0
c 276.74785 0.0 334.0 0.0 -0.10401053 0.0
c 276.54764 0.0 334.0 0.0 -0.10605458 0.0
c 276.34743 0.0 334.0 0.0 -0.10809863 0.0
c 276.14722 0.0 334.0 0.0 -0.11014267 0.0
c 275.947 0.0 334.0 0.0 -0.11218672 0.0
c 275.74679 0.0 334.0 0.0 -0.11423076 0.0
c 275.54658 0.0 334.0 0.0 -0.11627481 0.0
c 275.34637 0.0 334.0 0.0 -0.11831886 0.0
c 275.14616 0.0 334.0 0.0 -0.1203629 0.0
c 274.94594 0.0 334.0 0.0 -0.12240695 0.0
c 274.74573 0.0 334.0 0.0 -0.12445099 0.0
c 274.54552 0.0 334.0 0.0 -0.12649504 0.0
c 274.34531 0.0 334.0 0.0 -0.12853909 0.0
c 274.1451 0.0 334.0 0.0 -0.13058313 0.0
c 273.94488 0.0 334.0 0.0 -0.13262718 0.0
c 273.74467 0.0 334.0 0.0 -0.13467122 0.0
c 273.54446 0.0 334.0 0.0 -0.13671527 0.0
c 273.34425 0.0 334.0 0.0 -0.13875932 0.0
c 273.14404 0.0 334.0 0.0 -0.14080336 0.0
c 272.94382 0.0 334.0 0.0 -0.14284741 0.0
c 272.74361 0.0 334.0 0.0 -0.14489145 0.0
c 272.5434 0.0 334.0 0.0 -0.1469355 0.0
c 272.34319 0.0 334.0 0.0 -0.14897955 0.0
c 272.14298 0.0 334.0 0.0 -0.15102359 0.0
c 271.94276 0.0 334.0 0.0 -0.15306764 0.0
c 271.74255 0.0 334.0 0.0 -0.15511169 0.0
c 271.54234 0.0 334.0 0.0 -0.15715573 0.0
c 271.34213 0.0 334.0 0.0 -0.15919978 0.0
c 271.14192 0.0 334.0 0.0 -0.16124382 0.0
c 270.9417 0.0 334.0 0.0 -0.16328787 0.0
c 270.74149 0.0 334.0 0.0 -0.16533192 0.0
c 270.54128 0.0 334.0 0.0 -0.16737596 0.0
c 270.34107 0.0 334.0 0.0 -0.16942001 0.0
c 270.14086 0.0 334.0 0.0 -0.17146405 0.0
c 269.94064 0.0 334.0 0.0 -0.1735081 0.0
c 269.74043 0.0 334.0 0.0 -0.17555215 0.0
c 269.54022 0.0 334.0 0.0 -0.17759619 0.0
c 269.34001 0.0 334.0 0.0 -0.17964024 0.0
c 269.1398 0.0 334.0 0.0 -0.18168428 0.0
c 268.93958 0.0 334.0 0.0 -0.18372833 0.0
c 268.73937 0.0 334.0 0.0 -0.18577238 0.0
c 268.53916 0.0 334.0 0.0 -0.18781642 0.0
c 268.33895 0.0 334.0 0.0 -0.18986047 0.0
c 268.13874 0.0 334.0 0.0 -0.19190451 0.0
c 267.93852 0.0 334.0 0.0 -0.19394856 0.0
c 267.73831 0.0 334.0 0.0 -0.19599261 0.0
c 267.5381 0.0 334.0 0.0 -0.19803665 0.0
c 267.33789 0.0 334.0 0.0 -0.2000807 0.0
c 267.13768 0.0 334.0 0.0 -0.20212474 0.0
c 266.93746 0.0 334.0 0.0 -0.20416879 0.0
c 266.73725 0.0 334.0 0.0 -0.20621284 0.0
c 266.53704 0.0 334.0 0.0 -0.20825688 0.0
c 266.33683 0.0 334.0 0.0 -0.21030093 0.0
c 266.13662 0.0 334.0 0.0 -0.21234498 0.0
c 265.9364 0.0 334.0 0.0 -0.21438902 0.0
c 265.73619 0.0 334.0 0.0 -0.21643307 0.0
c 265.53598 0.0 334.0 0.0 -0.21847711 0.0
c 265.33577 0.0 334.0 0.0 -0.22052116 0.0
c 265.13556 0.0 334.0 0.0 -0.22256521 0.0
c 264.93534 0.0 334.0 0.0 -0.22460925 0.0
c 264.73513 0.0 334.0 0.0 -0.2266533 0.0
c 264.53492 0.0 334.0 0.0 -0.22869734 0.0
c 264.33471 0.0 334.0 0.0 -0.23074139 0.0
c 264.1345 0.0 334.0 0.0 -0.23278544 0.0
c 263.93428 0.0 334.0 0.0 -0.23482948 0.0
c 263.73407 0.0 334.0 0.0 -0.23687353 0.0
c 263.53386 0.0 334.0 0.0 -0.23891757 0.0
c 263.33365 0.0 334.0 0.0 -0.24096162 0.0
c 263.13344 0.0 334.0 0.0 -0.24300567 0.0
c 262.93322 0.0 334.0 0.0 -0.24504971 0.0
c 262.73301 0.0 334.0 0.0 -0.24709376 0.0
c 262.5328 0.0 334.0 0.0 -0.2491378 0.0
c 262.33259 0.0 334.0 0.0 -0.25118185 0.0
c 262.13238 0.0 334.0 0.0 -0.2532259 0.0
c 261.93216 0.0 334.0 0.0 -0.25526994 0.0
c 261.73195 0.0 334.0 0.0 -0.25731399 0.0
c 261.53174 0.0 334.0 0.0 -0.25935803 0.0
c 261.33153 0.0 334.0 0.0 -0.26140208 0.0
c 261.13132 0.0 334.0 0.0 -0.26344613 0.0
c 260.9311 0.0 334.0 0.0 -0.26549017 0.0
c 260.73089 0.0 334.0 0.0 -0.26753422 0.0
c 260.53068 0.0 334.0 0.0 -0.26957827 0.0
c 260.33047 0.0 334.0 0.0 -0.27162231 0.0
c 260.13026 0.0 334.0 0.0 -0.27366636 0.0
c 259.93004 0.0 334.0 0.0 -0.2757104 0.0
c 259.72983 0.0 334.0 0.0 -0.27775445 0.0
c 259.52962 0.0 334.0 0.0 -0.2797985 0.0
c 259.32941 0.0 334.0 0.0 -0.28184254 0.0
c 259.1292 0.0 334.0 0.0 -0.28388659 0.0
c 258.92898 0.0 334.0 0.0 -0.28593063 0.0
c 258.72877 0.0 334.0 0.0 -0.28797468 0.0
c 258.52856 0.0 334.0 0.0 -0.29001873 0.0
c 258.32835 0.0 334.0 0.0 -0.29206277 0.0
c 258.12814 0.0 334.0 0.0 -0.29410682 0.0
c 257.92792 0.0 334.0 0.0 -0.29615086 0.0
c 257.72771 0.0 334.0 0.0 -0.29819491 0.0
c 257.5275 0.0 334.0 0.0 -0.30023896 0.0
c 257.32729 0.0 334.0 0.0 -0.302283 0.0
c 257.12708 0.0 334.0 0.0 -0.30432705 0.0
c 256.92686 0.0 334.0 0.0 -0.30637109 0.0
c 256.72665 0.0 334.0 0.0 -0.30841514 0.0
c 256.52644 0.0 334.0 0.0 -0.31045919 0.0
c 256.32623 0.0 334.0 0.0 -0.31250323 0.0
c 256.12602 0.0 334.0 0.0 -0.31454728 0.0
c 255.92581 0.0 334.0 0.0 -0.31659132 0.0
c 255.72559 0.0 334.0 0.0 -0.31863537 0.0
c 255.52538 0.0 334.0 0.0 -0.32067942 0.0
c 255.32517 0.0 334.0 0.0 -0.32272346 0.0
c 255.12496 0.0 334.0 0.0 -0.32476751 0.0
c 254.92475 0.0 334.0 0.0 -0.32681156 0.0
c 254.72453 0.0 334.0 0.0 -0.3288556 0.0
c 254.52432 0.0 334.0 0.0 -0.33089965 0.0
c 254.32411 0.0 334.0 0.0 -0.33294369 0.0
c 254.1239 0.0 334.0 0.0 -0.33498774 0.0
c 253.92369 0.0 334.0 0.0 -0.33703179 0.0
c 253.72347 0.0 334.0 0.0 -0.33907583 0.0
c 253.52326 0.0 334.0 0.0 -0.34111988 0.0
c 253.32305 0.0 334.0 0.0 -0.34316392 0.0
c 253.12284 0.0 334.0 0.0 -0.34520797 0.0
c 252.92263 0.0 334.0 0.0 -0.34725202 0.0
c 252.72241 0.0 334.0 0.0 -0.34929606 0.0
c 252.5222 0.0 334.0 0.0 -0.35134011 0.0
c 252.32199 0.0 334.0 0.0 -0.35338415 0.0
c 252.12178 0.0 334.0 0.0 -0.3554282 0.0
c 251.92157 0.0 334.0 0.0 -0.35747225 0.0
c 251.72135 0.0 334.0 0.0 -0.35951629 0.0
c 251.52114 0.0 334.0 0.0 -0.36156034 0.0
c 251.32093 0.0 334.0 0.0 -0.36360438 0.0
c 251.12072 0.0 334.0 0.0 -0.36564843 0.0
c 250.92051 0.0 334.0 0.0 -0.36769248 0.0
c 250.72029 0.0 334.0 0.0 -0.36973652 0.0
c 250.52008 0.0 334.0 0.0 -0.37178057 0.0
c 250.31987 0.0 334.0 0.0 -0.37382461 0.0
c 250.11966 0.0 334.0 0.0 -0.37586866 0.0
c 249.91945 0.0 334.0 0.0 -0.37791271 0.0
c 249.71923 0.0 334.0 0.0 -0.37995675 0.0
c 249.51902 0.0 334.0 0.0 -0.3820008 0.0
c 249.31881 0.0 334.0 0.0 -0.38404485 0.0
c 249.1186 0.0 334.0 0.0 -0.38608889 0.0
c 248.91839 0.0 334.0 0.0 -0.38813294 0.0
c 248.71817 0.0 334.0 0.0 -0.39017698 0.0
c 248.51796 0.0 334.0 0.0 -0.39222103 0.0
c 248.31775 0.0 334.0 0.0 -0.39426508 0.0
c 248.11754 0.0 334.0 0.0 -0.39630912 0.0
c 247.91733 0.0 334.0 0.0 -0.39835317 0.0
c 247.71711 0.0 334.0 0.0 -0.40039721 0.0
c 247.5169 0.0 334.0 0.0 -0.40244126 0.0
c 247.31669 0.0 334.0 0.0 -0.40448531 0.0
c 247.11648 0.0 334.0 0.0 -0.40652935 0.0
c 246.91627 0.0 334.0 0.0 -0.4085734 0.0
c 246.71605 0.0 334.0 0.0 -0.41061744 0.0
c 246.51584 0.0 334.0 0.0 -0.41266149 0.0
c 246.31563 0.0 334.0 0.0 -0.41470554 0.0
c 246.11542 0.0 334.0 0.0 -0.41674958 0.0
c 245.91521 0.0 334.0 0.0 -0.41879363 0.0
c 245.71499 0.0 334.0 0.0 -0.42083767 0.0
c 245.51478 0.0 334.0 0.0 -0.42288172 0.0
c 245.31457 0.0 334.0 0.0 -0.42492577 0.0
c 245.11436 0.0 334.0 0.0 -0.42696981 0.0
c 244.91415 0.0 334.0 0.0 -0.42901386 0.0
c 244.71393 0.0 334.0 0.0 -0.4310579 0.0
c 244.51372 0.0 334.0 0.0 -0.43310195 0.0
c 244.31351 0.0 334.0 0.0 -0.435146 0.0
c 244.1133 0.0 334.0 0.0 -0.43719004 0.0
c 243.91309 0.0 334.0 0.0 -0.43923409 0.0
c 243.71287 0.0 334.0 0.0 -0.44127814 0.0
c 243.51266 0.0 334.0 0.0 -0.44332218 0.0
c 243.31245 0.0 334.0 0.0 -0.44536623 0.0
c 243.11224 0.0 334.0 0.0 -0.44741027 0.0
c 242.91203 0.0 334.0 0.0 -0.44945432 0.0
c 242.71181 0.0 334.0 0.0 -0.45149837 0.0
c 242.5116 0.0 334.0 0.0 -0.45354241 0.0
c 242.31139 0.0 334.0 0.0 -0.45558646 0.0
c 242.11118 0.0 334.0 0.0 -0.4576305 0.0
c 241.91097 0.0 334.0 0.0 -0.45967455 0.0
c 241.91097 0.0 334.0 0.0 -0.45967455 0.0
c 241.91097 0.20123 334.0 0.00114378 -0.45967455 0.0
c 241.91097 0.40245 334.0 0.00228757 -0.45967455 0.0
c 241.91097 0.60368 334.0 0.00343135 -0.45967455 0.0
c 241.91097 0.8049 334.0 0.00457513 -0.45967455 0.0
c 241.91097 1.00613 334.0 0.00571892 -0.45967455 0.0
c 241.91097 1.20736 334.0 0.0068627 -0.45967455 0.0
c 241.91097 1.40858 334.0 0.00800648 -0.45967455 0.0
c 241.91097 1.60981 334.0 0.00915027 -0.45967455 0.0
c 241.91097 1.81104 334.0 0.01029405 -0.45967455 0.0
c 241.91097 2.01226 334.0 0.01143783 -0.45967455 0.0
c 241.91097 2.21349 334.0 0.01258162 -0.45967455 0.0
c 241.91097 2.41471 334.0 0.0137254 -0.45967455 0.0
c 241.91097 2.61594 334.0 0.01486918 -0.45967455 0.0
c 241.91097 2.81717 334.0 0.01601297 -0.45967455 0.0
c 241.91097 3.01839 334.0 0.01715675 -0.45967455 0.0
c 241.91097 3.21962 334.0 0.01830054 -0.45967455 0.0
c 241.91097 3.42084 334.0 0.01944432 -0.45967455 0.0
c 241.91097 3.62207 334.0 0.0205881 -0.45967455 0.0
c 241.91097 3.8233 334.0 0.02173189 -0.45967455 0.0
c 241.91097 4.02452 334.0 0.02287567 -0.45967455 0.0
c 241.91097 4.22575 334.0 0.02401945 -0.45967455 0.0
c 241.91097 4.42698 334.0 0.02516324 -0.45967455 0.0
c 241.91097 4.6282 334.0 0.02630702 -0.45967455 0.0
c 241.91097 4.82943 334.0 0.0274508 -0.45967455 0.0
c 241.91097 5.03065 334.0 0.02859459 -0.45967455 0.0
c 241.91097 5.23188 334.0 0.02973837 -0.45967455 0.0
c 241.91097 5.43311 334.0 0.03088215 -0.45967455 0.0
c 241.91097 5.63433 334.0 0.03202594 -0.45967455 0.0
c 241.91097 5.83556 334.0 0.03316972 -0.45967455 0.0
c 241.91097 6.03678 334.0 0.0343135 -0.45967455 0.0
c 241.91097 6.23801 334.0 0.03545729 -0.45967455 0.0
c 241.91097 6.43924 334.0 0.03660107 -0.45967455 0.0
c 241.91097 6.64046 334.0 0.03774485 -0.45967455 0.0
c 241.91097 6.84169 334.0 0.03888864 -0.45967455 0.0
c 241.91097 7.04292 334.0 0.04003242 -0.45967455 0.0
c 241.91097 7.24414 334.0 0.0411762 -0.45967455 0.0
c 241.91097 7.44537 334.0 0.04231999 -0.45967455 0.0
c 241.91097 7.64659 334.0 0.04346377 -0.45967455 0.0
c 241.91097 7.84782 334.0 0.04460755 -0.45967455 0.0
c 241.91097 8.04905 334.0 0.04575134 -0.45967455 0.0
c 241.91097 8.25027 334.0 0.04689512 -0.45967455 0.0
c 241.91097 8.4515 334.0 0.0480389 -0.45967455 0.0
c 241.91097 8.65272 334.0 0.04918269 -0.45967455 0.0
c 241.91097 8.85395 334.0 0.05032647 -0.45967455 0.0
c 241.91097 9.05518 334.0 0.05147025 -0.45967455 0.0
c 241.91097 9.2564 334.0 0.05261404 -0.45967455 0.0
c 241.91097 9.45763 334.0 0.05375782 -0.45967455 0.0
c 241.91097 9.65886 334.0 0.05490161 -0.45967455 0.0
c 241.91097 9.86008 334.0 0.05604539 -0.45967455 0.0
c 241.91097 10.06131 334.0 0.05718917 -0.45967455 0.0
c 241.91097 10.26253 334.0 0.05833296 -0.45967455 0.0
c 241.91097 10.46376 334.0 0.05947674 -0.45967455 0.0
c 241.91097 10.66499 334.0 0.06062052 -0.45967455 0.0
c 241.91097 10.86621 334.0 0.06176431 -0.45967455 0.0
c 241.91097 11.06744 334.0 0.06290809 -0.45967455 0.0
c 241.91097 11.26866 334.0 0.06405187 -0.45967455 0.0
c 241.91097 11.46989 334.0 0.06519566 -0.45967455 0.0
c 241.91097 11.67112 334.0 0.06633944 -0.45967455 0.0
c 241.91097 11.87234 334.0 0.06748322 -0.45967455 0.0
c 241.91097 12.07357 334.0 0.06862701 -0.45967455 0.0
c 241.91097 12.2748 334.0 0.06977079 -0.45967455 0.0
c 241.91097 12.47602 334.0 0.07091457 -0.45967455 0.0
c 241.91097 12.67725 334.0 0.07205836 -0.45967455 0.0
c 241.91097 12.87847 334.0 0.07320214 -0.45967455 0.0
c 241.91097 13.0797 334.0 0.07434592 -0.45967455 0.0
c 241.91097 13.28093 334.0 0.07548971 -0.45967455 0.0
c 241.91097 13.48215 334.0 0.07663349 -0.45967455 0.0
c 241.91097 13.68338 334.0 0.07777727 -0.45967455 0.0
c 241.91097 13.8846 334.0 0.07892106 -0.45967455 0.0
c 241.91097 14.08583 334.0 0.08006484 -0.45967455 0.0
c 241.91097 14.28706 334.0 0.08120862 -0.45967455 0.0
c 241.91097 14.48828 334.0 0.08235241 -0.45967455 0.0
c 241.91097 14.68951 334.0 0.08349619 -0.45967455 0.0
c 241.91097 14.89074 334.0 0.08463997 -0.45967455 0.0
c 241.91097 15.09196 334.0 0.08578376 -0.45967455 0.0
c 241.91097 15.29319 334.0 0.08692754 -0.45967455 0.0
c 241.91097 15.49441 334.0 0.08807132 -0.45967455 0.0
c 241.91097 15.69564 334.0 0.08921511 -0.45967455 0.0
c 241.91097 15.89687 334.0 0.09035889 -0.45967455 0.0
c 241.91097 16.09809 334.0 0.09150267 -0.45967455 0.0
c 241.91097 16.29932 334.0 0.09264646 -0.45967455 0.0
c 241.91097 16.50054 334.0 0.09379024 -0.45967455 0.0
c 241.91097 16.70177 334.0 0.09493403 -0.45967455 0.0
c 241.91097 16.903 334.0 0.09607781 -0.45967455 0.0
c 241.91097 17.10422 334.0 0.09722159 -0.45967455 0.0
c 241.91097 17.30545 334.0 0.09836538 -0.45967455 0.0
c 241.91097 17.50668 334.0 0.09950916 -0.45967455 0.0
c 241.91097 17.7079 334.0 0.10065294 -0.45967455 0.0
c 241.91097 17.90913 334.0 0.10179673 -0.45967455 0.0
c 241.91097 18.11035 334.0 0.10294051 -0.45967455 0.0
c 241.91097 18.31158 334.0 0.10408429 -0.45967455 0.0
c 241.91097 18.51281 334.0 0.10522808 -0.45967455 0.0
c 241.91097 18.71403 334.0 0.10637186 -0.45967455 0.0
c 241.91097 18.91526 334.0 0.10751564 -0.45967455 0.0
c 241.91097 19.11648 334.0 0.10865943 -0.45967455 0.0
c 241.91097 19.31771 334.0 0.10980321 -0.45967455 0.0
c 241.91097 19.51894 334.0 0.11094699 -0.45967455 0.0
c 241.91097 19.72016 334.0 0.11209078 -0.45967455 0.0
c 241.91097 19.92139 334.0 0.11323456 -0.45967455 0.0
c 241.91097 20.12262 334.0 0.11437834 -0.45967455 0.0
c 241.91097 20.32384 334.0 0.11552213 -0.45967455 0.0
c 241.91097 20.52507 334.0 0.11666591 -0.45967455 0.0
c 241.91097 20.72629 334.0 0.11780969 -0.45967455 0.0
c 241.91097 20.92752 334.0 0.11895348 -0.45967455 0.0
c 241.91097 21.12875 334.0 0.12009726 -0.45967455 0.0
c 241.91097 21.32997 334.0 0.12124104 -0.45967455 0.0
c 241.91097 21.5312 334.0 0.12238483 -0.45967455 0.0
c 241.91097 21.73242 334.0 0.12352861 -0.45967455 0.0
c 241.91097 21.93365 334.0 0.12467239 -0.45967455 0.0
c 241.91097 22.13488 334.0 0.12581618 -0.45967455 0.0
c 241.91097 22.3361 334.0 0.12695996 -0.45967455 0.0
c 241.91097 22.53733 334.0 0.12810374 -0.45967455 0.0
c 241.91097 22.73856 334.0 0.12924753 -0.45967455 0.0
c 241.91097 22.93978 334.0 0.13039131 -0.45967455 0.0
c 241.91097 23.14101 334.0 0.1315351 -0.45967455 0.0
c 241.91097 23.34223 334.0 0.13267888 -0.45967455 0.0
c 241.91097 23.54346 334.0 0.13382266 -0.45967455 0.0
c 241.91097 23.74469 334.0 0.13496645 -0.45967455 0.0
c 241.91097 23.94591 334.0 0.13611023 -0.45967455 0.0
c 241.91097 24.14714 334.0 0.13725401 -0.45967455 0.0
c 241.91097 24.34836 334.0 0.1383978 -0.45967455 0.0
c 241.91097 24.54959 334.0 0.13954158 -0.45967455 0.0
c 241.91097 24.75082 334.0 0.14068536 -0.45967455 0.0
c 241.91097 24.95204 334.0 0.14182915 -0.45967455 0.0
c 241.91097 25.15327 334.0 0.14297293 -0.45967455 0.0
c 241.91097 25.3545 334.0 0.14411671 -0.45967455 0.0
c 241.91097 25.55572 334.0 0.1452605 -0.45967455 0.0
c 241.91097 25.75695 334.0 0.14640428 -0.45967455 0.0
c 241.91097 25.95817 334.0 0.14754806 -0.45967455 0.0
c 241.91097 26.1594 334.0 0.14869185 -0.45967455 0.0
c 241.91097 26.36063 334.0 0.14983563 -0.45967455 0.0
c 241.91097 26.56185 334.0 0.15097941 -0.45967455 0.0
c 241.91097 26.76308 334.0 0.1521232 -0.45967455 0.0
c 241.91097 26.9643 334.0 0.15326698 -0.45967455 0.0
c 241.91097 27.16553 334.0 0.15441076 -0.45967455 0.0
c 241.91097 27.36676 334.0 0.15555455 -0.45967455 0.0
c 241.91097 27.56798 334.0 0.15669833 -0.45967455 0.0
c 241.91097 27.76921 334.0 0.15784211 -0.45967455 0.0
c 241.91097 27.97044 334.0 0.1589859 -0.45967455 0.0
c 241.91097 28.17166 334.0 0.16012968 -0.45967455 0.0
c 241.91097 28.37289 334.0 0.16127346 -0.45967455 0.0
c 241.91097 28.57411 334.0 0.16241725 -0.45967455 0.0
c 241.91097 28.77534 334.0 0.16356103 -0.45967455 0.0
c 241.91097 28.97657 334.0 0.16470481 -0.45967455 0.0
c 241.91097 29.17779 334.0 0.1658486 -0.45967455 0.0
c 241.91097 29.37902 334.0 0.16699238 -0.45967455 0.0
c 241.91097 29.58024 334.0 0.16813617 -0.45967455 0.0
c 241.91097 29.78147 334.0 0.16927995 -0.45967455 0.0
c 241.91097 29.9827 334.0 0.17042373 -0.45967455 0.0
c 241.91097 30.18392 334.0 0.17156752 -0.45967455 0.0
c 241.91097 30.38515 334.0 0.1727113 -0.45967455 0.0
c 241.91097 30.58638 334.0 0.17385508 -0.45967455 0.0
c 241.91097 30.7876 334.0 0.17499887 -0.45967455 0.0
c 241.91097 30.98883 334.0 0.17614265 -0.45967455 0.0
c 241.91097 31.19005 334.0 0.17728643 -0.45967455 0.0
c 241.91097 31.39128 334.0 0.17843022 -0.45967455 0.0
c 241.91097 31.59251 334.0 0.179574 -0.45967455 0.0
c 241.91097 31.79373 334.0 0.18071778 -0.45967455 0.0
c 241.91097 31.99496 334.0 0.18186157 -0.45967455 0.0
c 241.91097 32.19618 334.0 0.18300535 -0.45967455 0.0
c 241.91097 32.39741 334.0 0.18414913 -0.45967455 0.0
c 241.91097 32.59864 334.0 0.18529292 -0.45967455 0.0
c 241.91097 32.79986 334.0 0.1864367 -0.45967455 0.0
c 241.91097 33.00109 334.0 0.18758048 -0.45967455 0.0
c 241.91097 33.20232 334.0 0.18872427 -0.45967455 0.0
c 241.91097 33.40354 334.0 0.18986805 -0.45967455 0.0
c 241.91097 33.60477 334.0 0.19101183 -0.45967455 0.0
c 241.91097 33.80599 334.0 0.19215562 -0.45967455 0.0
c 241.91097 34.00722 334.0 0.1932994 -0.45967455 0.0
c 241.91097 34.20845 334.0 0.19444318 -0.45967455 0.0
c 241.91097 34.40967 334.0 0.19558697 -0.45967455 0.0
c 241.91097 34.6109 334.0 0.19673075 -0.45967455 0.0
c 241.91097 34.81212 334.0 0.19787453 -0.45967455 0.0
c 241.91097 35.01335 334.0 0.19901832 -0.45967455 0.0
c 241.91097 35.21458 334.0 0.2001621 -0.45967455 0.0
c 241.91097 35.4158 334.0 0.20130588 -0.45967455 0.0
c 241.91097 35.61703 334.0 0.20244967 -0.45967455 0.0
c 241.91097 35.81826 334.0 0.20359345 -0.45967455 0.0
c 241.91097 36.01948 334.0 0.20473724 -0.45967455 0.0
c 241.91097 36.22071 334.0 0.20588102 -0.45967455 0.0
c 241.91097 36.42193 334.0 0.2070248 -0.45967455 0.0
c 241.91097 36.62316 334.0 0.20816859 -0.45967455 0.0
c 241.91097 36.82439 334.0 0.20931237 -0.45967455 0.0
c 241.91097 37.02561 334.0 0.21045615 -0.45967455 0.0
c 241.91097 37.22684 334.0 0.21159994 -0.45967455 0.0
c 241.91097 37.42806 334.0 0.21274372 -0.45967455 0.0
c 241.91097 37.62929 334.0 0.2138875 -0.45967455 0.0
c 241.91097 37.83052 334.0 0.21503129 -0.45967455 0.0
c 241.91097 38.03174 334.0 0.21617507 -0.45967455 0.0
c 241.91097 38.23297 334.0 0.21731885 -0.45967455 0.0
c 241.91097 38.4342 334.0 0.21846264 -0.45967455 0.0
c 241.91097 38.63542 334.0 0.21960642 -0.45967455 0.0
c 241.91097 38.83665 334.0 0.2207502 -0.45967455 0.0
c 241.91097 39.03787 334.0 0.22189399 -0.45967455 0.0
c 241.91097 39.2391 334.0 0.22303777 -0.45967455 0.0
c 241.91097 39.44033 334.0 0.22418155 -0.45967455 0.0
c 241.91097 39.64155 334.0 0.22532534 -0.45967455 0.0
c 241.91097 39.84278 334.0 0.22646912 -0.45967455 0.0
c 241.91097 40.044 334.0 0.2276129 -0.45967455 0.0
c 241.91097 40.24523 334.0 0.22875669 -0.45967455 0.0
c 241.91097 40.44646 334.0 0.22990047 -0.45967455 0.0
c 241.91097 40.64768 334.0 0.23104425 -0.45967455 0.0
c 241.91097 40.84891 334.0 0.23218804 -0.45967455 0.0
c 241.91097 41.05014 334.0 0.23333182 -0.45967455 0.0
c 241.91097 41.25136 334.0 0.2344756 -0.45967455 0.0
c 241.91097 41.45259 334.0 0.23561939 -0.45967455 0.0
c 241.91097 41.65381 334.0 0.23676317 -0.45967455 0.0
c 241.91097 41.85504 334.0 0.23790696 -0.45967455 0.0
c 241.91097 42.05627 334.0 0.23905074 -0.45967455 0.0
c 241.91097 42.25749 334.0 0.24019452 -0.45967455 0.0
c 241.91097 42.45872 334.0 0.24133831 -0.45967455 0.0
c 241.91097 42.65994 334.0 0.24248209 -0.45967455 0.0
c 241.91097 42.86117 334.0 0.24362587 -0.45967455 0.0
c 241.91097 43.0624 334.0 0.24476966 -0.45967455 0.0
c 241.91097 43.26362 334.0 0.24591344 -0.45967455 0.0
c 241.91097 43.46485 334.0 0.24705722 -0.45967455 0.0
c 241.91097 43.66608 334.0 0.24820101 -0.45967455 0.0
c 241.91097 43.8673 334.0 0.24934479 -0.45967455 0.0
c 241.91097 44.06853 334.0 0.25048857 -0.45967455 0.0
c 241.91097 44.26975 334.0 0.25163236 -0.45967455 0.0
c 241.91097 44.47098 334.0 0.25277614 -0.45967455 0.0
c 241.91097 44.67221 334.0 0.25391992 -0.45967455 0.0
c 241.91097 44.87343 334.0 0.25506371 -0.45967455 0.0
c 241.91097 45.07466 334.0 0.25620749 -0.45967455 0.0
c 241.91097 45.27588 334.0 0.25735127 -0.45967455 0.0
c 241.91097 45.47711 334.0 0.25849506 -0.45967455 0.0
c 241.91097 45.67834 334.0 0.25963884 -0.45967455 0.0
c 241.91097 45.87956 334.0 0.26078262 -0.45967455 0.0
c 241.91097 46.08079 334.0 0.26192641 -0.45967455 0.0
c 241.91097 46.28202 334.0 0.26307019 -0.45967455 0.0
c 241.91097 46.48324 334.0 0.26421397 -0.45967455 0.0
c 241.91097 46.68447 334.0 0.26535776 -0.45967455 0.0
c 241.91097 46.88569 334.0 0.26650154 -0.45967455 0.0
c 241.91097 47.08692 334.0 0.26764532 -0.45967455 0.0
c 241.91097 47.28815 334.0 0.26878911 -0.45967455 0.0
c 241.91097 47.48937 334.0 0.26993289 -0.45967455 0.0
c 241.91097 47.6906 334.0 0.27107667 -0.45967455 0.0
c 241.91097 47.89182 334.0 0.27222046 -0.45967455 0.0
c 241.91097 48.09305 334.0 0.27336424 -0.45967455 0.0
c 241.91097 48.29428 334.0 0.27450803 -0.45967455 0.0
c 241.91097 48.4955 334.0 0.27565181 -0.45967455 0.0
c 241.91097 48.69673 334.0 0.27679559 -0.45967455 0.0
c 241.91097 48.89796 334.0 0.27793938 -0.45967455 0.0
c 241.91097 49.09918 334.0 0.27908316 -0.45967455 0.0
c 241.91097 49.30041 334.0 0.28022694 -0.45967455 0.0
c 241.91097 49.50163 334.0 0.28137073 -0.45967455 0.0
c 241.91097 49.70286 334.0 0.28251451 -0.45967455 0.0
c 241.91097 49.90409 334.0 0.28365829 -0.45967455 0.0
c 241.91097 50.10531 334.0 0.28480208 -0.45967455 0.0
c 241.91097 50.30654 334.0 0.28594586 -0.45967455 0.0
c 241.91097 50.50776 334.0 0.28708964 -0.45967455 0.0
c 241.91097 50.70899 334.0 0.28823343 -0.45967455 0.0
c 241.91097 50.91022 334.0 0.28937721 -0.45967455 0.0
c 241.91097 51.11144 334.0 0.29052099 -0.45967455 0.0
c 241.91097 51.31267 334.0 0.29166478 -0.45967455 0.0
c 241.91097 51.5139 334.0 0.29280856 -0.45967455 0.0
c 241.91097 51.71512 334.0 0.29395234 -0.45967455 0.0
c 241.91097 51.91635 334.0 0.29509613 -0.45967455 0.0
c 241.91097 52.11757 334.0 0.29623991 -0.45967455 0.0
c 241.91097 52.3188 334.0 0.29738369 -0.45967455 0.0
c 241.91097 52.52003 334.0 0.29852748 -0.45967455 0.0
c 241.91097 52.72125 334.0 0.29967126 -0.45967455 0.0
c 241.91097 52.92248 334.0 0.30081504 -0.45967455 0.0
c 241.91097 53.1237 334.0 0.30195883 -0.45967455 0.0
c 241.91097 53.32493 334.0 0.30310261 -0.45967455 0.0
c 241.91097 53.52616 334.0 0.30424639 -0.45967455 0.0
c 241.91097 53.72738 334.0 0.30539018 -0.45967455 0.0
c 241.91097 53.92861 334.0 0.30653396 -0.45967455 0.0
c 241.91097 54.12984 334.0 0.30767774 -0.45967455 0.0
c 241.91097 54.33106 334.0 0.30882153 -0.45967455 0.0
c 241.91097 54.53229 334.0 0.30996531 -0.45967455 0.0
c 241.91097 54.73351 334.0 0.3111091 -0.45967455 0.0
c 241.91097 54.93474 334.0 0.31225288 -0.45967455 0.0
c 241.91097 55.13597 334.0 0.31339666 -0.45967455 0.0
c 241.91097 55.33719 334.0 0.31454045 -0.45967455 0.0
c 241.91097 55.53842 334.0 0.31568423 -0.45967455 0.0
c 241.91097 55.73964 334.0 0.31682801 -0.45967455 0.0
c 241.91097 55.94087 334.0 0.3179718 -0.45967455 0.0
c 241.91097 56.1421 334.0 0.31911558 -0.45967455 0.0
c 241.91097 56.34332 334.0 0.32025936 -0.45967455 0.0
c 241.91097 56.54455 334.0 0.32140315 -0.45967455 0.0
c 241.91097 56.74578 334.0 0.32254693 -0.45967455 0.0
c 241.91097 56.947 334.0 0.32369071 -0.45967455 0.0
c 241.91097 57.14823 334.0 0.3248345 -0.45967455 0.0
c 241.91097 57.34945 334.0 0.32597828 -0.45967455 0.0
c 241.91097 57.55068 334.0 0.32712206 -0.45967455 0.0
c 241.91097 57.75191 334.0 0.32826585 -0.45967455 0.0
c 241.91097 57.95313 334.0 0.32940963 -0.45967455 0.0
c 241.91097 58.15436 334.0 0.33055341 -0.45967455 0.0
c 241.91097 58.35558 334.0 0.3316972 -0.45967455 0.0
c 241.91097 58.55681 334.0 0.33284098 -0.45967455 0.0
c 241.91097 58.75804 334.0 0.33398476 -0.45967455 0.0
c 241.91097 58.95926 334.0 0.33512855 -0.45967455 0.0
c 241.91097 59.16049 334.0 0.33627233 -0.45967455 0.0
c 241.91097 59.36172 334.0 0.33741611 -0.45967455 0.0
c 241.91097 59.56294 334.0 0.3385599 -0.45967455 0.0
c 241.91097 59.76417 334.0 0.33970368 -0.45967455 0.0
c 241.91097 59.96539 334.0 0.34084746 -0.45967455 0.0
c 241.91097 60.16662 334.0 0.34199125 -0.45967455 0.0
c 241.91097 60.36785 334.0 0.34313503 -0.45967455 0.0
c 241.91097 60.56907 334.0 0.34427881 -0.45967455 0.0
c 241.91097 60.7703 334.0 0.3454226 -0.45967455 0.0
c 241.91097 60.97152 334.0 0.34656638 -0.45967455 0.0
c 241.91097 61.17275 334.0 0.34771017 -0.45967455 0.0
c 241.91097 61.37398 334.0 0.34885395 -0.45967455 0.0
c 241.91097 61.5752 334.0 0.34999773 -0.45967455 0.0
c 241.91097 61.77643 334.0 0.35114152 -0.45967455 0.0
c 241.91097 61.97766 334.0 0.3522853 -0.45967455 0.0
c 241.91097 62.17888 334.0 0.35342908 -0.45967455 0.0
c 241.91097 62.38011 334.0 0.35457287 -0.45967455 0.0
c 241.91097 62.58133 334.0 0.35571665 -0.45967455 0.0
c 241.91097 62.78256 334.0 0.35686043 -0.45967455 0.0
c 241.91097 62.98379 334.0 0.35800422 -0.45967455 0.0
c 241.91097 63.18501 334.0 0.359148 -0.45967455 0.0
c 241.91097 63.38624 334.0 0.36029178 -0.45967455 0.0
c 241.91097 63.58746 334.0 0.36143557 -0.45967455 0.0
c 241.91097 63.78869 334.0 0.36257935 -0.45967455 0.0
c 241.91097 63.98992 334.0 0.36372313 -0.45967455 0.0
c 241.91097 64.19114 334.0 0.36486692 -0.45967455 0.0
c 241.91097 64.39237 334.0 0.3660107 -0.45967455 0.0
