c 359.3 0.0 345.98 0.0 0.0 0.0 80.0
c 359.3 0.0 345.98 0.0 0.0 0.0 81.0
c 359.3 0.0 345.98 0.0 0.0 0.0 82.0
c 359.3 0.0 345.98 0.0 0.0 0.0 83.0
c 359.3 0.0 345.98 0.0 0.0 0.0 84.0
c 359.3 0.0 345.98 0.0 0.0 0.0 85.0
c 359.3 0.0 345.98 0.0 0.0 0.0 86.0
c 359.3 0.0 345.98 0.0 0.0 0.0 87.0
c 359.3 0.0 345.98 0.0 0.0 0.0 88.0
c 359.3 0.0 345.98 0.0 0.0 0.0 89.0
c 359.3 0.0 345.98 0.0 0.0 0.0 90.0
c 359.3 0.0 345.98 0.0 0.0 0.0 91.0
c 359.3 0.0 345.98 0.0 0.0 0.0 92.0
c 359.3 0.0 345.98 0.0 0.0 0.0 93.0
c 359.3 0.0 345.98 0.0 0.0 0.0 94.0
c 359.3 0.0 345.98 0.0 0.0 0.0 95.0
c 359.3 0.0 345.98 0.0 0.0 0.0 96.0
c 359.3 0.0 345.98 0.0 0.0 0.0 97.0
c 359.3 0.0 345.98 0.0 0.0 0.0 98.0
c 359.3 0.0 345.98 0.0 0.0 0.0 99.0
c 359.3 0.0 345.98 0.0 0.0 0.0 100.0
c 359.3 0.0 345.98 0.0 0.0 0.0 101.0
c 359.3 0.0 345.98 0.0 0.0 0.0 102.0
c 359.3 0.0 345.98 0.0 0.0 0.0 103.0
c 359.3 0.0 345.98 0.0 0.0 0.0 104.0
c 359.3 0.0 345.98 0.0 0.0 0.0 105.0
c 359.3 0.0 345.98 0.0 0.0 0.0 106.0
c 359.3 0.0 345.98 0.0 0.0 0.0 107.0
c 359.3 0.0 345.98 0.0 0.0 0.0 108.0
c 359.3 0.0 345.98 0.0 0.0 0.0 109.0
c 359.3 0.0 345.98 0.0 0.0 0.0 110.0
c 359.3 0.0 345.98 0.0 0.0 0.0 111.0
