c 252.24468 88.48607 356.75858 0.11225945 0.54417555 0.0
c 252.24468 88.48607 356.55843 0.11225945 0.54417555 0.0
c 252.24468 88.48607 356.35827 0.11225945 0.54417555 0.0
c 252.24468 88.48607 356.15812 0.11225945 0.54417555 0.0
c 252.24468 88.48607 355.95796 0.11225945 0.54417555 0.0
c 252.24468 88.48607 355.75781 0.11225945 0.54417555 0.0
c 252.24468 88.48607 355.55765 0.11225945 0.54417555 0.0
c 252.24468 88.48607 355.35749 0.11225945 0.54417555 0.0
c 252.24468 88.48607 355.15734 0.11225945 0.54417555 0.0
c 252.24468 88.48607 354.95718 0.11225945 0.54417555 0.0
c 252.24468 88.48607 354.75703 0.11225945 0.54417555 0.0
c 252.24468 88.48607 354.55687 0.11225945 0.54417555 0.0
c 252.24468 88.48607 354.35672 0.11225945 0.54417555 0.0
c 252.24468 88.48607 354.15656 0.11225945 0.54417555 0.0
c 252.24468 88.48607 353.9564 0.11225945 0.54417555 0.0
c 252.24468 88.48607 353.75625 0.11225945 0.54417555 0.0
c 252.24468 88.48607 353.55609 0.11225945 0.54417555 0.0
c 252.24468 88.48607 353.35594 0.11225945 0.54417555 0.0
c 252.24468 88.48607 353.15578 0.11225945 0.54417555 0.0
c 252.24468 88.48607 352.95563 0.11225945 0.54417555 0.0
c 252.24468 88.48607 352.75547 0.11225945 0.54417555 0.0
c 252.24468 88.48607 352.55531 0.11225945 0.54417555 0.0
c 252.24468 88.48607 352.35516 0.11225945 0.54417555 0.0
c 252.24468 88.48607 352.155 0.11225945 0.54417555 0.0
c 252.24468 88.48607 351.95485 0.11225945 0.54417555 0.0
c 252.24468 88.48607 351.75469 0.11225945 0.54417555 0.0
c 252.24468 88.48607 351.55454 0.11225945 0.54417555 0.0
c 252.24468 88.48607 351.35438 0.11225945 0.54417555 0.0
c 252.24468 88.48607 351.15422 0.11225945 0.54417555 0.0
c 252.24468 88.48607 350.95407 0.11225945 0.54417555 0.0
c 252.24468 88.48607 350.75391 0.11225945 0.54417555 0.0
c 252.24468 88.48607 350.55376 0.11225945 0.54417555 0.0
c 252.24468 88.48607 350.3536 0.11225945 0.54417555 0.0
c 252.24468 88.48607 350.15345 0.11225945 0.54417555 0.0
c 252.24468 88.48607 349.95329 0.11225945 0.54417555 0.0
c 252.24468 88.48607 349.75313 0.11225945 0.54417555 0.0
c 252.24468 88.48607 349.55298 0.11225945 0.54417555 0.0
c 252.24468 88.48607 349.35282 0.11225945 0.54417555 0.0
c 252.24468 88.48607 349.15267 0.11225945 0.54417555 0.0
c 252.24468 88.48607 348.95251 0.11225945 0.54417555 0.0
c 252.24468 88.48607 348.75236 0.11225945 0.54417555 0.0
c 252.24468 88.48607 348.5522 0.11225945 0.54417555 0.0
c 252.24468 88.48607 348.35204 0.11225945 0.54417555 0.0
c 252.24468 88.48607 348.15189 0.11225945 0.54417555 0.0
c 252.24468 88.48607 347.95173 0.11225945 0.54417555 0.0
c 252.24468 88.48607 347.75158 0.11225945 0.54417555 0.0
c 252.24468 88.48607 347.55142 0.11225945 0.54417555 0.0
c 252.24468 88.48607 347.35127 0.11225945 0.54417555 0.0
c 252.24468 88.48607 347.15111 0.11225945 0.54417555 0.0
c 252.24468 88.48607 346.95095 0.11225945 0.54417555 0.0
c 252.24468 88.48607 346.7508 0.11225945 0.54417555 0.0
c 252.24468 88.48607 346.55064 0.11225945 0.54417555 0.0
c 252.24468 88.48607 346.35049 0.11225945 0.54417555 0.0
c 252.24468 88.48607 346.15033 0.11225945 0.54417555 0.0
c 252.24468 88.48607 345.95018 0.11225945 0.54417555 0.0
c 252.24468 88.48607 345.75002 0.11225945 0.54417555 0.0
c 252.24468 88.48607 345.54986 0.11225945 0.54417555 0.0
c 252.24468 88.48607 345.34971 0.11225945 0.54417555 0.0
c 252.24468 88.48607 345.14955 0.11225945 0.54417555 0.0
c 252.24468 88.48607 344.9494 0.11225945 0.54417555 0.0
c 252.24468 88.48607 344.74924 0.11225945 0.54417555 0.0
c 252.24468 88.48607 344.54909 0.11225945 0.54417555 0.0
c 252.24468 88.48607 344.34893 0.11225945 0.54417555 0.0
c 252.24468 88.48607 344.14877 0.11225945 0.54417555 0.0
c 252.24468 88.48607 343.94862 0.11225945 0.54417555 0.0
c 252.24468 88.48607 343.74846 0.11225945 0.54417555 0.0
c 252.24468 88.48607 343.54831 0.11225945 0.54417555 0.0
c 252.24468 88.48607 343.34815 0.11225945 0.54417555 0.0
c 252.24468 88.48607 343.148 0.11225945 0.54417555 0.0
c 252.24468 88.48607 342.94784 0.11225945 0.54417555 0.0
c 252.24468 88.48607 342.74768 0.11225945 0.54417555 0.0
c 252.24468 88.48607 342.54753 0.11225945 0.54417555 0.0
c 252.24468 88.48607 342.34737 0.11225945 0.54417555 0.0
c 252.24468 88.48607 342.14722 0.11225945 0.54417555 0.0
c 252.24468 88.48607 341.94706 0.11225945 0.54417555 0.0
c 252.24468 88.48607 341.74691 0.11225945 0.54417555 0.0
c 252.24468 88.48607 341.54675 0.11225945 0.54417555 0.0
c 252.24468 88.48607 341.34659 0.11225945 0.54417555 0.0
c 252.24468 88.48607 341.14644 0.11225945 0.54417555 0.0
c 252.24468 88.48607 340.94628 0.11225945 0.54417555 0.0
c 252.24468 88.48607 340.74613 0.11225945 0.54417555 0.0
c 252.24468 88.48607 340.54597 0.11225945 0.54417555 0.0
c 252.24468 88.48607 340.34582 0.11225945 0.54417555 0.0
c 252.24468 88.48607 340.14566 0.11225945 0.54417555 0.0
c 252.24468 88.48607 339.9455 0.11225945 0.54417555 0.0
c 252.24468 88.48607 339.74535 0.11225945 0.54417555 0.0
c 252.24468 88.48607 339.54519 0.11225945 0.54417555 0.0
c 252.24468 88.48607 339.34504 0.11225945 0.54417555 0.0
c 252.24468 88.48607 339.14488 0.11225945 0.54417555 0.0
c 252.24468 88.48607 338.94473 0.11225945 0.54417555 0.0
c 252.24468 88.48607 338.74457 0.11225945 0.54417555 0.0
c 252.24468 88.48607 338.54441 0.11225945 0.54417555 0.0
c 252.24468 88.48607 338.34426 0.11225945 0.54417555 0.0
c 252.24468 88.48607 338.1441 0.11225945 0.54417555 0.0
c 252.24468 88.48607 337.94395 0.11225945 0.54417555 0.0
c 252.24468 88.48607 337.74379 0.11225945 0.54417555 0.0
c 252.24468 88.48607 337.54364 0.11225945 0.54417555 0.0
c 252.24468 88.48607 337.34348 0.11225945 0.54417555 0.0
c 252.24468 88.48607 337.14332 0.11225945 0.54417555 0.0
c 252.24468 88.48607 336.94317 0.11225945 0.54417555 0.0
c 252.24468 88.48607 336.74301 0.11225945 0.54417555 0.0
c 252.24468 88.48607 336.54286 0.11225945 0.54417555 0.0
c 252.24468 88.48607 336.3427 0.11225945 0.54417555 0.0
c 252.24468 88.48607 336.14255 0.11225945 0.54417555 0.0
c 252.24468 88.48607 335.94239 0.11225945 0.54417555 0.0
c 252.24468 88.48607 335.74223 0.11225945 0.54417555 0.0
c 252.24468 88.48607 335.54208 0.11225945 0.54417555 0.0
c 252.24468 88.48607 335.34192 0.11225945 0.54417555 0.0
c 252.24468 88.48607 335.14177 0.11225945 0.54417555 0.0
c 252.24468 88.48607 334.94161 0.11225945 0.54417555 0.0
c 252.24468 88.48607 334.74146 0.11225945 0.54417555 0.0
c 252.24468 88.48607 334.5413 0.11225945 0.54417555 0.0
c 252.24468 88.48607 334.34114 0.11225945 0.54417555 0.0
c 252.24468 88.48607 334.14099 0.11225945 0.54417555 0.0
c 252.24468 88.48607 333.94083 0.11225945 0.54417555 0.0
c 252.24468 88.48607 333.74068 0.11225945 0.54417555 0.0
c 252.24468 88.48607 333.54052 0.11225945 0.54417555 0.0
c 252.24468 88.48607 333.34037 0.11225945 0.54417555 0.0
c 252.24468 88.48607 333.14021 0.11225945 0.54417555 0.0
c 252.24468 88.48607 332.94005 0.11225945 0.54417555 0.0
c 252.24468 88.48607 332.7399 0.11225945 0.54417555 0.0
c 252.24468 88.48607 332.53974 0.11225945 0.54417555 0.0
c 252.24468 88.48607 332.33959 0.11225945 0.54417555 0.0
c 252.24468 88.48607 332.13943 0.11225945 0.54417555 0.0
c 252.24468 88.48607 331.93928 0.11225945 0.54417555 0.0
c 252.24468 88.48607 331.73912 0.11225945 0.54417555 0.0
c 252.24468 88.48607 331.53896 0.11225945 0.54417555 0.0
c 252.24468 88.48607 331.33881 0.11225945 0.54417555 0.0
c 252.24468 88.48607 331.13865 0.11225945 0.54417555 0.0
c 252.24468 88.48607 330.9385 0.11225945 0.54417555 0.0
c 252.24468 88.48607 330.73834 0.11225945 0.54417555 0.0
c 252.24468 88.48607 330.53819 0.11225945 0.54417555 0.0
c 252.24468 88.48607 330.33803 0.11225945 0.54417555 0.0
c 252.24468 88.48607 330.13787 0.11225945 0.54417555 0.0
c 252.24468 88.48607 329.93772 0.11225945 0.54417555 0.0
c 252.24468 88.48607 329.73756 0.11225945 0.54417555 0.0
c 252.24468 88.48607 329.53741 0.11225945 0.54417555 0.0
c 252.24468 88.48607 329.33725 0.11225945 0.54417555 0.0
c 252.24468 88.48607 329.1371 0.11225945 0.54417555 0.0
c 252.24468 88.48607 328.93694 0.11225945 0.54417555 0.0
c 252.24468 88.48607 328.73678 0.11225945 0.54417555 0.0
c 252.24468 88.48607 328.53663 0.11225945 0.54417555 0.0
c 252.24468 88.48607 328.33647 0.11225945 0.54417555 0.0
c 252.24468 88.48607 328.13632 0.11225945 0.54417555 0.0
c 252.24468 88.48607 327.93616 0.11225945 0.54417555 0.0
c 252.24468 88.48607 327.73601 0.11225945 0.54417555 0.0
c 252.24468 88.48607 327.53585 0.11225945 0.54417555 0.0
c 252.24468 88.48607 327.33569 0.11225945 0.54417555 0.0
c 252.24468 88.48607 327.13554 0.11225945 0.54417555 0.0
c 252.24468 88.48607 326.93538 0.11225945 0.54417555 0.0
c 252.24468 88.48607 326.73523 0.11225945 0.54417555 0.0
c 252.24468 88.48607 326.53507 0.11225945 0.54417555 0.0
c 252.24468 88.48607 326.33492 0.11225945 0.54417555 0.0
c 252.24468 88.48607 326.13476 0.11225945 0.54417555 0.0
c 252.24468 88.48607 325.9346 0.11225945 0.54417555 0.0
c 252.24468 88.48607 325.73445 0.11225945 0.54417555 0.0
c 252.24468 88.48607 325.53429 0.11225945 0.54417555 0.0
c 252.24468 88.48607 325.33414 0.11225945 0.54417555 0.0
c 252.24468 88.48607 325.13398 0.11225945 0.54417555 0.0
c 252.24468 88.48607 324.93383 0.11225945 0.54417555 0.0
c 252.24468 88.48607 324.73367 0.11225945 0.54417555 0.0
c 252.24468 88.48607 324.53351 0.11225945 0.54417555 0.0
c 252.24468 88.48607 324.33336 0.11225945 0.54417555 0.0
c 252.24468 88.48607 324.1332 0.11225945 0.54417555 0.0
c 252.24468 88.48607 323.93305 0.11225945 0.54417555 0.0
c 252.24468 88.48607 323.73289 0.11225945 0.54417555 0.0
c 252.24468 88.48607 323.53274 0.11225945 0.54417555 0.0
c 252.24468 88.48607 323.33258 0.11225945 0.54417555 0.0
c 252.24468 88.48607 323.13242 0.11225945 0.54417555 0.0
c 252.24468 88.48607 322.93227 0.11225945 0.54417555 0.0
c 252.24468 88.48607 322.73211 0.11225945 0.54417555 0.0
c 252.24468 88.48607 322.53196 0.11225945 0.54417555 0.0
c 252.24468 88.48607 322.3318 0.11225945 0.54417555 0.0
c 252.24468 88.48607 322.13165 0.11225945 0.54417555 0.0
c 252.24468 88.48607 321.93149 0.11225945 0.54417555 0.0
c 252.24468 88.48607 321.73133 0.11225945 0.54417555 0.0
c 252.24468 88.48607 321.53118 0.11225945 0.54417555 0.0
c 252.24468 88.48607 321.33102 0.11225945 0.54417555 0.0
c 252.24468 88.48607 321.13087 0.11225945 0.54417555 0.0
c 252.24468 88.48607 320.93071 0.11225945 0.54417555 0.0
c 252.24468 88.48607 320.73055 0.11225945 0.54417555 0.0
c 252.24468 88.48607 320.5304 0.11225945 0.54417555 0.0
c 252.24468 88.48607 320.33024 0.11225945 0.54417555 0.0
c 252.24468 88.48607 320.13009 0.11225945 0.54417555 0.0
c 252.24468 88.48607 319.92993 0.11225945 0.54417555 0.0
c 252.24468 88.48607 319.72978 0.11225945 0.54417555 0.0
c 252.24468 88.48607 319.52962 0.11225945 0.54417555 0.0
c 252.24468 88.48607 319.32946 0.11225945 0.54417555 0.0
c 252.24468 88.48607 319.12931 0.11225945 0.54417555 0.0
c 252.24468 88.48607 318.92915 0.11225945 0.54417555 0.0
c 252.24468 88.48607 318.729 0.11225945 0.54417555 0.0
c 252.24468 88.48607 318.52884 0.11225945 0.54417555 0.0
c 252.24468 88.48607 318.32869 0.11225945 0.54417555 0.0
c 252.24468 88.48607 318.12853 0.11225945 0.54417555 0.0
c 252.24468 88.48607 317.92837 0.11225945 0.54417555 0.0
c 252.24468 88.48607 317.72822 0.11225945 0.54417555 0.0
c 252.24468 88.48607 317.52806 0.11225945 0.54417555 0.0
c 252.24468 88.48607 317.32791 0.11225945 0.54417555 0.0
c 252.24468 88.48607 317.12775 0.11225945 0.54417555 0.0
c 252.24468 88.48607 316.9276 0.11225945 0.54417555 0.0
c 252.24468 88.48607 316.72744 0.11225945 0.54417555 0.0
c 252.24468 88.48607 316.52728 0.11225945 0.54417555 0.0
c 252.24468 88.48607 316.32713 0.11225945 0.54417555 0.0
c 252.24468 88.48607 316.12697 0.11225945 0.54417555 0.0
c 252.24468 88.48607 315.92682 0.11225945 0.54417555 0.0
c 252.24468 88.48607 315.72666 0.11225945 0.54417555 0.0
c 252.24468 88.48607 315.52651 0.11225945 0.54417555 0.0
c 252.24468 88.48607 315.32635 0.11225945 0.54417555 0.0
c 252.24468 88.48607 315.12619 0.11225945 0.54417555 0.0
c 252.24468 88.48607 314.92604 0.11225945 0.54417555 0.0
c 252.24468 88.48607 314.72588 0.11225945 0.54417555 0.0
c 252.24468 88.48607 314.52573 0.11225945 0.54417555 0.0
c 252.24468 88.48607 314.32557 0.11225945 0.54417555 0.0
c 252.24468 88.48607 314.12542 0.11225945 0.54417555 0.0
c 252.24468 88.48607 313.92526 0.11225945 0.54417555 0.0
c 252.24468 88.48607 313.7251 0.11225945 0.54417555 0.0
c 252.24468 88.48607 313.52495 0.11225945 0.54417555 0.0
c 252.24468 88.48607 313.32479 0.11225945 0.54417555 0.0
c 252.24468 88.48607 313.12464 0.11225945 0.54417555 0.0
c 252.24468 88.48607 312.92448 0.11225945 0.54417555 0.0
c 252.24468 88.48607 312.72433 0.11225945 0.54417555 0.0
c 252.24468 88.48607 312.52417 0.11225945 0.54417555 0.0
c 252.24468 88.48607 312.32401 0.11225945 0.54417555 0.0
c 252.24468 88.48607 312.12386 0.11225945 0.54417555 0.0
c 252.24468 88.48607 311.9237 0.11225945 0.54417555 0.0
c 252.24468 88.48607 311.72355 0.11225945 0.54417555 0.0
c 252.24468 88.48607 311.52339 0.11225945 0.54417555 0.0
c 252.24468 88.48607 311.32324 0.11225945 0.54417555 0.0
c 252.24468 88.48607 311.12308 0.11225945 0.54417555 0.0
c 252.24468 88.48607 310.92292 0.11225945 0.54417555 0.0
c 252.24468 88.48607 310.72277 0.11225945 0.54417555 0.0
c 252.24468 88.48607 310.52261 0.11225945 0.54417555 0.0
c 252.24468 88.48607 310.32246 0.11225945 0.54417555 0.0
c 252.24468 88.48607 310.1223 0.11225945 0.54417555 0.0
c 252.24468 88.48607 309.92215 0.11225945 0.54417555 0.0
c 252.24468 88.48607 309.72199 0.11225945 0.54417555 0.0
c 252.24468 88.48607 309.52183 0.11225945 0.54417555 0.0
c 252.24468 88.48607 309.32168 0.11225945 0.54417555 0.0
c 252.24468 88.48607 309.12152 0.11225945 0.54417555 0.0
c 252.24468 88.48607 308.92137 0.11225945 0.54417555 0.0
c 252.24468 88.48607 308.72121 0.11225945 0.54417555 0.0
c 252.24468 88.48607 308.52106 0.11225945 0.54417555 0.0
c 252.24468 88.48607 308.3209 0.11225945 0.54417555 0.0
c 252.24468 88.48607 308.12074 0.11225945 0.54417555 0.0
c 252.24468 88.48607 307.92059 0.11225945 0.54417555 0.0
c 252.24468 88.48607 307.72043 0.11225945 0.54417555 0.0
c 252.24468 88.48607 307.52028 0.11225945 0.54417555 0.0
c 252.24468 88.48607 307.32012 0.11225945 0.54417555 0.0
c 252.24468 88.48607 307.11997 0.11225945 0.54417555 0.0
c 252.24468 88.48607 306.91981 0.11225945 0.54417555 0.0
c 252.24468 88.48607 306.71965 0.11225945 0.54417555 0.0
c 252.24468 88.48607 306.5195 0.11225945 0.54417555 0.0
c 252.24468 88.48607 306.31934 0.11225945 0.54417555 0.0
c 252.24468 88.48607 306.11919 0.11225945 0.54417555 0.0
c 252.24468 88.48607 305.91903 0.11225945 0.54417555 0.0
c 252.24468 88.48607 305.71888 0.11225945 0.54417555 0.0
c 252.24468 88.48607 305.51872 0.11225945 0.54417555 0.0
c 252.24468 88.48607 305.31856 0.11225945 0.54417555 0.0
c 252.24468 88.48607 305.11841 0.11225945 0.54417555 0.0
c 252.24468 88.48607 304.91825 0.11225945 0.54417555 0.0
c 252.24468 88.48607 304.7181 0.11225945 0.54417555 0.0
c 252.24468 88.48607 304.51794 0.11225945 0.54417555 0.0
c 252.24468 88.48607 304.31779 0.11225945 0.54417555 0.0
c 252.24468 88.48607 304.11763 0.11225945 0.54417555 0.0
c 252.24468 88.48607 303.91747 0.11225945 0.54417555 0.0
c 252.24468 88.48607 303.71732 0.11225945 0.54417555 0.0
c 252.24468 88.48607 303.51716 0.11225945 0.54417555 0.0
c 252.24468 88.48607 303.31701 0.11225945 0.54417555 0.0
c 252.24468 88.48607 303.11685 0.11225945 0.54417555 0.0
c 252.24468 88.48607 302.9167 0.11225945 0.54417555 0.0
c 252.24468 88.48607 302.71654 0.11225945 0.54417555 0.0
c 252.24468 88.48607 302.51638 0.11225945 0.54417555 0.0
c 252.24468 88.48607 302.31623 0.11225945 0.54417555 0.0
c 252.24468 88.48607 302.11607 0.11225945 0.54417555 0.0
c 252.24468 88.48607 301.91592 0.11225945 0.54417555 0.0
c 252.24468 88.48607 301.71576 0.11225945 0.54417555 0.0
c 252.24468 88.48607 301.51561 0.11225945 0.54417555 0.0
c 252.24468 88.48607 301.31545 0.11225945 0.54417555 0.0
c 252.24468 88.48607 301.11529 0.11225945 0.54417555 0.0
c 252.24468 88.48607 300.91514 0.11225945 0.54417555 0.0
c 252.24468 88.48607 300.71498 0.11225945 0.54417555 0.0
c 252.24468 88.48607 300.51483 0.11225945 0.54417555 0.0
c 252.24468 88.48607 300.31467 0.11225945 0.54417555 0.0
c 252.24468 88.48607 300.11452 0.11225945 0.54417555 0.0
c 252.24468 88.48607 299.91436 0.11225945 0.54417555 0.0
c 252.24468 88.48607 299.7142 0.11225945 0.54417555 0.0
c 252.24468 88.48607 299.51405 0.11225945 0.54417555 0.0
c 252.24468 88.48607 299.31389 0.11225945 0.54417555 0.0
c 252.24468 88.48607 299.11374 0.11225945 0.54417555 0.0
c 252.24468 88.48607 298.91358 0.11225945 0.54417555 0.0
c 252.24468 88.48607 298.71343 0.11225945 0.54417555 0.0
c 252.24468 88.48607 298.51327 0.11225945 0.54417555 0.0
c 252.24468 88.48607 298.31311 0.11225945 0.54417555 0.0
c 252.24468 88.48607 298.11296 0.11225945 0.54417555 0.0
c 252.24468 88.48607 297.9128 0.11225945 0.54417555 0.0
c 252.24468 88.48607 297.71265 0.11225945 0.54417555 0.0
c 252.24468 88.48607 297.51249 0.11225945 0.54417555 0.0
c 252.24468 88.48607 297.31234 0.11225945 0.54417555 0.0
c 252.24468 88.48607 297.11218 0.11225945 0.54417555 0.0
c 252.24468 88.48607 296.91202 0.11225945 0.54417555 0.0
c 252.24468 88.48607 296.71187 0.11225945 0.54417555 0.0
c 252.24468 88.48607 296.51171 0.11225945 0.54417555 0.0
c 252.24468 88.48607 296.31156 0.11225945 0.54417555 0.0
c 252.24468 88.48607 296.1114 0.11225945 0.54417555 0.0
c 252.24468 88.48607 295.91125 0.11225945 0.54417555 0.0
c 252.24468 88.48607 295.71109 0.11225945 0.54417555 0.0
c 252.24468 88.48607 295.51093 0.11225945 0.54417555 0.0
c 252.24468 88.48607 295.31078 0.11225945 0.54417555 0.0
c 252.24468 88.48607 295.11062 0.11225945 0.54417555 0.0
c 252.24468 88.48607 294.91047 0.11225945 0.54417555 0.0
c 252.24468 88.48607 294.71031 0.11225945 0.54417555 0.0
c 252.24468 88.48607 294.51016 0.11225945 0.54417555 0.0
c 252.24468 88.48607 294.31 0.11225945 0.54417555 0.0
c 252.24468 88.48607 294.10984 0.11225945 0.54417555 0.0
c 252.24468 88.48607 293.90969 0.11225945 0.54417555 0.0
c 252.24468 88.48607 293.70953 0.11225945 0.54417555 0.0
c 252.24468 88.48607 293.50938 0.11225945 0.54417555 0.0
c 252.24468 88.48607 293.30922 0.11225945 0.54417555 0.0
c 252.24468 88.48607 293.10907 0.11225945 0.54417555 0.0
c 252.24468 88.48607 292.90891 0.11225945 0.54417555 0.0
c 252.24468 88.48607 292.70875 0.11225945 0.54417555 0.0
c 252.24468 88.48607 292.5086 0.11225945 0.54417555 0.0
c 252.24468 88.48607 292.30844 0.11225945 0.54417555 0.0
c 252.24468 88.48607 292.10829 0.11225945 0.54417555 0.0
c 252.24468 88.48607 291.90813 0.11225945 0.54417555 0.0
c 252.24468 88.48607 291.70798 0.11225945 0.54417555 0.0
c 252.24468 88.48607 291.50782 0.11225945 0.54417555 0.0
c 252.24468 88.48607 291.30766 0.11225945 0.54417555 0.0
c 252.24468 88.48607 291.10751 0.11225945 0.54417555 0.0
c 252.24468 88.48607 290.90735 0.11225945 0.54417555 0.0
c 252.24468 88.48607 290.7072 0.11225945 0.54417555 0.0
c 252.24468 88.48607 290.50704 0.11225945 0.54417555 0.0
c 252.24468 88.48607 290.30689 0.11225945 0.54417555 0.0
c 252.24468 88.48607 290.10673 0.11225945 0.54417555 0.0
c 252.24468 88.48607 289.90657 0.11225945 0.54417555 0.0
c 252.24468 88.48607 289.70642 0.11225945 0.54417555 0.0
c 252.24468 88.48607 289.50626 0.11225945 0.54417555 0.0
c 252.24468 88.48607 289.30611 0.11225945 0.54417555 0.0
c 252.24468 88.48607 289.10595 0.11225945 0.54417555 0.0
c 252.24468 88.48607 288.9058 0.11225945 0.54417555 0.0
c 252.24468 88.48607 288.70564 0.11225945 0.54417555 0.0
c 252.24468 88.48607 288.50548 0.11225945 0.54417555 0.0
c 252.24468 88.48607 288.30533 0.11225945 0.54417555 0.0
c 252.24468 88.48607 288.10517 0.11225945 0.54417555 0.0
c 252.24468 88.48607 287.90502 0.11225945 0.54417555 0.0
c 252.24468 88.48607 287.70486 0.11225945 0.54417555 0.0
c 252.24468 88.48607 287.50471 0.11225945 0.54417555 0.0
c 252.24468 88.48607 287.30455 0.11225945 0.54417555 0.0
c 252.24468 88.48607 287.10439 0.11225945 0.54417555 0.0
c 252.24468 88.48607 286.90424 0.11225945 0.54417555 0.0
c 252.24468 88.48607 286.70408 0.11225945 0.54417555 0.0
c 252.24468 88.48607 286.50393 0.11225945 0.54417555 0.0
c 252.24468 88.48607 286.30377 0.11225945 0.54417555 0.0
c 252.24468 88.48607 286.10361 0.11225945 0.54417555 0.0
c 252.24468 88.48607 285.90346 0.11225945 0.54417555 0.0
c 252.24468 88.48607 285.7033 0.11225945 0.54417555 0.0
c 252.24468 88.48607 285.50315 0.11225945 0.54417555 0.0
c 252.24468 88.48607 285.30299 0.11225945 0.54417555 0.0
c 252.24468 88.48607 285.10284 0.11225945 0.54417555 0.0
c 252.24468 88.48607 284.90268 0.11225945 0.54417555 0.0
c 252.24468 88.48607 284.70252 0.11225945 0.54417555 0.0
c 252.24468 88.48607 284.50237 0.11225945 0.54417555 0.0
c 252.24468 88.48607 284.30221 0.11225945 0.54417555 0.0
c 252.24468 88.48607 284.10206 0.11225945 0.54417555 0.0
c 252.24468 88.48607 283.9019 0.11225945 0.54417555 0.0
c 252.24468 88.48607 283.70175 0.11225945 0.54417555 0.0
c 252.24468 88.48607 283.50159 0.11225945 0.54417555 0.0
c 252.24468 88.48607 283.30143 0.11225945 0.54417555 0.0
c 252.24468 88.48607 283.10128 0.11225945 0.54417555 0.0
c 252.24468 88.48607 282.90112 0.11225945 0.54417555 0.0
c 252.24468 88.48607 282.70097 0.11225945 0.54417555 0.0
c 252.24468 88.48607 282.50081 0.11225945 0.54417555 0.0
c 252.24468 88.48607 282.30066 0.11225945 0.54417555 0.0
c 252.24468 88.48607 282.1005 0.11225945 0.54417555 0.0
c 252.24468 88.48607 281.90034 0.11225945 0.54417555 0.0
c 252.24468 88.48607 281.70019 0.11225945 0.54417555 0.0
c 252.24468 88.48607 281.50003 0.11225945 0.54417555 0.0
c 252.24468 88.48607 281.29988 0.11225945 0.54417555 0.0
c 252.24468 88.48607 281.09972 0.11225945 0.54417555 0.0
c 252.24468 88.48607 280.89957 0.11225945 0.54417555 0.0
c 252.24468 88.48607 280.69941 0.11225945 0.54417555 0.0
c 252.24468 88.48607 280.49925 0.11225945 0.54417555 0.0
c 252.24468 88.48607 280.2991 0.11225945 0.54417555 0.0
c 252.24468 88.48607 280.09894 0.11225945 0.54417555 0.0
c 252.24468 88.48607 279.89879 0.11225945 0.54417555 0.0
c 252.24468 88.48607 279.69863 0.11225945 0.54417555 0.0
c 252.24468 88.48607 279.49848 0.11225945 0.54417555 0.0
c 252.24468 88.48607 279.29832 0.11225945 0.54417555 0.0
c 252.24468 88.48607 279.09816 0.11225945 0.54417555 0.0
c 252.24468 88.48607 278.89801 0.11225945 0.54417555 0.0
c 252.24468 88.48607 278.69785 0.11225945 0.54417555 0.0
c 252.24468 88.48607 278.4977 0.11225945 0.54417555 0.0
c 252.24468 88.48607 278.29754 0.11225945 0.54417555 0.0
c 252.24468 88.48607 278.09739 0.11225945 0.54417555 0.0
c 252.24468 88.48607 277.89723 0.11225945 0.54417555 0.0
c 252.24468 88.48607 277.69707 0.11225945 0.54417555 0.0
c 252.24468 88.48607 277.49692 0.11225945 0.54417555 0.0
c 252.24468 88.48607 277.29676 0.11225945 0.54417555 0.0
c 252.24468 88.48607 277.09661 0.11225945 0.54417555 0.0
c 252.24468 88.48607 276.89645 0.11225945 0.54417555 0.0
c 252.24468 88.48607 276.6963 0.11225945 0.54417555 0.0
c 252.24468 88.48607 276.49614 0.11225945 0.54417555 0.0
c 252.24468 88.48607 276.29598 0.11225945 0.54417555 0.0
c 252.24468 88.48607 276.09583 0.11225945 0.54417555 0.0
c 252.24468 88.48607 275.89567 0.11225945 0.54417555 0.0
c 252.24468 88.48607 275.69552 0.11225945 0.54417555 0.0
c 252.24468 88.48607 275.49536 0.11225945 0.54417555 0.0
c 252.24468 88.48607 275.29521 0.11225945 0.54417555 0.0
c 252.24468 88.48607 275.09505 0.11225945 0.54417555 0.0
c 252.24468 88.48607 274.89489 0.11225945 0.54417555 0.0
c 252.24468 88.48607 274.69474 0.11225945 0.54417555 0.0
c 252.24468 88.48607 274.49458 0.11225945 0.54417555 0.0
c 252.24468 88.48607 274.29443 0.11225945 0.54417555 0.0
c 252.24468 88.48607 274.09427 0.11225945 0.54417555 0.0
c 252.24468 88.48607 273.89412 0.11225945 0.54417555 0.0
c 252.24468 88.48607 273.69396 0.11225945 0.54417555 0.0
c 252.24468 88.48607 273.4938 0.11225945 0.54417555 0.0
c 252.24468 88.48607 273.29365 0.11225945 0.54417555 0.0
c 252.24468 88.48607 273.09349 0.11225945 0.54417555 0.0
c 252.24468 88.48607 272.89334 0.11225945 0.54417555 0.0
c 252.24468 88.48607 272.69318 0.11225945 0.54417555 0.0
c 252.24468 88.48607 272.49303 0.11225945 0.54417555 0.0
c 252.24468 88.48607 272.29287 0.11225945 0.54417555 0.0
c 252.24468 88.48607 272.09271 0.11225945 0.54417555 0.0
c 252.24468 88.48607 271.89256 0.11225945 0.54417555 0.0
c 252.24468 88.48607 271.6924 0.11225945 0.54417555 0.0
c 252.24468 88.48607 271.49225 0.11225945 0.54417555 0.0
c 252.24468 88.48607 271.29209 0.11225945 0.54417555 0.0
c 252.24468 88.48607 271.09194 0.11225945 0.54417555 0.0
c 252.24468 88.48607 270.89178 0.11225945 0.54417555 0.0
c 252.24468 88.48607 270.69162 0.11225945 0.54417555 0.0
c 252.24468 88.48607 270.49147 0.11225945 0.54417555 0.0
c 252.24468 88.48607 270.29131 0.11225945 0.54417555 0.0
c 252.24468 88.48607 270.09116 0.11225945 0.54417555 0.0
c 252.24468 88.48607 269.891 0.11225945 0.54417555 0.0
c 252.24468 88.48607 269.69085 0.11225945 0.54417555 0.0
c 252.24468 88.48607 269.49069 0.11225945 0.54417555 0.0
c 252.24468 88.48607 269.29053 0.11225945 0.54417555 0.0
c 252.24468 88.48607 269.09038 0.11225945 0.54417555 0.0
c 252.24468 88.48607 268.89022 0.11225945 0.54417555 0.0
c 252.24468 88.48607 268.69007 0.11225945 0.54417555 0.0
c 252.24468 88.48607 268.48991 0.11225945 0.54417555 0.0
c 252.24468 88.48607 268.28976 0.11225945 0.54417555 0.0
c 252.24468 88.48607 268.0896 0.11225945 0.54417555 0.0
c 252.24468 88.48607 267.88944 0.11225945 0.54417555 0.0
c 252.24468 88.48607 267.68929 0.11225945 0.54417555 0.0
c 252.24468 88.48607 267.48913 0.11225945 0.54417555 0.0
c 252.24468 88.48607 267.28898 0.11225945 0.54417555 0.0
c 252.24468 88.48607 267.08882 0.11225945 0.54417555 0.0
c 252.24468 88.48607 266.88867 0.11225945 0.54417555 0.0
c 252.24468 88.48607 266.68851 0.11225945 0.54417555 0.0
c 252.24468 88.48607 266.48835 0.11225945 0.54417555 0.0
c 252.24468 88.48607 266.2882 0.11225945 0.54417555 0.0
c 252.24468 88.48607 266.08804 0.11225945 0.54417555 0.0
c 252.24468 88.48607 265.88789 0.11225945 0.54417555 0.0
c 252.24468 88.48607 265.68773 0.11225945 0.54417555 0.0
c 252.24468 88.48607 265.48758 0.11225945 0.54417555 0.0
c 252.24468 88.48607 265.28742 0.11225945 0.54417555 0.0
c 252.24468 88.48607 265.08726 0.11225945 0.54417555 0.0
c 252.24468 88.48607 264.88711 0.11225945 0.54417555 0.0
c 252.24468 88.48607 264.68695 0.11225945 0.54417555 0.0
c 252.24468 88.48607 264.4868 0.11225945 0.54417555 0.0
c 252.24468 88.48607 264.28664 0.11225945 0.54417555 0.0
c 252.24468 88.48607 264.08649 0.11225945 0.54417555 0.0
c 252.24468 88.48607 263.88633 0.11225945 0.54417555 0.0
c 252.24468 88.48607 263.68617 0.11225945 0.54417555 0.0
c 252.24468 88.48607 263.48602 0.11225945 0.54417555 0.0
c 252.24468 88.48607 263.28586 0.11225945 0.54417555 0.0
c 252.24468 88.48607 263.08571 0.11225945 0.54417555 0.0
c 252.24468 88.48607 262.88555 0.11225945 0.54417555 0.0
c 252.24468 88.48607 262.6854 0.11225945 0.54417555 0.0
c 252.24468 88.48607 262.48524 0.11225945 0.54417555 0.0
c 252.24468 88.48607 262.28508 0.11225945 0.54417555 0.0
c 252.24468 88.48607 262.08493 0.11225945 0.54417555 0.0
c 252.24468 88.48607 261.88477 0.11225945 0.54417555 0.0
c 252.24468 88.48607 261.68462 0.11225945 0.54417555 0.0
c 252.24468 88.48607 261.48446 0.11225945 0.54417555 0.0
c 252.24468 88.48607 261.28431 0.11225945 0.54417555 0.0
c 252.24468 88.48607 261.08415 0.11225945 0.54417555 0.0
c 252.24468 88.48607 260.88399 0.11225945 0.54417555 0.0
c 252.24468 88.48607 260.68384 0.11225945 0.54417555 0.0
c 252.24468 88.48607 260.48368 0.11225945 0.54417555 0.0
c 252.24468 88.48607 260.28353 0.11225945 0.54417555 0.0
c 252.24468 88.48607 260.08337 0.11225945 0.54417555 0.0
c 252.24468 88.48607 259.88322 0.11225945 0.54417555 0.0
c 252.24468 88.48607 259.68306 0.11225945 0.54417555 0.0
c 252.24468 88.48607 259.4829 0.11225945 0.54417555 0.0
c 252.24468 88.48607 259.28275 0.11225945 0.54417555 0.0
c 252.24468 88.48607 259.08259 0.11225945 0.54417555 0.0
c 252.24468 88.48607 258.88244 0.11225945 0.54417555 0.0
c 252.24468 88.48607 258.68228 0.11225945 0.54417555 0.0
c 252.24468 88.48607 258.48213 0.11225945 0.54417555 0.0
c 252.24468 88.48607 258.28197 0.11225945 0.54417555 0.0
c 252.24468 88.48607 258.08181 0.11225945 0.54417555 0.0
c 252.24468 88.48607 257.88166 0.11225945 0.54417555 0.0
c 252.24468 88.48607 257.6815 0.11225945 0.54417555 0.0
c 252.24468 88.48607 257.48135 0.11225945 0.54417555 0.0
c 252.24468 88.48607 257.28119 0.11225945 0.54417555 0.0
c 252.24468 88.48607 257.08104 0.11225945 0.54417555 0.0
c 252.24468 88.48607 256.88088 0.11225945 0.54417555 0.0
c 252.24468 88.48607 256.68072 0.11225945 0.54417555 0.0
c 252.24468 88.48607 256.48057 0.11225945 0.54417555 0.0
c 252.24468 88.48607 256.28041 0.11225945 0.54417555 0.0
c 252.24468 88.48607 256.08026 0.11225945 0.54417555 0.0
c 252.24468 88.48607 255.8801 0.11225945 0.54417555 0.0
c 252.24468 88.48607 255.67995 0.11225945 0.54417555 0.0
c 252.24468 88.48607 255.47979 0.11225945 0.54417555 0.0
c 252.24468 88.48607 255.27963 0.11225945 0.54417555 0.0
c 252.24468 88.48607 255.07948 0.11225945 0.54417555 0.0
c 252.24468 88.48607 254.87932 0.11225945 0.54417555 0.0
c 252.24468 88.48607 254.67917 0.11225945 0.54417555 0.0
c 252.24468 88.48607 254.47901 0.11225945 0.54417555 0.0
c 252.24468 88.48607 254.27886 0.11225945 0.54417555 0.0
c 252.24468 88.48607 254.0787 0.11225945 0.54417555 0.0
c 252.24468 88.48607 253.87854 0.11225945 0.54417555 0.0
c 252.24468 88.48607 253.67839 0.11225945 0.54417555 0.0
c 252.24468 88.48607 253.47823 0.11225945 0.54417555 0.0
c 252.24468 88.48607 253.27808 0.11225945 0.54417555 0.0
c 252.24468 88.48607 253.07792 0.11225945 0.54417555 0.0
c 252.24468 88.48607 252.87777 0.11225945 0.54417555 0.0
c 252.24468 88.48607 252.67761 0.11225945 0.54417555 0.0
c 252.24468 88.48607 252.47745 0.11225945 0.54417555 0.0
c 252.24468 88.48607 252.2773 0.11225945 0.54417555 0.0
c 252.24468 88.48607 252.07714 0.11225945 0.54417555 0.0
c 252.24468 88.48607 251.87699 0.11225945 0.54417555 0.0
c 252.24468 88.48607 251.67683 0.11225945 0.54417555 0.0
c 252.24468 88.48607 251.47668 0.11225945 0.54417555 0.0
c 252.24468 88.48607 251.27652 0.11225945 0.54417555 0.0
c 252.24468 88.48607 251.07636 0.11225945 0.54417555 0.0
c 252.24468 88.48607 250.87621 0.11225945 0.54417555 0.0
c 252.24468 88.48607 250.67605 0.11225945 0.54417555 0.0
c 252.24468 88.48607 250.4759 0.11225945 0.54417555 0.0
c 252.24468 88.48607 250.27574 0.11225945 0.54417555 0.0
c 252.24468 88.48607 250.07558 0.11225945 0.54417555 0.0
c 252.24468 88.48607 249.87543 0.11225945 0.54417555 0.0
c 252.24468 88.48607 249.67527 0.11225945 0.54417555 0.0
c 252.24468 88.48607 249.47512 0.11225945 0.54417555 0.0
c 252.24468 88.48607 249.27496 0.11225945 0.54417555 0.0
c 252.24468 88.48607 249.07481 0.11225945 0.54417555 0.0
c 252.24468 88.48607 248.87465 0.11225945 0.54417555 0.0
c 252.24468 88.48607 248.67449 0.11225945 0.54417555 0.0
c 252.24468 88.48607 248.47434 0.11225945 0.54417555 0.0
c 252.24468 88.48607 248.27418 0.11225945 0.54417555 0.0
c 252.24468 88.48607 248.07403 0.11225945 0.54417555 0.0
c 252.24468 88.48607 247.87387 0.11225945 0.54417555 0.0
c 252.24468 88.48607 247.67372 0.11225945 0.54417555 0.0
c 252.24468 88.48607 247.47356 0.11225945 0.54417555 0.0
c 252.24468 88.48607 247.2734 0.11225945 0.54417555 0.0
c 252.24468 88.48607 247.07325 0.11225945 0.54417555 0.0
c 252.24468 88.48607 246.87309 0.11225945 0.54417555 0.0
c 252.24468 88.48607 246.67294 0.11225945 0.54417555 0.0
c 252.24468 88.48607 246.47278 0.11225945 0.54417555 0.0
c 252.24468 88.48607 246.27263 0.11225945 0.54417555 0.0
c 252.24468 88.48607 246.07247 0.11225945 0.54417555 0.0
c 252.24468 88.48607 245.87231 0.11225945 0.54417555 0.0
c 252.24468 88.48607 245.67216 0.11225945 0.54417555 0.0
c 252.24468 88.48607 245.472 0.11225945 0.54417555 0.0
c 252.24468 88.48607 245.27185 0.11225945 0.54417555 0.0
c 252.24468 88.48607 245.07169 0.11225945 0.54417555 0.0
c 252.24468 88.48607 244.87154 0.11225945 0.54417555 0.0
c 252.24468 88.48607 244.67138 0.11225945 0.54417555 0.0
c 252.24468 88.48607 244.47122 0.11225945 0.54417555 0.0
c 252.24468 88.48607 244.27107 0.11225945 0.54417555 0.0
c 252.24468 88.48607 244.07091 0.11225945 0.54417555 0.0
c 252.24468 88.48607 243.87076 0.11225945 0.54417555 0.0
c 252.24468 88.48607 243.6706 0.11225945 0.54417555 0.0
c 252.24468 88.48607 243.47045 0.11225945 0.54417555 0.0
c 252.24468 88.48607 243.27029 0.11225945 0.54417555 0.0
c 252.24468 88.48607 243.07013 0.11225945 0.54417555 0.0
c 252.24468 88.48607 242.86998 0.11225945 0.54417555 0.0
c 252.24468 88.48607 242.66982 0.11225945 0.54417555 0.0
c 252.24468 88.48607 242.46967 0.11225945 0.54417555 0.0
c 252.24468 88.48607 242.26951 0.11225945 0.54417555 0.0
c 252.24468 88.48607 242.06936 0.11225945 0.54417555 0.0
c 252.24468 88.48607 241.8692 0.11225945 0.54417555 0.0
c 252.24468 88.48607 241.66904 0.11225945 0.54417555 0.0
c 252.24468 88.48607 241.46889 0.11225945 0.54417555 0.0
c 252.24468 88.48607 241.26873 0.11225945 0.54417555 0.0
c 252.24468 88.48607 241.06858 0.11225945 0.54417555 0.0
c 252.24468 88.48607 240.86842 0.11225945 0.54417555 0.0
c 252.24468 88.48607 240.66827 0.11225945 0.54417555 0.0
c 252.24468 88.48607 240.46811 0.11225945 0.54417555 0.0
c 252.24468 88.48607 240.26795 0.11225945 0.54417555 0.0
c 252.24468 88.48607 240.0678 0.11225945 0.54417555 0.0
c 252.24468 88.48607 239.86764 0.11225945 0.54417555 0.0
c 252.24468 88.48607 239.66749 0.11225945 0.54417555 0.0
c 252.24468 88.48607 239.46733 0.11225945 0.54417555 0.0
c 252.24468 88.48607 239.26718 0.11225945 0.54417555 0.0
c 252.24468 88.48607 239.06702 0.11225945 0.54417555 0.0
c 252.24468 88.48607 238.86686 0.11225945 0.54417555 0.0
c 252.24468 88.48607 238.66671 0.11225945 0.54417555 0.0
c 252.24468 88.48607 238.46655 0.11225945 0.54417555 0.0
c 252.24468 88.48607 238.2664 0.11225945 0.54417555 0.0
c 252.24468 88.48607 238.06624 0.11225945 0.54417555 0.0
c 252.24468 88.48607 237.86609 0.11225945 0.54417555 0.0
c 252.24468 88.48607 237.66593 0.11225945 0.54417555 0.0
c 252.24468 88.48607 237.46577 0.11225945 0.54417555 0.0
c 252.24468 88.48607 237.26562 0.11225945 0.54417555 0.0
c 252.24468 88.48607 237.06546 0.11225945 0.54417555 0.0
c 252.24468 88.48607 236.86531 0.11225945 0.54417555 0.0
c 252.24468 88.48607 236.66515 0.11225945 0.54417555 0.0
c 252.24468 88.48607 236.465 0.11225945 0.54417555 0.0
c 252.24468 88.48607 236.26484 0.11225945 0.54417555 0.0
c 252.24468 88.48607 236.06468 0.11225945 0.54417555 0.0
c 252.24468 88.48607 235.86453 0.11225945 0.54417555 0.0
c 252.24468 88.48607 235.66437 0.11225945 0.54417555 0.0
c 252.24468 88.48607 235.46422 0.11225945 0.54417555 0.0
c 252.24468 88.48607 235.26406 0.11225945 0.54417555 0.0
c 252.24468 88.48607 235.06391 0.11225945 0.54417555 0.0
c 252.24468 88.48607 234.86375 0.11225945 0.54417555 0.0
c 252.24468 88.48607 234.66359 0.11225945 0.54417555 0.0
c 252.24468 88.48607 234.46344 0.11225945 0.54417555 0.0
c 252.24468 88.48607 234.26328 0.11225945 0.54417555 0.0
c 252.24468 88.48607 234.06313 0.11225945 0.54417555 0.0
c 252.24468 88.48607 233.86297 0.11225945 0.54417555 0.0
c 252.24468 88.48607 233.66282 0.11225945 0.54417555 0.0
c 252.24468 88.48607 233.46266 0.11225945 0.54417555 0.0
c 252.24468 88.48607 233.2625 0.11225945 0.54417555 0.0
c 252.24468 88.48607 233.06235 0.11225945 0.54417555 0.0
c 252.24468 88.48607 232.86219 0.11225945 0.54417555 0.0
c 252.24468 88.48607 232.66204 0.11225945 0.54417555 0.0
c 252.24468 88.48607 232.46188 0.11225945 0.54417555 0.0
c 252.24468 88.48607 232.26173 0.11225945 0.54417555 0.0
c 252.24468 88.48607 232.06157 0.11225945 0.54417555 0.0
c 252.24468 88.48607 231.86141 0.11225945 0.54417555 0.0
c 252.24468 88.48607 231.66126 0.11225945 0.54417555 0.0
c 252.24468 88.48607 231.4611 0.11225945 0.54417555 0.0
c 252.24468 88.48607 231.26095 0.11225945 0.54417555 0.0
c 252.24468 88.48607 231.06079 0.11225945 0.54417555 0.0
c 252.24468 88.48607 230.86064 0.11225945 0.54417555 0.0
c 252.24468 88.48607 230.66048 0.11225945 0.54417555 0.0
c 252.24468 88.48607 230.46032 0.11225945 0.54417555 0.0
c 252.24468 88.48607 230.26017 0.11225945 0.54417555 0.0
c 252.24468 88.48607 230.06001 0.11225945 0.54417555 0.0
c 252.24468 88.48607 229.85986 0.11225945 0.54417555 0.0
c 252.24468 88.48607 229.6597 0.11225945 0.54417555 0.0
c 252.24468 88.48607 229.45955 0.11225945 0.54417555 0.0
c 252.24468 88.48607 229.25939 0.11225945 0.54417555 0.0
c 252.24468 88.48607 229.05923 0.11225945 0.54417555 0.0
c 252.24468 88.48607 228.85908 0.11225945 0.54417555 0.0
c 252.24468 88.48607 228.65892 0.11225945 0.54417555 0.0
c 252.24468 88.48607 228.45877 0.11225945 0.54417555 0.0
c 252.24468 88.48607 228.25861 0.11225945 0.54417555 0.0
c 252.24468 88.48607 228.05846 0.11225945 0.54417555 0.0
c 252.24468 88.48607 227.8583 0.11225945 0.54417555 0.0
c 252.24468 88.48607 227.65814 0.11225945 0.54417555 0.0
c 252.24468 88.48607 227.45799 0.11225945 0.54417555 0.0
c 252.24468 88.48607 227.25783 0.11225945 0.54417555 0.0
c 252.24468 88.48607 227.05768 0.11225945 0.54417555 0.0
c 252.24468 88.48607 226.85752 0.11225945 0.54417555 0.0
c 252.24468 88.48607 226.65737 0.11225945 0.54417555 0.0
c 252.24468 88.48607 226.45721 0.11225945 0.54417555 0.0
c 252.24468 88.48607 226.25705 0.11225945 0.54417555 0.0
c 252.24468 88.48607 226.0569 0.11225945 0.54417555 0.0
c 252.24468 88.48607 225.85674 0.11225945 0.54417555 0.0
c 252.24468 88.48607 225.65659 0.11225945 0.54417555 0.0
c 252.24468 88.48607 225.45643 0.11225945 0.54417555 0.0
c 252.24468 88.48607 225.25628 0.11225945 0.54417555 0.0
c 252.24468 88.48607 225.05612 0.11225945 0.54417555 0.0
c 252.24468 88.48607 224.85596 0.11225945 0.54417555 0.0
c 252.24468 88.48607 224.65581 0.11225945 0.54417555 0.0
c 252.24468 88.48607 224.45565 0.11225945 0.54417555 0.0
c 252.24468 88.48607 224.2555 0.11225945 0.54417555 0.0
c 252.24468 88.48607 224.05534 0.11225945 0.54417555 0.0
c 252.24468 88.48607 223.85519 0.11225945 0.54417555 0.0
c 252.24468 88.48607 223.65503 0.11225945 0.54417555 0.0
c 252.24468 88.48607 223.45487 0.11225945 0.54417555 0.0
c 252.24468 88.48607 223.25472 0.11225945 0.54417555 0.0
c 252.24468 88.48607 223.05456 0.11225945 0.54417555 0.0
c 252.24468 88.48607 222.85441 0.11225945 0.54417555 0.0
c 252.24468 88.48607 222.65425 0.11225945 0.54417555 0.0
c 252.24468 88.48607 222.4541 0.11225945 0.54417555 0.0
c 252.24468 88.48607 222.25394 0.11225945 0.54417555 0.0
c 252.24468 88.48607 222.05378 0.11225945 0.54417555 0.0
c 252.24468 88.48607 221.85363 0.11225945 0.54417555 0.0
c 252.24468 88.48607 221.65347 0.11225945 0.54417555 0.0
c 252.24468 88.48607 221.45332 0.11225945 0.54417555 0.0
c 252.24468 88.48607 221.25316 0.11225945 0.54417555 0.0
c 252.24468 88.48607 221.05301 0.11225945 0.54417555 0.0
c 252.24468 88.48607 220.85285 0.11225945 0.54417555 0.0
c 252.24468 88.48607 220.65269 0.11225945 0.54417555 0.0
c 252.24468 88.48607 220.45254 0.11225945 0.54417555 0.0
c 252.24468 88.48607 220.25238 0.11225945 0.54417555 0.0
c 252.24468 88.48607 220.05223 0.11225945 0.54417555 0.0
c 252.24468 88.48607 219.85207 0.11225945 0.54417555 0.0
c 252.24468 88.48607 219.65192 0.11225945 0.54417555 0.0
c 252.24468 88.48607 219.45176 0.11225945 0.54417555 0.0
c 252.24468 88.48607 219.2516 0.11225945 0.54417555 0.0
c 252.24468 88.48607 219.05145 0.11225945 0.54417555 0.0
c 252.24468 88.48607 218.85129 0.11225945 0.54417555 0.0
c 252.24468 88.48607 218.65114 0.11225945 0.54417555 0.0
c 252.24468 88.48607 218.45098 0.11225945 0.54417555 0.0
c 252.24468 88.48607 218.25083 0.11225945 0.54417555 0.0
c 252.24468 88.48607 218.05067 0.11225945 0.54417555 0.0
c 252.24468 88.48607 217.85051 0.11225945 0.54417555 0.0
c 252.24468 88.48607 217.65036 0.11225945 0.54417555 0.0
c 252.24468 88.48607 217.4502 0.11225945 0.54417555 0.0
c 252.24468 88.48607 217.25005 0.11225945 0.54417555 0.0
c 252.24468 88.48607 217.04989 0.11225945 0.54417555 0.0
c 252.24468 88.48607 216.84974 0.11225945 0.54417555 0.0
c 252.24468 88.48607 216.64958 0.11225945 0.54417555 0.0
c 252.24468 88.48607 216.44942 0.11225945 0.54417555 0.0
c 252.24468 88.48607 216.24927 0.11225945 0.54417555 0.0
c 252.24468 88.48607 216.04911 0.11225945 0.54417555 0.0
c 252.24468 88.48607 215.84896 0.11225945 0.54417555 0.0
c 252.24468 88.48607 215.6488 0.11225945 0.54417555 0.0
c 252.24468 88.48607 215.44864 0.11225945 0.54417555 0.0
c 252.24468 88.48607 215.24849 0.11225945 0.54417555 0.0
c 252.24468 88.48607 215.04833 0.11225945 0.54417555 0.0
c 252.24468 88.48607 214.84818 0.11225945 0.54417555 0.0
c 252.24468 88.48607 214.64802 0.11225945 0.54417555 0.0
c 252.24468 88.48607 214.44787 0.11225945 0.54417555 0.0
c 252.24468 88.48607 214.24771 0.11225945 0.54417555 0.0
c 252.24468 88.48607 214.04755 0.11225945 0.54417555 0.0
c 252.24468 88.48607 213.8474 0.11225945 0.54417555 0.0
c 252.24468 88.48607 213.64724 0.11225945 0.54417555 0.0
c 252.24468 88.48607 213.44709 0.11225945 0.54417555 0.0
c 252.24468 88.48607 213.24693 0.11225945 0.54417555 0.0
c 252.24468 88.48607 213.04678 0.11225945 0.54417555 0.0
c 252.24468 88.48607 212.84662 0.11225945 0.54417555 0.0
c 252.24468 88.48607 212.64646 0.11225945 0.54417555 0.0
c 252.24468 88.48607 212.44631 0.11225945 0.54417555 0.0
c 252.24468 88.48607 212.24615 0.11225945 0.54417555 0.0
c 252.24468 88.48607 212.046 0.11225945 0.54417555 0.0
c 252.24468 88.48607 211.84584 0.11225945 0.54417555 0.0
c 252.24468 88.48607 211.64569 0.11225945 0.54417555 0.0
c 252.24468 88.48607 211.44553 0.11225945 0.54417555 0.0
c 252.24468 88.48607 211.24537 0.11225945 0.54417555 0.0
c 252.24468 88.48607 211.04522 0.11225945 0.54417555 0.0
c 252.24468 88.48607 210.84506 0.11225945 0.54417555 0.0
c 252.24468 88.48607 210.64491 0.11225945 0.54417555 0.0
c 252.24468 88.48607 210.44475 0.11225945 0.54417555 0.0
c 252.24468 88.48607 210.2446 0.11225945 0.54417555 0.0
c 252.24468 88.48607 210.04444 0.11225945 0.54417555 0.0
c 252.24468 88.48607 209.84428 0.11225945 0.54417555 0.0
c 252.24468 88.48607 209.64413 0.11225945 0.54417555 0.0
c 252.24468 88.48607 209.44397 0.11225945 0.54417555 0.0
c 252.24468 88.48607 209.24382 0.11225945 0.54417555 0.0
c 252.24468 88.48607 209.04366 0.11225945 0.54417555 0.0
c 252.24468 88.48607 208.84351 0.11225945 0.54417555 0.0
c 252.24468 88.48607 208.64335 0.11225945 0.54417555 0.0
c 252.24468 88.48607 208.44319 0.11225945 0.54417555 0.0
c 252.24468 88.48607 208.24304 0.11225945 0.54417555 0.0
c 252.24468 88.48607 208.04288 0.11225945 0.54417555 0.0
c 252.24468 88.48607 207.84273 0.11225945 0.54417555 0.0
c 252.24468 88.48607 207.64257 0.11225945 0.54417555 0.0
c 252.24468 88.48607 207.44242 0.11225945 0.54417555 0.0
c 252.24468 88.48607 207.24226 0.11225945 0.54417555 0.0
c 252.24468 88.48607 207.0421 0.11225945 0.54417555 0.0
c 252.24468 88.48607 206.84195 0.11225945 0.54417555 0.0
c 252.24468 88.48607 206.64179 0.11225945 0.54417555 0.0
c 252.24468 88.48607 206.44164 0.11225945 0.54417555 0.0
c 252.24468 88.48607 206.24148 0.11225945 0.54417555 0.0
c 252.24468 88.48607 206.04133 0.11225945 0.54417555 0.0
c 252.24468 88.48607 205.84117 0.11225945 0.54417555 0.0
c 252.24468 88.48607 205.64101 0.11225945 0.54417555 0.0
c 252.24468 88.48607 205.44086 0.11225945 0.54417555 0.0
c 252.24468 88.48607 205.2407 0.11225945 0.54417555 0.0
c 252.24468 88.48607 205.04055 0.11225945 0.54417555 0.0
c 252.24468 88.48607 204.84039 0.11225945 0.54417555 0.0
c 252.24468 88.48607 204.64024 0.11225945 0.54417555 0.0
c 252.24468 88.48607 204.44008 0.11225945 0.54417555 0.0
c 252.24468 88.48607 204.23992 0.11225945 0.54417555 0.0
c 252.24468 88.48607 204.03977 0.11225945 0.54417555 0.0
c 252.24468 88.48607 203.83961 0.11225945 0.54417555 0.0
c 252.24468 88.48607 203.63946 0.11225945 0.54417555 0.0
c 252.24468 88.48607 203.4393 0.11225945 0.54417555 0.0
c 252.24468 88.48607 203.23915 0.11225945 0.54417555 0.0
c 252.24468 88.48607 203.03899 0.11225945 0.54417555 0.0
c 252.24468 88.48607 202.83883 0.11225945 0.54417555 0.0
c 252.24468 88.48607 202.63868 0.11225945 0.54417555 0.0
c 252.24468 88.48607 202.43852 0.11225945 0.54417555 0.0
c 252.24468 88.48607 202.23837 0.11225945 0.54417555 0.0
c 252.24468 88.48607 202.03821 0.11225945 0.54417555 0.0
c 252.24468 88.48607 201.83806 0.11225945 0.54417555 0.0
c 252.24468 88.48607 201.6379 0.11225945 0.54417555 0.0
c 252.24468 88.48607 201.43774 0.11225945 0.54417555 0.0
c 252.24468 88.48607 201.23759 0.11225945 0.54417555 0.0
c 252.24468 88.48607 201.03743 0.11225945 0.54417555 0.0
c 252.24468 88.48607 200.83728 0.11225945 0.54417555 0.0
c 252.24468 88.48607 200.63712 0.11225945 0.54417555 0.0
c 252.24468 88.48607 200.43697 0.11225945 0.54417555 0.0
c 252.24468 88.48607 200.23681 0.11225945 0.54417555 0.0
c 252.24468 88.48607 200.03665 0.11225945 0.54417555 0.0
c 252.24468 88.48607 199.8365 0.11225945 0.54417555 0.0
c 252.24468 88.48607 199.63634 0.11225945 0.54417555 0.0
c 252.24468 88.48607 199.43619 0.11225945 0.54417555 0.0
c 252.24468 88.48607 199.23603 0.11225945 0.54417555 0.0
c 252.24468 88.48607 199.03588 0.11225945 0.54417555 0.0
c 252.24468 88.48607 198.83572 0.11225945 0.54417555 0.0
c 252.24468 88.48607 198.63556 0.11225945 0.54417555 0.0
c 252.24468 88.48607 198.43541 0.11225945 0.54417555 0.0
c 252.24468 88.48607 198.23525 0.11225945 0.54417555 0.0
c 252.24468 88.48607 198.0351 0.11225945 0.54417555 0.0
c 252.24468 88.48607 197.83494 0.11225945 0.54417555 0.0
c 252.24468 88.48607 197.63479 0.11225945 0.54417555 0.0
c 252.24468 88.48607 197.43463 0.11225945 0.54417555 0.0
c 252.24468 88.48607 197.23447 0.11225945 0.54417555 0.0
c 252.24468 88.48607 197.03432 0.11225945 0.54417555 0.0
c 252.24468 88.48607 196.83416 0.11225945 0.54417555 0.0
c 252.24468 88.48607 196.63401 0.11225945 0.54417555 0.0
c 252.24468 88.48607 196.43385 0.11225945 0.54417555 0.0
c 252.24468 88.48607 196.2337 0.11225945 0.54417555 0.0
c 252.24468 88.48607 196.03354 0.11225945 0.54417555 0.0
c 252.24468 88.48607 195.83338 0.11225945 0.54417555 0.0
c 252.24468 88.48607 195.63323 0.11225945 0.54417555 0.0
c 252.24468 88.48607 195.43307 0.11225945 0.54417555 0.0
c 252.24468 88.48607 195.23292 0.11225945 0.54417555 0.0
c 252.24468 88.48607 195.03276 0.11225945 0.54417555 0.0
c 252.24468 88.48607 194.83261 0.11225945 0.54417555 0.0
c 252.24468 88.48607 194.63245 0.11225945 0.54417555 0.0
c 252.24468 88.48607 194.43229 0.11225945 0.54417555 0.0
c 252.24468 88.48607 194.23214 0.11225945 0.54417555 0.0
c 252.24468 88.48607 194.03198 0.11225945 0.54417555 0.0
c 252.24468 88.48607 193.83183 0.11225945 0.54417555 0.0
c 252.24468 88.48607 193.63167 0.11225945 0.54417555 0.0
c 252.24468 88.48607 193.43152 0.11225945 0.54417555 0.0
c 252.24468 88.48607 193.23136 0.11225945 0.54417555 0.0
c 252.24468 88.48607 193.0312 0.11225945 0.54417555 0.0
c 252.24468 88.48607 192.83105 0.11225945 0.54417555 0.0
c 252.24468 88.48607 192.63089 0.11225945 0.54417555 0.0
c 252.24468 88.48607 192.43074 0.11225945 0.54417555 0.0
c 252.24468 88.48607 192.23058 0.11225945 0.54417555 0.0
c 252.24468 88.48607 192.03043 0.11225945 0.54417555 0.0
c 252.24468 88.48607 191.83027 0.11225945 0.54417555 0.0
c 252.24468 88.48607 191.63011 0.11225945 0.54417555 0.0
c 252.24468 88.48607 191.42996 0.11225945 0.54417555 0.0
c 252.24468 88.48607 191.2298 0.11225945 0.54417555 0.0
c 252.24468 88.48607 191.02965 0.11225945 0.54417555 0.0
c 252.24468 88.48607 190.82949 0.11225945 0.54417555 0.0
c 252.24468 88.48607 190.62934 0.11225945 0.54417555 0.0
c 252.24468 88.48607 190.42918 0.11225945 0.54417555 0.0
c 252.24468 88.48607 190.22902 0.11225945 0.54417555 0.0
c 252.24468 88.48607 190.02887 0.11225945 0.54417555 0.0
c 252.24468 88.48607 189.82871 0.11225945 0.54417555 0.0
c 252.24468 88.48607 189.62856 0.11225945 0.54417555 0.0
c 252.24468 88.48607 189.4284 0.11225945 0.54417555 0.0
c 252.24468 88.48607 189.22825 0.11225945 0.54417555 0.0
c 252.24468 88.48607 189.02809 0.11225945 0.54417555 0.0
c 252.24468 88.48607 188.82793 0.11225945 0.54417555 0.0
c 252.24468 88.48607 188.62778 0.11225945 0.54417555 0.0
c 252.24468 88.48607 188.42762 0.11225945 0.54417555 0.0
c 252.24468 88.48607 188.22747 0.11225945 0.54417555 0.0
c 252.24468 88.48607 188.02731 0.11225945 0.54417555 0.0
c 252.24468 88.48607 187.82716 0.11225945 0.54417555 0.0
c 252.24468 88.48607 187.627 0.11225945 0.54417555 0.0
c 252.24468 88.48607 187.42684 0.11225945 0.54417555 0.0
c 252.24468 88.48607 187.22669 0.11225945 0.54417555 0.0
c 252.24468 88.48607 187.02653 0.11225945 0.54417555 0.0
c 252.24468 88.48607 186.82638 0.11225945 0.54417555 0.0
c 252.24468 88.48607 186.62622 0.11225945 0.54417555 0.0
c 252.24468 88.48607 186.42607 0.11225945 0.54417555 0.0
c 252.24468 88.48607 186.22591 0.11225945 0.54417555 0.0
c 252.24468 88.48607 186.02575 0.11225945 0.54417555 0.0
c 252.24468 88.48607 185.8256 0.11225945 0.54417555 0.0
c 252.24468 88.48607 185.62544 0.11225945 0.54417555 0.0
c 252.24468 88.48607 185.42529 0.11225945 0.54417555 0.0
c 252.24468 88.48607 185.22513 0.11225945 0.54417555 0.0
c 252.24468 88.48607 185.02498 0.11225945 0.54417555 0.0
c 252.24468 88.48607 184.82482 0.11225945 0.54417555 0.0
c 252.24468 88.48607 184.62466 0.11225945 0.54417555 0.0
c 252.24468 88.48607 184.42451 0.11225945 0.54417555 0.0
c 252.24468 88.48607 184.22435 0.11225945 0.54417555 0.0
c 252.24468 88.48607 184.0242 0.11225945 0.54417555 0.0
c 252.24468 88.48607 183.82404 0.11225945 0.54417555 0.0
c 252.24468 88.48607 183.62389 0.11225945 0.54417555 0.0
c 252.24468 88.48607 183.42373 0.11225945 0.54417555 0.0
c 252.24468 88.48607 183.22357 0.11225945 0.54417555 0.0
c 252.24468 88.48607 183.02342 0.11225945 0.54417555 0.0
c 252.24468 88.48607 182.82326 0.11225945 0.54417555 0.0
c 252.24468 88.48607 182.62311 0.11225945 0.54417555 0.0
c 252.24468 88.48607 182.42295 0.11225945 0.54417555 0.0
c 252.24468 88.48607 182.2228 0.11225945 0.54417555 0.0
c 252.24468 88.48607 182.02264 0.11225945 0.54417555 0.0
c 252.24468 88.48607 181.82248 0.11225945 0.54417555 0.0
c 252.24468 88.48607 181.62233 0.11225945 0.54417555 0.0
c 252.24468 88.48607 181.42217 0.11225945 0.54417555 0.0
c 252.24468 88.48607 181.22202 0.11225945 0.54417555 0.0
c 252.24468 88.48607 181.02186 0.11225945 0.54417555 0.0
c 252.24468 88.48607 180.82171 0.11225945 0.54417555 0.0
c 252.24468 88.48607 180.62155 0.11225945 0.54417555 0.0
c 252.24468 88.48607 180.42139 0.11225945 0.54417555 0.0
c 252.24468 88.48607 180.22124 0.11225945 0.54417555 0.0
c 252.24468 88.48607 180.02108 0.11225945 0.54417555 0.0
c 252.24468 88.48607 179.82093 0.11225945 0.54417555 0.0
c 252.24468 88.48607 179.62077 0.11225945 0.54417555 0.0
c 252.24468 88.48607 179.42061 0.11225945 0.54417555 0.0
c 252.24468 88.48607 179.22046 0.11225945 0.54417555 0.0
c 252.24468 88.48607 179.0203 0.11225945 0.54417555 0.0
c 252.24468 88.48607 178.82015 0.11225945 0.54417555 0.0
c 252.24468 88.48607 178.61999 0.11225945 0.54417555 0.0
c 252.24468 88.48607 178.41984 0.11225945 0.54417555 0.0
c 252.24468 88.48607 178.21968 0.11225945 0.54417555 0.0
c 252.24468 88.48607 178.01952 0.11225945 0.54417555 0.0
c 252.24468 88.48607 177.81937 0.11225945 0.54417555 0.0
c 252.24468 88.48607 177.61921 0.11225945 0.54417555 0.0
c 252.24468 88.48607 177.41906 0.11225945 0.54417555 0.0
c 252.24468 88.48607 177.2189 0.11225945 0.54417555 0.0
c 252.24468 88.48607 177.01875 0.11225945 0.54417555 0.0
c 252.24468 88.48607 176.81859 0.11225945 0.54417555 0.0
c 252.24468 88.48607 176.61843 0.11225945 0.54417555 0.0
c 252.24468 88.48607 176.41828 0.11225945 0.54417555 0.0
c 252.24468 88.48607 176.21812 0.11225945 0.54417555 0.0
c 252.24468 88.48607 176.01797 0.11225945 0.54417555 0.0
c 252.24468 88.48607 175.81781 0.11225945 0.54417555 0.0
c 252.24468 88.48607 175.61766 0.11225945 0.54417555 0.0
c 252.24468 88.48607 175.4175 0.11225945 0.54417555 0.0
c 252.24468 88.48607 175.21734 0.11225945 0.54417555 0.0
c 252.24468 88.48607 175.01719 0.11225945 0.54417555 0.0
c 252.24468 88.48607 174.81703 0.11225945 0.54417555 0.0
c 252.24468 88.48607 174.61688 0.11225945 0.54417555 0.0
c 252.24468 88.48607 174.41672 0.11225945 0.54417555 0.0
c 252.24468 88.48607 174.21657 0.11225945 0.54417555 0.0
c 252.24468 88.48607 174.01641 0.11225945 0.54417555 0.0
c 252.24468 88.48607 173.81625 0.11225945 0.54417555 0.0
c 252.24468 88.48607 173.6161 0.11225945 0.54417555 0.0
c 252.24468 88.48607 173.41594 0.11225945 0.54417555 0.0
c 252.24468 88.48607 173.21579 0.11225945 0.54417555 0.0
c 252.24468 88.48607 173.01563 0.11225945 0.54417555 0.0
c 252.24468 88.48607 172.81548 0.11225945 0.54417555 0.0
c 252.24468 88.48607 172.61532 0.11225945 0.54417555 0.0
c 252.24468 88.48607 172.41516 0.11225945 0.54417555 0.0
c 252.24468 88.48607 172.21501 0.11225945 0.54417555 0.0
c 252.24468 88.48607 172.01485 0.11225945 0.54417555 0.0
c 252.24468 88.48607 171.8147 0.11225945 0.54417555 0.0
c 252.24468 88.48607 171.61454 0.11225945 0.54417555 0.0
c 252.24468 88.48607 171.41439 0.11225945 0.54417555 0.0
c 252.24468 88.48607 171.21423 0.11225945 0.54417555 0.0
c 252.24468 88.48607 171.01407 0.11225945 0.54417555 0.0
c 252.24468 88.48607 170.81392 0.11225945 0.54417555 0.0
c 252.24468 88.48607 170.61376 0.11225945 0.54417555 0.0
c 252.24468 88.48607 170.41361 0.11225945 0.54417555 0.0
c 252.24468 88.48607 170.21345 0.11225945 0.54417555 0.0
c 252.24468 88.48607 170.0133 0.11225945 0.54417555 0.0
c 252.24468 88.48607 169.81314 0.11225945 0.54417555 0.0
c 252.24468 88.48607 169.61298 0.11225945 0.54417555 0.0
c 252.24468 88.48607 169.41283 0.11225945 0.54417555 0.0
c 252.24468 88.48607 169.21267 0.11225945 0.54417555 0.0
c 252.24468 88.48607 169.01252 0.11225945 0.54417555 0.0
c 252.24468 88.48607 168.81236 0.11225945 0.54417555 0.0
c 252.24468 88.48607 168.61221 0.11225945 0.54417555 0.0
c 252.24468 88.48607 168.41205 0.11225945 0.54417555 0.0
c 252.24468 88.48607 168.21189 0.11225945 0.54417555 0.0
c 252.24468 88.48607 168.01174 0.11225945 0.54417555 0.0
c 252.24468 88.48607 167.81158 0.11225945 0.54417555 0.0
c 252.24468 88.48607 167.61143 0.11225945 0.54417555 0.0
c 252.24468 88.48607 167.41127 0.11225945 0.54417555 0.0
c 252.24468 88.48607 167.21112 0.11225945 0.54417555 0.0
c 252.24468 88.48607 167.01096 0.11225945 0.54417555 0.0
c 252.24468 88.48607 166.8108 0.11225945 0.54417555 0.0
c 252.24468 88.48607 166.61065 0.11225945 0.54417555 0.0
c 252.24468 88.48607 166.41049 0.11225945 0.54417555 0.0
c 252.24468 88.48607 166.21034 0.11225945 0.54417555 0.0
c 252.24468 88.48607 166.01018 0.11225945 0.54417555 0.0
c 252.24468 88.48607 165.81003 0.11225945 0.54417555 0.0
c 252.24468 88.48607 165.60987 0.11225945 0.54417555 0.0
c 252.24468 88.48607 165.40971 0.11225945 0.54417555 0.0
c 252.24468 88.48607 165.20956 0.11225945 0.54417555 0.0
c 252.24468 88.48607 165.0094 0.11225945 0.54417555 0.0
c 252.24468 88.48607 164.80925 0.11225945 0.54417555 0.0
c 252.24468 88.48607 164.60909 0.11225945 0.54417555 0.0
c 252.24468 88.48607 164.40894 0.11225945 0.54417555 0.0
c 252.24468 88.48607 164.20878 0.11225945 0.54417555 0.0
c 252.24468 88.48607 164.00862 0.11225945 0.54417555 0.0
c 252.24468 88.48607 163.80847 0.11225945 0.54417555 0.0
c 252.24468 88.48607 163.60831 0.11225945 0.54417555 0.0
c 252.24468 88.48607 163.40816 0.11225945 0.54417555 0.0
c 252.24468 88.48607 163.208 0.11225945 0.54417555 0.0
c 252.24468 88.48607 163.00785 0.11225945 0.54417555 0.0
c 252.24468 88.48607 162.80769 0.11225945 0.54417555 0.0
c 252.24468 88.48607 162.60753 0.11225945 0.54417555 0.0
c 252.24468 88.48607 162.40738 0.11225945 0.54417555 0.0
c 252.24468 88.48607 162.20722 0.11225945 0.54417555 0.0
c 252.24468 88.48607 162.00707 0.11225945 0.54417555 0.0
c 252.24468 88.48607 161.80691 0.11225945 0.54417555 0.0
c 252.24468 88.48607 161.60676 0.11225945 0.54417555 0.0
c 252.24468 88.48607 161.4066 0.11225945 0.54417555 0.0
c 252.24468 88.48607 161.20644 0.11225945 0.54417555 0.0
c 252.24468 88.48607 161.00629 0.11225945 0.54417555 0.0
c 252.24468 88.48607 160.80613 0.11225945 0.54417555 0.0
c 252.24468 88.48607 160.60598 0.11225945 0.54417555 0.0
c 252.24468 88.48607 160.40582 0.11225945 0.54417555 0.0
c 252.24468 88.48607 160.20567 0.11225945 0.54417555 0.0
c 252.24468 88.48607 160.00551 0.11225945 0.54417555 0.0
c 252.24468 88.48607 159.80535 0.11225945 0.54417555 0.0
c 252.24468 88.48607 159.6052 0.11225945 0.54417555 0.0
c 252.24468 88.48607 159.40504 0.11225945 0.54417555 0.0
c 252.24468 88.48607 159.20489 0.11225945 0.54417555 0.0
c 252.24468 88.48607 159.00473 0.11225945 0.54417555 0.0
c 252.24468 88.48607 158.80458 0.11225945 0.54417555 0.0
c 252.24468 88.48607 158.60442 0.11225945 0.54417555 0.0
c 252.24468 88.48607 158.40426 0.11225945 0.54417555 0.0
c 252.24468 88.48607 158.20411 0.11225945 0.54417555 0.0
c 252.24468 88.48607 158.00395 0.11225945 0.54417555 0.0
c 252.24468 88.48607 157.8038 0.11225945 0.54417555 0.0
c 252.24468 88.48607 157.60364 0.11225945 0.54417555 0.0
c 252.24468 88.48607 157.40349 0.11225945 0.54417555 0.0
c 252.24468 88.48607 157.20333 0.11225945 0.54417555 0.0
c 252.24468 88.48607 157.00317 0.11225945 0.54417555 0.0
c 252.24468 88.48607 156.80302 0.11225945 0.54417555 0.0
c 252.24468 88.48607 156.60286 0.11225945 0.54417555 0.0
c 252.24468 88.48607 156.40271 0.11225945 0.54417555 0.0
c 252.24468 88.48607 156.20255 0.11225945 0.54417555 0.0
c 252.24468 88.48607 156.0024 0.11225945 0.54417555 0.0
c 252.24468 88.48607 155.80224 0.11225945 0.54417555 0.0
c 252.24468 88.48607 155.60208 0.11225945 0.54417555 0.0
