c 309.94251 -101.15308 161.60834 0.49618165 0.29899355 0.0
c 309.94251 -101.15308 161.80844 0.49618165 0.29899355 0.0
c 309.94251 -101.15308 162.00855 0.49618165 0.29899355 0.0
c 309.94251 -101.15308 162.20865 0.49618165 0.29899355 0.0
c 309.94251 -101.15308 162.40876 0.49618165 0.29899355 0.0
c 309.94251 -101.15308 162.60886 0.49618165 0.29899355 0.0
c 309.94251 -101.15308 162.80897 0.49618165 0.29899355 0.0
c 309.94251 -101.15308 163.00908 0.49618165 0.29899355 0.0
c 309.94251 -101.15308 163.20918 0.49618165 0.29899355 0.0
c 309.94251 -101.15308 163.40929 0.49618165 0.29899355 0.0
c 309.94251 -101.15308 163.60939 0.49618165 0.29899355 0.0
c 309.94251 -101.15308 163.8095 0.49618165 0.29899355 0.0
c 309.94251 -101.15308 164.0096 0.49618165 0.29899355 0.0
c 309.94251 -101.15308 164.20971 0.49618165 0.29899355 0.0
c 309.94251 -101.15308 164.40982 0.49618165 0.29899355 0.0
c 309.94251 -101.15308 164.60992 0.49618165 0.29899355 0.0
c 309.94251 -101.15308 164.81003 0.49618165 0.29899355 0.0
c 309.94251 -101.15308 165.01013 0.49618165 0.29899355 0.0
c 309.94251 -101.15308 165.21024 0.49618165 0.29899355 0.0
c 309.94251 -101.15308 165.41034 0.49618165 0.29899355 0.0
c 309.94251 -101.15308 165.61045 0.49618165 0.29899355 0.0
c 309.94251 -101.15308 165.81056 0.49618165 0.29899355 0.0
c 309.94251 -101.15308 166.01066 0.49618165 0.29899355 0.0
c 309.94251 -101.15308 166.21077 0.49618165 0.29899355 0.0
c 309.94251 -101.15308 166.41087 0.49618165 0.29899355 0.0
c 309.94251 -101.15308 166.61098 0.49618165 0.29899355 0.0
c 309.94251 -101.15308 166.81108 0.49618165 0.29899355 0.0
c 309.94251 -101.15308 167.01119 0.49618165 0.29899355 0.0
c 309.94251 -101.15308 167.2113 0.49618165 0.29899355 0.0
c 309.94251 -101.15308 167.4114 0.49618165 0.29899355 0.0
c 309.94251 -101.15308 167.61151 0.49618165 0.29899355 0.0
c 309.94251 -101.15308 167.81161 0.49618165 0.29899355 0.0
c 309.94251 -101.15308 168.01172 0.49618165 0.29899355 0.0
c 309.94251 -101.15308 168.21182 0.49618165 0.29899355 0.0
c 309.94251 -101.15308 168.41193 0.49618165 0.29899355 0.0
c 309.94251 -101.15308 168.61204 0.49618165 0.29899355 0.0
c 309.94251 -101.15308 168.81214 0.49618165 0.29899355 0.0
c 309.94251 -101.15308 169.01225 0.49618165 0.29899355 0.0
c 309.94251 -101.15308 169.21235 0.49618165 0.29899355 0.0
c 309.94251 -101.15308 169.41246 0.49618165 0.29899355 0.0
c 309.94251 -101.15308 169.61256 0.49618165 0.29899355 0.0
c 309.94251 -101.15308 169.81267 0.49618165 0.29899355 0.0
c 309.94251 -101.15308 170.01278 0.49618165 0.29899355 0.0
c 309.94251 -101.15308 170.21288 0.49618165 0.29899355 0.0
c 309.94251 -101.15308 170.41299 0.49618165 0.29899355 0.0
c 309.94251 -101.15308 170.61309 0.49618165 0.29899355 0.0
c 309.94251 -101.15308 170.8132 0.49618165 0.29899355 0.0
c 309.94251 -101.15308 171.0133 0.49618165 0.29899355 0.0
c 309.94251 -101.15308 171.21341 0.49618165 0.29899355 0.0
c 309.94251 -101.15308 171.41352 0.49618165 0.29899355 0.0
c 309.94251 -101.15308 171.61362 0.49618165 0.29899355 0.0
c 309.94251 -101.15308 171.81373 0.49618165 0.29899355 0.0
c 309.94251 -101.15308 172.01383 0.49618165 0.29899355 0.0
c 309.94251 -101.15308 172.21394 0.49618165 0.29899355 0.0
c 309.94251 -101.15308 172.41405 0.49618165 0.29899355 0.0
c 309.94251 -101.15308 172.61415 0.49618165 0.29899355 0.0
c 309.94251 -101.15308 172.81426 0.49618165 0.29899355 0.0
c 309.94251 -101.15308 173.01436 0.49618165 0.29899355 0.0
c 309.94251 -101.15308 173.21447 0.49618165 0.29899355 0.0
c 309.94251 -101.15308 173.41457 0.49618165 0.29899355 0.0
c 309.94251 -101.15308 173.61468 0.49618165 0.29899355 0.0
c 309.94251 -101.15308 173.81479 0.49618165 0.29899355 0.0
c 309.94251 -101.15308 174.01489 0.49618165 0.29899355 0.0
c 309.94251 -101.15308 174.215 0.49618165 0.29899355 0.0
c 309.94251 -101.15308 174.4151 0.49618165 0.29899355 0.0
c 309.94251 -101.15308 174.61521 0.49618165 0.29899355 0.0
c 309.94251 -101.15308 174.81531 0.49618165 0.29899355 0.0
c 309.94251 -101.15308 175.01542 0.49618165 0.29899355 0.0
c 309.94251 -101.15308 175.21553 0.49618165 0.29899355 0.0
c 309.94251 -101.15308 175.41563 0.49618165 0.29899355 0.0
c 309.94251 -101.15308 175.61574 0.49618165 0.29899355 0.0
c 309.94251 -101.15308 175.81584 0.49618165 0.29899355 0.0
c 309.94251 -101.15308 176.01595 0.49618165 0.29899355 0.0
c 309.94251 -101.15308 176.21605 0.49618165 0.29899355 0.0
c 309.94251 -101.15308 176.41616 0.49618165 0.29899355 0.0
c 309.94251 -101.15308 176.61627 0.49618165 0.29899355 0.0
c 309.94251 -101.15308 176.81637 0.49618165 0.29899355 0.0
c 309.94251 -101.15308 177.01648 0.49618165 0.29899355 0.0
c 309.94251 -101.15308 177.21658 0.49618165 0.29899355 0.0
c 309.94251 -101.15308 177.41669 0.49618165 0.29899355 0.0
c 309.94251 -101.15308 177.61679 0.49618165 0.29899355 0.0
c 309.94251 -101.15308 177.8169 0.49618165 0.29899355 0.0
c 309.94251 -101.15308 178.01701 0.49618165 0.29899355 0.0
c 309.94251 -101.15308 178.21711 0.49618165 0.29899355 0.0
c 309.94251 -101.15308 178.41722 0.49618165 0.29899355 0.0
c 309.94251 -101.15308 178.61732 0.49618165 0.29899355 0.0
c 309.94251 -101.15308 178.81743 0.49618165 0.29899355 0.0
c 309.94251 -101.15308 179.01753 0.49618165 0.29899355 0.0
c 309.94251 -101.15308 179.21764 0.49618165 0.29899355 0.0
c 309.94251 -101.15308 179.41775 0.49618165 0.29899355 0.0
c 309.94251 -101.15308 179.61785 0.49618165 0.29899355 0.0
c 309.94251 -101.15308 179.81796 0.49618165 0.29899355 0.0
c 309.94251 -101.15308 180.01806 0.49618165 0.29899355 0.0
c 309.94251 -101.15308 180.21817 0.49618165 0.29899355 0.0
c 309.94251 -101.15308 180.41827 0.49618165 0.29899355 0.0
c 309.94251 -101.15308 180.61838 0.49618165 0.29899355 0.0
c 309.94251 -101.15308 180.81849 0.49618165 0.29899355 0.0
c 309.94251 -101.15308 181.01859 0.49618165 0.29899355 0.0
c 309.94251 -101.15308 181.2187 0.49618165 0.29899355 0.0
c 309.94251 -101.15308 181.4188 0.49618165 0.29899355 0.0
c 309.94251 -101.15308 181.61891 0.49618165 0.29899355 0.0
c 309.94251 -101.15308 181.81902 0.49618165 0.29899355 0.0
c 309.94251 -101.15308 182.01912 0.49618165 0.29899355 0.0
c 309.94251 -101.15308 182.21923 0.49618165 0.29899355 0.0
c 309.94251 -101.15308 182.41933 0.49618165 0.29899355 0.0
c 309.94251 -101.15308 182.61944 0.49618165 0.29899355 0.0
c 309.94251 -101.15308 182.81954 0.49618165 0.29899355 0.0
c 309.94251 -101.15308 183.01965 0.49618165 0.29899355 0.0
c 309.94251 -101.15308 183.21976 0.49618165 0.29899355 0.0
c 309.94251 -101.15308 183.41986 0.49618165 0.29899355 0.0
c 309.94251 -101.15308 183.61997 0.49618165 0.29899355 0.0
c 309.94251 -101.15308 183.82007 0.49618165 0.29899355 0.0
c 309.94251 -101.15308 184.02018 0.49618165 0.29899355 0.0
c 309.94251 -101.15308 184.22028 0.49618165 0.29899355 0.0
c 309.94251 -101.15308 184.42039 0.49618165 0.29899355 0.0
c 309.94251 -101.15308 184.6205 0.49618165 0.29899355 0.0
c 309.94251 -101.15308 184.8206 0.49618165 0.29899355 0.0
c 309.94251 -101.15308 185.02071 0.49618165 0.29899355 0.0
c 309.94251 -101.15308 185.22081 0.49618165 0.29899355 0.0
c 309.94251 -101.15308 185.42092 0.49618165 0.29899355 0.0
c 309.94251 -101.15308 185.62102 0.49618165 0.29899355 0.0
c 309.94251 -101.15308 185.82113 0.49618165 0.29899355 0.0
c 309.94251 -101.15308 186.02124 0.49618165 0.29899355 0.0
c 309.94251 -101.15308 186.22134 0.49618165 0.29899355 0.0
c 309.94251 -101.15308 186.42145 0.49618165 0.29899355 0.0
c 309.94251 -101.15308 186.62155 0.49618165 0.29899355 0.0
c 309.94251 -101.15308 186.82166 0.49618165 0.29899355 0.0
c 309.94251 -101.15308 187.02176 0.49618165 0.29899355 0.0
c 309.94251 -101.15308 187.22187 0.49618165 0.29899355 0.0
c 309.94251 -101.15308 187.42198 0.49618165 0.29899355 0.0
c 309.94251 -101.15308 187.62208 0.49618165 0.29899355 0.0
c 309.94251 -101.15308 187.82219 0.49618165 0.29899355 0.0
c 309.94251 -101.15308 188.02229 0.49618165 0.29899355 0.0
c 309.94251 -101.15308 188.2224 0.49618165 0.29899355 0.0
c 309.94251 -101.15308 188.4225 0.49618165 0.29899355 0.0
c 309.94251 -101.15308 188.62261 0.49618165 0.29899355 0.0
c 309.94251 -101.15308 188.82272 0.49618165 0.29899355 0.0
c 309.94251 -101.15308 189.02282 0.49618165 0.29899355 0.0
c 309.94251 -101.15308 189.22293 0.49618165 0.29899355 0.0
c 309.94251 -101.15308 189.42303 0.49618165 0.29899355 0.0
c 309.94251 -101.15308 189.62314 0.49618165 0.29899355 0.0
c 309.94251 -101.15308 189.82324 0.49618165 0.29899355 0.0
c 309.94251 -101.15308 190.02335 0.49618165 0.29899355 0.0
c 309.94251 -101.15308 190.22346 0.49618165 0.29899355 0.0
c 309.94251 -101.15308 190.42356 0.49618165 0.29899355 0.0
c 309.94251 -101.15308 190.62367 0.49618165 0.29899355 0.0
c 309.94251 -101.15308 190.82377 0.49618165 0.29899355 0.0
c 309.94251 -101.15308 191.02388 0.49618165 0.29899355 0.0
c 309.94251 -101.15308 191.22399 0.49618165 0.29899355 0.0
c 309.94251 -101.15308 191.42409 0.49618165 0.29899355 0.0
c 309.94251 -101.15308 191.6242 0.49618165 0.29899355 0.0
c 309.94251 -101.15308 191.8243 0.49618165 0.29899355 0.0
c 309.94251 -101.15308 192.02441 0.49618165 0.29899355 0.0
c 309.94251 -101.15308 192.22451 0.49618165 0.29899355 0.0
c 309.94251 -101.15308 192.42462 0.49618165 0.29899355 0.0
c 309.94251 -101.15308 192.62473 0.49618165 0.29899355 0.0
c 309.94251 -101.15308 192.82483 0.49618165 0.29899355 0.0
c 309.94251 -101.15308 193.02494 0.49618165 0.29899355 0.0
c 309.94251 -101.15308 193.22504 0.49618165 0.29899355 0.0
c 309.94251 -101.15308 193.42515 0.49618165 0.29899355 0.0
c 309.94251 -101.15308 193.62525 0.49618165 0.29899355 0.0
c 309.94251 -101.15308 193.82536 0.49618165 0.29899355 0.0
c 309.94251 -101.15308 194.02547 0.49618165 0.29899355 0.0
c 309.94251 -101.15308 194.22557 0.49618165 0.29899355 0.0
c 309.94251 -101.15308 194.42568 0.49618165 0.29899355 0.0
c 309.94251 -101.15308 194.62578 0.49618165 0.29899355 0.0
c 309.94251 -101.15308 194.82589 0.49618165 0.29899355 0.0
c 309.94251 -101.15308 195.02599 0.49618165 0.29899355 0.0
c 309.94251 -101.15308 195.2261 0.49618165 0.29899355 0.0
c 309.94251 -101.15308 195.42621 0.49618165 0.29899355 0.0
c 309.94251 -101.15308 195.62631 0.49618165 0.29899355 0.0
c 309.94251 -101.15308 195.82642 0.49618165 0.29899355 0.0
c 309.94251 -101.15308 196.02652 0.49618165 0.29899355 0.0
c 309.94251 -101.15308 196.22663 0.49618165 0.29899355 0.0
c 309.94251 -101.15308 196.42673 0.49618165 0.29899355 0.0
c 309.94251 -101.15308 196.62684 0.49618165 0.29899355 0.0
c 309.94251 -101.15308 196.82695 0.49618165 0.29899355 0.0
c 309.94251 -101.15308 197.02705 0.49618165 0.29899355 0.0
c 309.94251 -101.15308 197.22716 0.49618165 0.29899355 0.0
c 309.94251 -101.15308 197.42726 0.49618165 0.29899355 0.0
c 309.94251 -101.15308 197.62737 0.49618165 0.29899355 0.0
c 309.94251 -101.15308 197.82747 0.49618165 0.29899355 0.0
c 309.94251 -101.15308 198.02758 0.49618165 0.29899355 0.0
c 309.94251 -101.15308 198.22769 0.49618165 0.29899355 0.0
c 309.94251 -101.15308 198.42779 0.49618165 0.29899355 0.0
c 309.94251 -101.15308 198.6279 0.49618165 0.29899355 0.0
c 309.94251 -101.15308 198.828 0.49618165 0.29899355 0.0
c 309.94251 -101.15308 199.02811 0.49618165 0.29899355 0.0
c 309.94251 -101.15308 199.22821 0.49618165 0.29899355 0.0
c 309.94251 -101.15308 199.42832 0.49618165 0.29899355 0.0
c 309.94251 -101.15308 199.62843 0.49618165 0.29899355 0.0
c 309.94251 -101.15308 199.82853 0.49618165 0.29899355 0.0
c 309.94251 -101.15308 200.02864 0.49618165 0.29899355 0.0
c 309.94251 -101.15308 200.22874 0.49618165 0.29899355 0.0
c 309.94251 -101.15308 200.42885 0.49618165 0.29899355 0.0
c 309.94251 -101.15308 200.62896 0.49618165 0.29899355 0.0
c 309.94251 -101.15308 200.82906 0.49618165 0.29899355 0.0
c 309.94251 -101.15308 201.02917 0.49618165 0.29899355 0.0
c 309.94251 -101.15308 201.22927 0.49618165 0.29899355 0.0
c 309.94251 -101.15308 201.42938 0.49618165 0.29899355 0.0
c 309.94251 -101.15308 201.62948 0.49618165 0.29899355 0.0
c 309.94251 -101.15308 201.82959 0.49618165 0.29899355 0.0
c 309.94251 -101.15308 202.0297 0.49618165 0.29899355 0.0
c 309.94251 -101.15308 202.2298 0.49618165 0.29899355 0.0
c 309.94251 -101.15308 202.42991 0.49618165 0.29899355 0.0
c 309.94251 -101.15308 202.63001 0.49618165 0.29899355 0.0
c 309.94251 -101.15308 202.83012 0.49618165 0.29899355 0.0
c 309.94251 -101.15308 203.03022 0.49618165 0.29899355 0.0
c 309.94251 -101.15308 203.23033 0.49618165 0.29899355 0.0
c 309.94251 -101.15308 203.43044 0.49618165 0.29899355 0.0
c 309.94251 -101.15308 203.63054 0.49618165 0.29899355 0.0
c 309.94251 -101.15308 203.83065 0.49618165 0.29899355 0.0
c 309.94251 -101.15308 204.03075 0.49618165 0.29899355 0.0
c 309.94251 -101.15308 204.23086 0.49618165 0.29899355 0.0
c 309.94251 -101.15308 204.43096 0.49618165 0.29899355 0.0
c 309.94251 -101.15308 204.63107 0.49618165 0.29899355 0.0
c 309.94251 -101.15308 204.83118 0.49618165 0.29899355 0.0
c 309.94251 -101.15308 205.03128 0.49618165 0.29899355 0.0
c 309.94251 -101.15308 205.23139 0.49618165 0.29899355 0.0
c 309.94251 -101.15308 205.43149 0.49618165 0.29899355 0.0
c 309.94251 -101.15308 205.6316 0.49618165 0.29899355 0.0
c 309.94251 -101.15308 205.8317 0.49618165 0.29899355 0.0
c 309.94251 -101.15308 206.03181 0.49618165 0.29899355 0.0
c 309.94251 -101.15308 206.23192 0.49618165 0.29899355 0.0
c 309.94251 -101.15308 206.43202 0.49618165 0.29899355 0.0
c 309.94251 -101.15308 206.63213 0.49618165 0.29899355 0.0
c 309.94251 -101.15308 206.83223 0.49618165 0.29899355 0.0
c 309.94251 -101.15308 207.03234 0.49618165 0.29899355 0.0
c 309.94251 -101.15308 207.23244 0.49618165 0.29899355 0.0
c 309.94251 -101.15308 207.43255 0.49618165 0.29899355 0.0
c 309.94251 -101.15308 207.63266 0.49618165 0.29899355 0.0
c 309.94251 -101.15308 207.83276 0.49618165 0.29899355 0.0
c 309.94251 -101.15308 208.03287 0.49618165 0.29899355 0.0
c 309.94251 -101.15308 208.23297 0.49618165 0.29899355 0.0
c 309.94251 -101.15308 208.43308 0.49618165 0.29899355 0.0
c 309.94251 -101.15308 208.63318 0.49618165 0.29899355 0.0
c 309.94251 -101.15308 208.83329 0.49618165 0.29899355 0.0
c 309.94251 -101.15308 209.0334 0.49618165 0.29899355 0.0
c 309.94251 -101.15308 209.2335 0.49618165 0.29899355 0.0
c 309.94251 -101.15308 209.43361 0.49618165 0.29899355 0.0
c 309.94251 -101.15308 209.63371 0.49618165 0.29899355 0.0
c 309.94251 -101.15308 209.83382 0.49618165 0.29899355 0.0
c 309.94251 -101.15308 210.03393 0.49618165 0.29899355 0.0
c 309.94251 -101.15308 210.23403 0.49618165 0.29899355 0.0
c 309.94251 -101.15308 210.43414 0.49618165 0.29899355 0.0
c 309.94251 -101.15308 210.63424 0.49618165 0.29899355 0.0
c 309.94251 -101.15308 210.83435 0.49618165 0.29899355 0.0
c 309.94251 -101.15308 211.03445 0.49618165 0.29899355 0.0
c 309.94251 -101.15308 211.23456 0.49618165 0.29899355 0.0
c 309.94251 -101.15308 211.43467 0.49618165 0.29899355 0.0
c 309.94251 -101.15308 211.63477 0.49618165 0.29899355 0.0
c 309.94251 -101.15308 211.83488 0.49618165 0.29899355 0.0
c 309.94251 -101.15308 212.03498 0.49618165 0.29899355 0.0
c 309.94251 -101.15308 212.23509 0.49618165 0.29899355 0.0
c 309.94251 -101.15308 212.43519 0.49618165 0.29899355 0.0
c 309.94251 -101.15308 212.6353 0.49618165 0.29899355 0.0
c 309.94251 -101.15308 212.83541 0.49618165 0.29899355 0.0
c 309.94251 -101.15308 213.03551 0.49618165 0.29899355 0.0
c 309.94251 -101.15308 213.23562 0.49618165 0.29899355 0.0
c 309.94251 -101.15308 213.43572 0.49618165 0.29899355 0.0
c 309.94251 -101.15308 213.63583 0.49618165 0.29899355 0.0
c 309.94251 -101.15308 213.83593 0.49618165 0.29899355 0.0
c 309.94251 -101.15308 214.03604 0.49618165 0.29899355 0.0
c 309.94251 -101.15308 214.23615 0.49618165 0.29899355 0.0
c 309.94251 -101.15308 214.43625 0.49618165 0.29899355 0.0
c 309.94251 -101.15308 214.63636 0.49618165 0.29899355 0.0
c 309.94251 -101.15308 214.83646 0.49618165 0.29899355 0.0
c 309.94251 -101.15308 215.03657 0.49618165 0.29899355 0.0
c 309.94251 -101.15308 215.23667 0.49618165 0.29899355 0.0
c 309.94251 -101.15308 215.43678 0.49618165 0.29899355 0.0
c 309.94251 -101.15308 215.63689 0.49618165 0.29899355 0.0
c 309.94251 -101.15308 215.83699 0.49618165 0.29899355 0.0
c 309.94251 -101.15308 216.0371 0.49618165 0.29899355 0.0
c 309.94251 -101.15308 216.2372 0.49618165 0.29899355 0.0
c 309.94251 -101.15308 216.43731 0.49618165 0.29899355 0.0
c 309.94251 -101.15308 216.63741 0.49618165 0.29899355 0.0
c 309.94251 -101.15308 216.83752 0.49618165 0.29899355 0.0
c 309.94251 -101.15308 217.03763 0.49618165 0.29899355 0.0
c 309.94251 -101.15308 217.23773 0.49618165 0.29899355 0.0
c 309.94251 -101.15308 217.43784 0.49618165 0.29899355 0.0
c 309.94251 -101.15308 217.63794 0.49618165 0.29899355 0.0
c 309.94251 -101.15308 217.83805 0.49618165 0.29899355 0.0
c 309.94251 -101.15308 218.03815 0.49618165 0.29899355 0.0
c 309.94251 -101.15308 218.23826 0.49618165 0.29899355 0.0
c 309.94251 -101.15308 218.43837 0.49618165 0.29899355 0.0
c 309.94251 -101.15308 218.63847 0.49618165 0.29899355 0.0
c 309.94251 -101.15308 218.83858 0.49618165 0.29899355 0.0
c 309.94251 -101.15308 219.03868 0.49618165 0.29899355 0.0
c 309.94251 -101.15308 219.23879 0.49618165 0.29899355 0.0
c 309.94251 -101.15308 219.4389 0.49618165 0.29899355 0.0
c 309.94251 -101.15308 219.639 0.49618165 0.29899355 0.0
c 309.94251 -101.15308 219.83911 0.49618165 0.29899355 0.0
c 309.94251 -101.15308 220.03921 0.49618165 0.29899355 0.0
c 309.94251 -101.15308 220.23932 0.49618165 0.29899355 0.0
c 309.94251 -101.15308 220.43942 0.49618165 0.29899355 0.0
c 309.94251 -101.15308 220.63953 0.49618165 0.29899355 0.0
c 309.94251 -101.15308 220.83964 0.49618165 0.29899355 0.0
c 309.94251 -101.15308 221.03974 0.49618165 0.29899355 0.0
c 309.94251 -101.15308 221.23985 0.49618165 0.29899355 0.0
c 309.94251 -101.15308 221.43995 0.49618165 0.29899355 0.0
c 309.94251 -101.15308 221.64006 0.49618165 0.29899355 0.0
c 309.94251 -101.15308 221.84016 0.49618165 0.29899355 0.0
c 309.94251 -101.15308 222.04027 0.49618165 0.29899355 0.0
c 309.94251 -101.15308 222.24038 0.49618165 0.29899355 0.0
c 309.94251 -101.15308 222.44048 0.49618165 0.29899355 0.0
c 309.94251 -101.15308 222.64059 0.49618165 0.29899355 0.0
c 309.94251 -101.15308 222.84069 0.49618165 0.29899355 0.0
c 309.94251 -101.15308 223.0408 0.49618165 0.29899355 0.0
c 309.94251 -101.15308 223.2409 0.49618165 0.29899355 0.0
c 309.94251 -101.15308 223.44101 0.49618165 0.29899355 0.0
c 309.94251 -101.15308 223.64112 0.49618165 0.29899355 0.0
c 309.94251 -101.15308 223.84122 0.49618165 0.29899355 0.0
c 309.94251 -101.15308 224.04133 0.49618165 0.29899355 0.0
c 309.94251 -101.15308 224.24143 0.49618165 0.29899355 0.0
c 309.94251 -101.15308 224.44154 0.49618165 0.29899355 0.0
c 309.94251 -101.15308 224.64164 0.49618165 0.29899355 0.0
c 309.94251 -101.15308 224.84175 0.49618165 0.29899355 0.0
c 309.94251 -101.15308 225.04186 0.49618165 0.29899355 0.0
c 309.94251 -101.15308 225.24196 0.49618165 0.29899355 0.0
c 309.94251 -101.15308 225.44207 0.49618165 0.29899355 0.0
c 309.94251 -101.15308 225.64217 0.49618165 0.29899355 0.0
c 309.94251 -101.15308 225.84228 0.49618165 0.29899355 0.0
c 309.94251 -101.15308 226.04238 0.49618165 0.29899355 0.0
c 309.94251 -101.15308 226.24249 0.49618165 0.29899355 0.0
c 309.94251 -101.15308 226.4426 0.49618165 0.29899355 0.0
c 309.94251 -101.15308 226.6427 0.49618165 0.29899355 0.0
c 309.94251 -101.15308 226.84281 0.49618165 0.29899355 0.0
c 309.94251 -101.15308 227.04291 0.49618165 0.29899355 0.0
c 309.94251 -101.15308 227.24302 0.49618165 0.29899355 0.0
c 309.94251 -101.15308 227.44312 0.49618165 0.29899355 0.0
c 309.94251 -101.15308 227.64323 0.49618165 0.29899355 0.0
c 309.94251 -101.15308 227.84334 0.49618165 0.29899355 0.0
c 309.94251 -101.15308 228.04344 0.49618165 0.29899355 0.0
c 309.94251 -101.15308 228.24355 0.49618165 0.29899355 0.0
c 309.94251 -101.15308 228.44365 0.49618165 0.29899355 0.0
c 309.94251 -101.15308 228.64376 0.49618165 0.29899355 0.0
c 309.94251 -101.15308 228.84387 0.49618165 0.29899355 0.0
c 309.94251 -101.15308 229.04397 0.49618165 0.29899355 0.0
c 309.94251 -101.15308 229.24408 0.49618165 0.29899355 0.0
c 309.94251 -101.15308 229.44418 0.49618165 0.29899355 0.0
c 309.94251 -101.15308 229.64429 0.49618165 0.29899355 0.0
c 309.94251 -101.15308 229.84439 0.49618165 0.29899355 0.0
c 309.94251 -101.15308 230.0445 0.49618165 0.29899355 0.0
c 309.94251 -101.15308 230.24461 0.49618165 0.29899355 0.0
c 309.94251 -101.15308 230.44471 0.49618165 0.29899355 0.0
c 309.94251 -101.15308 230.64482 0.49618165 0.29899355 0.0
c 309.94251 -101.15308 230.84492 0.49618165 0.29899355 0.0
c 309.94251 -101.15308 231.04503 0.49618165 0.29899355 0.0
c 309.94251 -101.15308 231.24513 0.49618165 0.29899355 0.0
c 309.94251 -101.15308 231.44524 0.49618165 0.29899355 0.0
c 309.94251 -101.15308 231.64535 0.49618165 0.29899355 0.0
c 309.94251 -101.15308 231.84545 0.49618165 0.29899355 0.0
c 309.94251 -101.15308 232.04556 0.49618165 0.29899355 0.0
c 309.94251 -101.15308 232.24566 0.49618165 0.29899355 0.0
c 309.94251 -101.15308 232.44577 0.49618165 0.29899355 0.0
c 309.94251 -101.15308 232.64587 0.49618165 0.29899355 0.0
c 309.94251 -101.15308 232.84598 0.49618165 0.29899355 0.0
c 309.94251 -101.15308 233.04609 0.49618165 0.29899355 0.0
c 309.94251 -101.15308 233.24619 0.49618165 0.29899355 0.0
c 309.94251 -101.15308 233.4463 0.49618165 0.29899355 0.0
c 309.94251 -101.15308 233.6464 0.49618165 0.29899355 0.0
c 309.94251 -101.15308 233.84651 0.49618165 0.29899355 0.0
c 309.94251 -101.15308 234.04661 0.49618165 0.29899355 0.0
c 309.94251 -101.15308 234.24672 0.49618165 0.29899355 0.0
c 309.94251 -101.15308 234.44683 0.49618165 0.29899355 0.0
c 309.94251 -101.15308 234.64693 0.49618165 0.29899355 0.0
c 309.94251 -101.15308 234.84704 0.49618165 0.29899355 0.0
c 309.94251 -101.15308 235.04714 0.49618165 0.29899355 0.0
c 309.94251 -101.15308 235.24725 0.49618165 0.29899355 0.0
c 309.94251 -101.15308 235.44735 0.49618165 0.29899355 0.0
c 309.94251 -101.15308 235.64746 0.49618165 0.29899355 0.0
c 309.94251 -101.15308 235.84757 0.49618165 0.29899355 0.0
c 309.94251 -101.15308 236.04767 0.49618165 0.29899355 0.0
c 309.94251 -101.15308 236.24778 0.49618165 0.29899355 0.0
c 309.94251 -101.15308 236.44788 0.49618165 0.29899355 0.0
c 309.94251 -101.15308 236.64799 0.49618165 0.29899355 0.0
c 309.94251 -101.15308 236.84809 0.49618165 0.29899355 0.0
c 309.94251 -101.15308 237.0482 0.49618165 0.29899355 0.0
c 309.94251 -101.15308 237.24831 0.49618165 0.29899355 0.0
c 309.94251 -101.15308 237.44841 0.49618165 0.29899355 0.0
c 309.94251 -101.15308 237.64852 0.49618165 0.29899355 0.0
c 309.94251 -101.15308 237.84862 0.49618165 0.29899355 0.0
c 309.94251 -101.15308 238.04873 0.49618165 0.29899355 0.0
c 309.94251 -101.15308 238.24884 0.49618165 0.29899355 0.0
c 309.94251 -101.15308 238.44894 0.49618165 0.29899355 0.0
c 309.94251 -101.15308 238.64905 0.49618165 0.29899355 0.0
c 309.94251 -101.15308 238.84915 0.49618165 0.29899355 0.0
c 309.94251 -101.15308 239.04926 0.49618165 0.29899355 0.0
c 309.94251 -101.15308 239.24936 0.49618165 0.29899355 0.0
c 309.94251 -101.15308 239.44947 0.49618165 0.29899355 0.0
c 309.94251 -101.15308 239.64958 0.49618165 0.29899355 0.0
c 309.94251 -101.15308 239.84968 0.49618165 0.29899355 0.0
c 309.94251 -101.15308 240.04979 0.49618165 0.29899355 0.0
c 309.94251 -101.15308 240.24989 0.49618165 0.29899355 0.0
c 309.94251 -101.15308 240.45 0.49618165 0.29899355 0.0
c 309.94251 -101.15308 240.6501 0.49618165 0.29899355 0.0
c 309.94251 -101.15308 240.85021 0.49618165 0.29899355 0.0
c 309.94251 -101.15308 241.05032 0.49618165 0.29899355 0.0
c 309.94251 -101.15308 241.25042 0.49618165 0.29899355 0.0
c 309.94251 -101.15308 241.45053 0.49618165 0.29899355 0.0
c 309.94251 -101.15308 241.65063 0.49618165 0.29899355 0.0
c 309.94251 -101.15308 241.85074 0.49618165 0.29899355 0.0
c 309.94251 -101.15308 242.05084 0.49618165 0.29899355 0.0
c 309.94251 -101.15308 242.25095 0.49618165 0.29899355 0.0
c 309.94251 -101.15308 242.45106 0.49618165 0.29899355 0.0
c 309.94251 -101.15308 242.65116 0.49618165 0.29899355 0.0
c 309.94251 -101.15308 242.85127 0.49618165 0.29899355 0.0
c 309.94251 -101.15308 243.05137 0.49618165 0.29899355 0.0
c 309.94251 -101.15308 243.25148 0.49618165 0.29899355 0.0
c 309.94251 -101.15308 243.45158 0.49618165 0.29899355 0.0
c 309.94251 -101.15308 243.65169 0.49618165 0.29899355 0.0
c 309.94251 -101.15308 243.8518 0.49618165 0.29899355 0.0
c 309.94251 -101.15308 244.0519 0.49618165 0.29899355 0.0
c 309.94251 -101.15308 244.25201 0.49618165 0.29899355 0.0
c 309.94251 -101.15308 244.45211 0.49618165 0.29899355 0.0
c 309.94251 -101.15308 244.65222 0.49618165 0.29899355 0.0
c 309.94251 -101.15308 244.85232 0.49618165 0.29899355 0.0
c 309.94251 -101.15308 245.05243 0.49618165 0.29899355 0.0
c 309.94251 -101.15308 245.25254 0.49618165 0.29899355 0.0
c 309.94251 -101.15308 245.45264 0.49618165 0.29899355 0.0
c 309.94251 -101.15308 245.65275 0.49618165 0.29899355 0.0
c 309.94251 -101.15308 245.85285 0.49618165 0.29899355 0.0
c 309.94251 -101.15308 246.05296 0.49618165 0.29899355 0.0
c 309.94251 -101.15308 246.25306 0.49618165 0.29899355 0.0
c 309.94251 -101.15308 246.45317 0.49618165 0.29899355 0.0
c 309.94251 -101.15308 246.65328 0.49618165 0.29899355 0.0
c 309.94251 -101.15308 246.85338 0.49618165 0.29899355 0.0
c 309.94251 -101.15308 247.05349 0.49618165 0.29899355 0.0
c 309.94251 -101.15308 247.25359 0.49618165 0.29899355 0.0
c 309.94251 -101.15308 247.4537 0.49618165 0.29899355 0.0
c 309.94251 -101.15308 247.65381 0.49618165 0.29899355 0.0
c 309.94251 -101.15308 247.85391 0.49618165 0.29899355 0.0
c 309.94251 -101.15308 248.05402 0.49618165 0.29899355 0.0
c 309.94251 -101.15308 248.25412 0.49618165 0.29899355 0.0
c 309.94251 -101.15308 248.45423 0.49618165 0.29899355 0.0
c 309.94251 -101.15308 248.65433 0.49618165 0.29899355 0.0
c 309.94251 -101.15308 248.85444 0.49618165 0.29899355 0.0
c 309.94251 -101.15308 249.05455 0.49618165 0.29899355 0.0
c 309.94251 -101.15308 249.25465 0.49618165 0.29899355 0.0
c 309.94251 -101.15308 249.45476 0.49618165 0.29899355 0.0
c 309.94251 -101.15308 249.65486 0.49618165 0.29899355 0.0
c 309.94251 -101.15308 249.85497 0.49618165 0.29899355 0.0
c 309.94251 -101.15308 250.05507 0.49618165 0.29899355 0.0
c 309.94251 -101.15308 250.25518 0.49618165 0.29899355 0.0
c 309.94251 -101.15308 250.45529 0.49618165 0.29899355 0.0
c 309.94251 -101.15308 250.65539 0.49618165 0.29899355 0.0
c 309.94251 -101.15308 250.8555 0.49618165 0.29899355 0.0
c 309.94251 -101.15308 251.0556 0.49618165 0.29899355 0.0
c 309.94251 -101.15308 251.25571 0.49618165 0.29899355 0.0
c 309.94251 -101.15308 251.45581 0.49618165 0.29899355 0.0
c 309.94251 -101.15308 251.65592 0.49618165 0.29899355 0.0
c 309.94251 -101.15308 251.85603 0.49618165 0.29899355 0.0
c 309.94251 -101.15308 252.05613 0.49618165 0.29899355 0.0
c 309.94251 -101.15308 252.25624 0.49618165 0.29899355 0.0
c 309.94251 -101.15308 252.45634 0.49618165 0.29899355 0.0
c 309.94251 -101.15308 252.65645 0.49618165 0.29899355 0.0
c 309.94251 -101.15308 252.85655 0.49618165 0.29899355 0.0
c 309.94251 -101.15308 253.05666 0.49618165 0.29899355 0.0
c 309.94251 -101.15308 253.25677 0.49618165 0.29899355 0.0
c 309.94251 -101.15308 253.45687 0.49618165 0.29899355 0.0
c 309.94251 -101.15308 253.65698 0.49618165 0.29899355 0.0
c 309.94251 -101.15308 253.85708 0.49618165 0.29899355 0.0
c 309.94251 -101.15308 254.05719 0.49618165 0.29899355 0.0
c 309.94251 -101.15308 254.25729 0.49618165 0.29899355 0.0
c 309.94251 -101.15308 254.4574 0.49618165 0.29899355 0.0
c 309.94251 -101.15308 254.65751 0.49618165 0.29899355 0.0
c 309.94251 -101.15308 254.85761 0.49618165 0.29899355 0.0
c 309.94251 -101.15308 255.05772 0.49618165 0.29899355 0.0
c 309.94251 -101.15308 255.25782 0.49618165 0.29899355 0.0
c 309.94251 -101.15308 255.45793 0.49618165 0.29899355 0.0
c 309.94251 -101.15308 255.65803 0.49618165 0.29899355 0.0
c 309.94251 -101.15308 255.85814 0.49618165 0.29899355 0.0
c 309.94251 -101.15308 256.05825 0.49618165 0.29899355 0.0
c 309.94251 -101.15308 256.25835 0.49618165 0.29899355 0.0
c 309.94251 -101.15308 256.45846 0.49618165 0.29899355 0.0
c 309.94251 -101.15308 256.65856 0.49618165 0.29899355 0.0
c 309.94251 -101.15308 256.85867 0.49618165 0.29899355 0.0
c 309.94251 -101.15308 257.05878 0.49618165 0.29899355 0.0
c 309.94251 -101.15308 257.25888 0.49618165 0.29899355 0.0
c 309.94251 -101.15308 257.45899 0.49618165 0.29899355 0.0
c 309.94251 -101.15308 257.65909 0.49618165 0.29899355 0.0
c 309.94251 -101.15308 257.8592 0.49618165 0.29899355 0.0
c 309.94251 -101.15308 258.0593 0.49618165 0.29899355 0.0
c 309.94251 -101.15308 258.25941 0.49618165 0.29899355 0.0
c 309.94251 -101.15308 258.45952 0.49618165 0.29899355 0.0
c 309.94251 -101.15308 258.65962 0.49618165 0.29899355 0.0
c 309.94251 -101.15308 258.85973 0.49618165 0.29899355 0.0
c 309.94251 -101.15308 259.05983 0.49618165 0.29899355 0.0
c 309.94251 -101.15308 259.25994 0.49618165 0.29899355 0.0
c 309.94251 -101.15308 259.46004 0.49618165 0.29899355 0.0
c 309.94251 -101.15308 259.66015 0.49618165 0.29899355 0.0
c 309.94251 -101.15308 259.86026 0.49618165 0.29899355 0.0
c 309.94251 -101.15308 260.06036 0.49618165 0.29899355 0.0
c 309.94251 -101.15308 260.26047 0.49618165 0.29899355 0.0
c 309.94251 -101.15308 260.46057 0.49618165 0.29899355 0.0
c 309.94251 -101.15308 260.66068 0.49618165 0.29899355 0.0
c 309.94251 -101.15308 260.86078 0.49618165 0.29899355 0.0
c 309.94251 -101.15308 261.06089 0.49618165 0.29899355 0.0
c 309.94251 -101.15308 261.261 0.49618165 0.29899355 0.0
c 309.94251 -101.15308 261.4611 0.49618165 0.29899355 0.0
c 309.94251 -101.15308 261.66121 0.49618165 0.29899355 0.0
c 309.94251 -101.15308 261.86131 0.49618165 0.29899355 0.0
c 309.94251 -101.15308 262.06142 0.49618165 0.29899355 0.0
c 309.94251 -101.15308 262.26152 0.49618165 0.29899355 0.0
c 309.94251 -101.15308 262.46163 0.49618165 0.29899355 0.0
c 309.94251 -101.15308 262.66174 0.49618165 0.29899355 0.0
c 309.94251 -101.15308 262.86184 0.49618165 0.29899355 0.0
c 309.94251 -101.15308 263.06195 0.49618165 0.29899355 0.0
c 309.94251 -101.15308 263.26205 0.49618165 0.29899355 0.0
c 309.94251 -101.15308 263.46216 0.49618165 0.29899355 0.0
c 309.94251 -101.15308 263.66226 0.49618165 0.29899355 0.0
c 309.94251 -101.15308 263.86237 0.49618165 0.29899355 0.0
c 309.94251 -101.15308 264.06248 0.49618165 0.29899355 0.0
c 309.94251 -101.15308 264.26258 0.49618165 0.29899355 0.0
c 309.94251 -101.15308 264.46269 0.49618165 0.29899355 0.0
c 309.94251 -101.15308 264.66279 0.49618165 0.29899355 0.0
c 309.94251 -101.15308 264.8629 0.49618165 0.29899355 0.0
c 309.94251 -101.15308 265.063 0.49618165 0.29899355 0.0
c 309.94251 -101.15308 265.26311 0.49618165 0.29899355 0.0
c 309.94251 -101.15308 265.46322 0.49618165 0.29899355 0.0
c 309.94251 -101.15308 265.66332 0.49618165 0.29899355 0.0
c 309.94251 -101.15308 265.86343 0.49618165 0.29899355 0.0
c 309.94251 -101.15308 266.06353 0.49618165 0.29899355 0.0
c 309.94251 -101.15308 266.26364 0.49618165 0.29899355 0.0
c 309.94251 -101.15308 266.46375 0.49618165 0.29899355 0.0
c 309.94251 -101.15308 266.66385 0.49618165 0.29899355 0.0
c 309.94251 -101.15308 266.86396 0.49618165 0.29899355 0.0
c 309.94251 -101.15308 267.06406 0.49618165 0.29899355 0.0
c 309.94251 -101.15308 267.26417 0.49618165 0.29899355 0.0
c 309.94251 -101.15308 267.46427 0.49618165 0.29899355 0.0
c 309.94251 -101.15308 267.66438 0.49618165 0.29899355 0.0
c 309.94251 -101.15308 267.86449 0.49618165 0.29899355 0.0
c 309.94251 -101.15308 268.06459 0.49618165 0.29899355 0.0
c 309.94251 -101.15308 268.2647 0.49618165 0.29899355 0.0
c 309.94251 -101.15308 268.4648 0.49618165 0.29899355 0.0
c 309.94251 -101.15308 268.66491 0.49618165 0.29899355 0.0
c 309.94251 -101.15308 268.86501 0.49618165 0.29899355 0.0
c 309.94251 -101.15308 269.06512 0.49618165 0.29899355 0.0
c 309.94251 -101.15308 269.26523 0.49618165 0.29899355 0.0
c 309.94251 -101.15308 269.46533 0.49618165 0.29899355 0.0
c 309.94251 -101.15308 269.66544 0.49618165 0.29899355 0.0
c 309.94251 -101.15308 269.86554 0.49618165 0.29899355 0.0
c 309.94251 -101.15308 270.06565 0.49618165 0.29899355 0.0
c 309.94251 -101.15308 270.26575 0.49618165 0.29899355 0.0
c 309.94251 -101.15308 270.46586 0.49618165 0.29899355 0.0
c 309.94251 -101.15308 270.66597 0.49618165 0.29899355 0.0
c 309.94251 -101.15308 270.86607 0.49618165 0.29899355 0.0
c 309.94251 -101.15308 271.06618 0.49618165 0.29899355 0.0
c 309.94251 -101.15308 271.26628 0.49618165 0.29899355 0.0
c 309.94251 -101.15308 271.46639 0.49618165 0.29899355 0.0
c 309.94251 -101.15308 271.66649 0.49618165 0.29899355 0.0
c 309.94251 -101.15308 271.8666 0.49618165 0.29899355 0.0
c 309.94251 -101.15308 272.06671 0.49618165 0.29899355 0.0
c 309.94251 -101.15308 272.26681 0.49618165 0.29899355 0.0
c 309.94251 -101.15308 272.46692 0.49618165 0.29899355 0.0
c 309.94251 -101.15308 272.66702 0.49618165 0.29899355 0.0
c 309.94251 -101.15308 272.86713 0.49618165 0.29899355 0.0
c 309.94251 -101.15308 273.06723 0.49618165 0.29899355 0.0
c 309.94251 -101.15308 273.26734 0.49618165 0.29899355 0.0
c 309.94251 -101.15308 273.46745 0.49618165 0.29899355 0.0
c 309.94251 -101.15308 273.66755 0.49618165 0.29899355 0.0
c 309.94251 -101.15308 273.86766 0.49618165 0.29899355 0.0
c 309.94251 -101.15308 274.06776 0.49618165 0.29899355 0.0
c 309.94251 -101.15308 274.26787 0.49618165 0.29899355 0.0
c 309.94251 -101.15308 274.46797 0.49618165 0.29899355 0.0
c 309.94251 -101.15308 274.66808 0.49618165 0.29899355 0.0
c 309.94251 -101.15308 274.86819 0.49618165 0.29899355 0.0
c 309.94251 -101.15308 275.06829 0.49618165 0.29899355 0.0
c 309.94251 -101.15308 275.2684 0.49618165 0.29899355 0.0
c 309.94251 -101.15308 275.4685 0.49618165 0.29899355 0.0
c 309.94251 -101.15308 275.66861 0.49618165 0.29899355 0.0
c 309.94251 -101.15308 275.86872 0.49618165 0.29899355 0.0
c 309.94251 -101.15308 276.06882 0.49618165 0.29899355 0.0
c 309.94251 -101.15308 276.26893 0.49618165 0.29899355 0.0
c 309.94251 -101.15308 276.46903 0.49618165 0.29899355 0.0
c 309.94251 -101.15308 276.66914 0.49618165 0.29899355 0.0
c 309.94251 -101.15308 276.86924 0.49618165 0.29899355 0.0
c 309.94251 -101.15308 277.06935 0.49618165 0.29899355 0.0
c 309.94251 -101.15308 277.26946 0.49618165 0.29899355 0.0
c 309.94251 -101.15308 277.46956 0.49618165 0.29899355 0.0
c 309.94251 -101.15308 277.66967 0.49618165 0.29899355 0.0
c 309.94251 -101.15308 277.86977 0.49618165 0.29899355 0.0
c 309.94251 -101.15308 278.06988 0.49618165 0.29899355 0.0
c 309.94251 -101.15308 278.26998 0.49618165 0.29899355 0.0
c 309.94251 -101.15308 278.47009 0.49618165 0.29899355 0.0
c 309.94251 -101.15308 278.6702 0.49618165 0.29899355 0.0
c 309.94251 -101.15308 278.8703 0.49618165 0.29899355 0.0
c 309.94251 -101.15308 279.07041 0.49618165 0.29899355 0.0
c 309.94251 -101.15308 279.27051 0.49618165 0.29899355 0.0
c 309.94251 -101.15308 279.47062 0.49618165 0.29899355 0.0
c 309.94251 -101.15308 279.67072 0.49618165 0.29899355 0.0
c 309.94251 -101.15308 279.87083 0.49618165 0.29899355 0.0
c 309.94251 -101.15308 280.07094 0.49618165 0.29899355 0.0
c 309.94251 -101.15308 280.27104 0.49618165 0.29899355 0.0
c 309.94251 -101.15308 280.47115 0.49618165 0.29899355 0.0
c 309.94251 -101.15308 280.67125 0.49618165 0.29899355 0.0
c 309.94251 -101.15308 280.87136 0.49618165 0.29899355 0.0
c 309.94251 -101.15308 281.07146 0.49618165 0.29899355 0.0
c 309.94251 -101.15308 281.27157 0.49618165 0.29899355 0.0
c 309.94251 -101.15308 281.47168 0.49618165 0.29899355 0.0
c 309.94251 -101.15308 281.67178 0.49618165 0.29899355 0.0
c 309.94251 -101.15308 281.87189 0.49618165 0.29899355 0.0
c 309.94251 -101.15308 282.07199 0.49618165 0.29899355 0.0
c 309.94251 -101.15308 282.2721 0.49618165 0.29899355 0.0
c 309.94251 -101.15308 282.4722 0.49618165 0.29899355 0.0
c 309.94251 -101.15308 282.67231 0.49618165 0.29899355 0.0
c 309.94251 -101.15308 282.87242 0.49618165 0.29899355 0.0
c 309.94251 -101.15308 283.07252 0.49618165 0.29899355 0.0
c 309.94251 -101.15308 283.27263 0.49618165 0.29899355 0.0
c 309.94251 -101.15308 283.47273 0.49618165 0.29899355 0.0
c 309.94251 -101.15308 283.67284 0.49618165 0.29899355 0.0
c 309.94251 -101.15308 283.87294 0.49618165 0.29899355 0.0
c 309.94251 -101.15308 284.07305 0.49618165 0.29899355 0.0
c 309.94251 -101.15308 284.27316 0.49618165 0.29899355 0.0
c 309.94251 -101.15308 284.47326 0.49618165 0.29899355 0.0
c 309.94251 -101.15308 284.67337 0.49618165 0.29899355 0.0
c 309.94251 -101.15308 284.87347 0.49618165 0.29899355 0.0
c 309.94251 -101.15308 285.07358 0.49618165 0.29899355 0.0
c 309.94251 -101.15308 285.27369 0.49618165 0.29899355 0.0
c 309.94251 -101.15308 285.47379 0.49618165 0.29899355 0.0
c 309.94251 -101.15308 285.6739 0.49618165 0.29899355 0.0
c 309.94251 -101.15308 285.874 0.49618165 0.29899355 0.0
c 309.94251 -101.15308 286.07411 0.49618165 0.29899355 0.0
c 309.94251 -101.15308 286.27421 0.49618165 0.29899355 0.0
c 309.94251 -101.15308 286.47432 0.49618165 0.29899355 0.0
c 309.94251 -101.15308 286.67443 0.49618165 0.29899355 0.0
c 309.94251 -101.15308 286.87453 0.49618165 0.29899355 0.0
c 309.94251 -101.15308 287.07464 0.49618165 0.29899355 0.0
c 309.94251 -101.15308 287.27474 0.49618165 0.29899355 0.0
c 309.94251 -101.15308 287.47485 0.49618165 0.29899355 0.0
c 309.94251 -101.15308 287.67495 0.49618165 0.29899355 0.0
c 309.94251 -101.15308 287.87506 0.49618165 0.29899355 0.0
c 309.94251 -101.15308 288.07517 0.49618165 0.29899355 0.0
c 309.94251 -101.15308 288.27527 0.49618165 0.29899355 0.0
c 309.94251 -101.15308 288.47538 0.49618165 0.29899355 0.0
c 309.94251 -101.15308 288.67548 0.49618165 0.29899355 0.0
c 309.94251 -101.15308 288.87559 0.49618165 0.29899355 0.0
c 309.94251 -101.15308 289.07569 0.49618165 0.29899355 0.0
c 309.94251 -101.15308 289.2758 0.49618165 0.29899355 0.0
c 309.94251 -101.15308 289.47591 0.49618165 0.29899355 0.0
c 309.94251 -101.15308 289.67601 0.49618165 0.29899355 0.0
c 309.94251 -101.15308 289.87612 0.49618165 0.29899355 0.0
c 309.94251 -101.15308 290.07622 0.49618165 0.29899355 0.0
c 309.94251 -101.15308 290.27633 0.49618165 0.29899355 0.0
c 309.94251 -101.15308 290.47643 0.49618165 0.29899355 0.0
c 309.94251 -101.15308 290.67654 0.49618165 0.29899355 0.0
c 309.94251 -101.15308 290.87665 0.49618165 0.29899355 0.0
c 309.94251 -101.15308 291.07675 0.49618165 0.29899355 0.0
c 309.94251 -101.15308 291.27686 0.49618165 0.29899355 0.0
c 309.94251 -101.15308 291.47696 0.49618165 0.29899355 0.0
c 309.94251 -101.15308 291.67707 0.49618165 0.29899355 0.0
c 309.94251 -101.15308 291.87717 0.49618165 0.29899355 0.0
c 309.94251 -101.15308 292.07728 0.49618165 0.29899355 0.0
c 309.94251 -101.15308 292.27739 0.49618165 0.29899355 0.0
c 309.94251 -101.15308 292.47749 0.49618165 0.29899355 0.0
c 309.94251 -101.15308 292.6776 0.49618165 0.29899355 0.0
c 309.94251 -101.15308 292.8777 0.49618165 0.29899355 0.0
c 309.94251 -101.15308 293.07781 0.49618165 0.29899355 0.0
c 309.94251 -101.15308 293.27791 0.49618165 0.29899355 0.0
c 309.94251 -101.15308 293.47802 0.49618165 0.29899355 0.0
c 309.94251 -101.15308 293.67813 0.49618165 0.29899355 0.0
c 309.94251 -101.15308 293.87823 0.49618165 0.29899355 0.0
c 309.94251 -101.15308 294.07834 0.49618165 0.29899355 0.0
c 309.94251 -101.15308 294.27844 0.49618165 0.29899355 0.0
c 309.94251 -101.15308 294.47855 0.49618165 0.29899355 0.0
c 309.94251 -101.15308 294.67866 0.49618165 0.29899355 0.0
c 309.94251 -101.15308 294.87876 0.49618165 0.29899355 0.0
c 309.94251 -101.15308 295.07887 0.49618165 0.29899355 0.0
c 309.94251 -101.15308 295.27897 0.49618165 0.29899355 0.0
c 309.94251 -101.15308 295.47908 0.49618165 0.29899355 0.0
c 309.94251 -101.15308 295.67918 0.49618165 0.29899355 0.0
c 309.94251 -101.15308 295.87929 0.49618165 0.29899355 0.0
c 309.94251 -101.15308 296.0794 0.49618165 0.29899355 0.0
c 309.94251 -101.15308 296.2795 0.49618165 0.29899355 0.0
c 309.94251 -101.15308 296.47961 0.49618165 0.29899355 0.0
c 309.94251 -101.15308 296.67971 0.49618165 0.29899355 0.0
c 309.94251 -101.15308 296.87982 0.49618165 0.29899355 0.0
c 309.94251 -101.15308 297.07992 0.49618165 0.29899355 0.0
c 309.94251 -101.15308 297.28003 0.49618165 0.29899355 0.0
c 309.94251 -101.15308 297.48014 0.49618165 0.29899355 0.0
c 309.94251 -101.15308 297.68024 0.49618165 0.29899355 0.0
c 309.94251 -101.15308 297.88035 0.49618165 0.29899355 0.0
c 309.94251 -101.15308 298.08045 0.49618165 0.29899355 0.0
c 309.94251 -101.15308 298.28056 0.49618165 0.29899355 0.0
c 309.94251 -101.15308 298.48066 0.49618165 0.29899355 0.0
c 309.94251 -101.15308 298.68077 0.49618165 0.29899355 0.0
c 309.94251 -101.15308 298.88088 0.49618165 0.29899355 0.0
c 309.94251 -101.15308 299.08098 0.49618165 0.29899355 0.0
c 309.94251 -101.15308 299.28109 0.49618165 0.29899355 0.0
c 309.94251 -101.15308 299.48119 0.49618165 0.29899355 0.0
c 309.94251 -101.15308 299.6813 0.49618165 0.29899355 0.0
c 309.94251 -101.15308 299.8814 0.49618165 0.29899355 0.0
c 309.94251 -101.15308 300.08151 0.49618165 0.29899355 0.0
c 309.94251 -101.15308 300.28162 0.49618165 0.29899355 0.0
c 309.94251 -101.15308 300.48172 0.49618165 0.29899355 0.0
c 309.94251 -101.15308 300.68183 0.49618165 0.29899355 0.0
c 309.94251 -101.15308 300.88193 0.49618165 0.29899355 0.0
c 309.94251 -101.15308 301.08204 0.49618165 0.29899355 0.0
c 309.94251 -101.15308 301.28214 0.49618165 0.29899355 0.0
c 309.94251 -101.15308 301.48225 0.49618165 0.29899355 0.0
c 309.94251 -101.15308 301.68236 0.49618165 0.29899355 0.0
c 309.94251 -101.15308 301.88246 0.49618165 0.29899355 0.0
c 309.94251 -101.15308 302.08257 0.49618165 0.29899355 0.0
c 309.94251 -101.15308 302.28267 0.49618165 0.29899355 0.0
c 309.94251 -101.15308 302.48278 0.49618165 0.29899355 0.0
c 309.94251 -101.15308 302.68288 0.49618165 0.29899355 0.0
c 309.94251 -101.15308 302.88299 0.49618165 0.29899355 0.0
c 309.94251 -101.15308 303.0831 0.49618165 0.29899355 0.0
c 309.94251 -101.15308 303.2832 0.49618165 0.29899355 0.0
c 309.94251 -101.15308 303.48331 0.49618165 0.29899355 0.0
c 309.94251 -101.15308 303.68341 0.49618165 0.29899355 0.0
c 309.94251 -101.15308 303.88352 0.49618165 0.29899355 0.0
c 309.94251 -101.15308 304.08363 0.49618165 0.29899355 0.0
c 309.94251 -101.15308 304.28373 0.49618165 0.29899355 0.0
c 309.94251 -101.15308 304.48384 0.49618165 0.29899355 0.0
c 309.94251 -101.15308 304.68394 0.49618165 0.29899355 0.0
c 309.94251 -101.15308 304.88405 0.49618165 0.29899355 0.0
c 309.94251 -101.15308 305.08415 0.49618165 0.29899355 0.0
c 309.94251 -101.15308 305.28426 0.49618165 0.29899355 0.0
c 309.94251 -101.15308 305.48437 0.49618165 0.29899355 0.0
c 309.94251 -101.15308 305.68447 0.49618165 0.29899355 0.0
c 309.94251 -101.15308 305.88458 0.49618165 0.29899355 0.0
c 309.94251 -101.15308 306.08468 0.49618165 0.29899355 0.0
c 309.94251 -101.15308 306.28479 0.49618165 0.29899355 0.0
c 309.94251 -101.15308 306.48489 0.49618165 0.29899355 0.0
c 309.94251 -101.15308 306.685 0.49618165 0.29899355 0.0
c 309.94251 -101.15308 306.88511 0.49618165 0.29899355 0.0
c 309.94251 -101.15308 307.08521 0.49618165 0.29899355 0.0
c 309.94251 -101.15308 307.28532 0.49618165 0.29899355 0.0
c 309.94251 -101.15308 307.48542 0.49618165 0.29899355 0.0
c 309.94251 -101.15308 307.68553 0.49618165 0.29899355 0.0
c 309.94251 -101.15308 307.88563 0.49618165 0.29899355 0.0
c 309.94251 -101.15308 308.08574 0.49618165 0.29899355 0.0
c 309.94251 -101.15308 308.28585 0.49618165 0.29899355 0.0
c 309.94251 -101.15308 308.48595 0.49618165 0.29899355 0.0
c 309.94251 -101.15308 308.68606 0.49618165 0.29899355 0.0
c 309.94251 -101.15308 308.88616 0.49618165 0.29899355 0.0
c 309.94251 -101.15308 309.08627 0.49618165 0.29899355 0.0
c 309.94251 -101.15308 309.28637 0.49618165 0.29899355 0.0
c 309.94251 -101.15308 309.48648 0.49618165 0.29899355 0.0
c 309.94251 -101.15308 309.68659 0.49618165 0.29899355 0.0
c 309.94251 -101.15308 309.88669 0.49618165 0.29899355 0.0
c 309.94251 -101.15308 310.0868 0.49618165 0.29899355 0.0
c 309.94251 -101.15308 310.2869 0.49618165 0.29899355 0.0
c 309.94251 -101.15308 310.48701 0.49618165 0.29899355 0.0
c 309.94251 -101.15308 310.68711 0.49618165 0.29899355 0.0
c 309.94251 -101.15308 310.88722 0.49618165 0.29899355 0.0
c 309.94251 -101.15308 311.08733 0.49618165 0.29899355 0.0
c 309.94251 -101.15308 311.28743 0.49618165 0.29899355 0.0
c 309.94251 -101.15308 311.48754 0.49618165 0.29899355 0.0
c 309.94251 -101.15308 311.68764 0.49618165 0.29899355 0.0
c 309.94251 -101.15308 311.88775 0.49618165 0.29899355 0.0
c 309.94251 -101.15308 312.08785 0.49618165 0.29899355 0.0
c 309.94251 -101.15308 312.28796 0.49618165 0.29899355 0.0
c 309.94251 -101.15308 312.48807 0.49618165 0.29899355 0.0
c 309.94251 -101.15308 312.68817 0.49618165 0.29899355 0.0
c 309.94251 -101.15308 312.88828 0.49618165 0.29899355 0.0
c 309.94251 -101.15308 313.08838 0.49618165 0.29899355 0.0
c 309.94251 -101.15308 313.28849 0.49618165 0.29899355 0.0
c 309.94251 -101.15308 313.4886 0.49618165 0.29899355 0.0
c 309.94251 -101.15308 313.6887 0.49618165 0.29899355 0.0
c 309.94251 -101.15308 313.88881 0.49618165 0.29899355 0.0
c 309.94251 -101.15308 314.08891 0.49618165 0.29899355 0.0
c 309.94251 -101.15308 314.28902 0.49618165 0.29899355 0.0
c 309.94251 -101.15308 314.48912 0.49618165 0.29899355 0.0
c 309.94251 -101.15308 314.68923 0.49618165 0.29899355 0.0
c 309.94251 -101.15308 314.88934 0.49618165 0.29899355 0.0
c 309.94251 -101.15308 315.08944 0.49618165 0.29899355 0.0
c 309.94251 -101.15308 315.28955 0.49618165 0.29899355 0.0
c 309.94251 -101.15308 315.48965 0.49618165 0.29899355 0.0
c 309.94251 -101.15308 315.68976 0.49618165 0.29899355 0.0
c 309.94251 -101.15308 315.88986 0.49618165 0.29899355 0.0
c 309.94251 -101.15308 316.08997 0.49618165 0.29899355 0.0
c 309.94251 -101.15308 316.29008 0.49618165 0.29899355 0.0
c 309.94251 -101.15308 316.49018 0.49618165 0.29899355 0.0
c 309.94251 -101.15308 316.69029 0.49618165 0.29899355 0.0
c 309.94251 -101.15308 316.89039 0.49618165 0.29899355 0.0
c 309.94251 -101.15308 317.0905 0.49618165 0.29899355 0.0
c 309.94251 -101.15308 317.2906 0.49618165 0.29899355 0.0
c 309.94251 -101.15308 317.49071 0.49618165 0.29899355 0.0
c 309.94251 -101.15308 317.69082 0.49618165 0.29899355 0.0
c 309.94251 -101.15308 317.89092 0.49618165 0.29899355 0.0
c 309.94251 -101.15308 318.09103 0.49618165 0.29899355 0.0
c 309.94251 -101.15308 318.29113 0.49618165 0.29899355 0.0
c 309.94251 -101.15308 318.49124 0.49618165 0.29899355 0.0
c 309.94251 -101.15308 318.69134 0.49618165 0.29899355 0.0
c 309.94251 -101.15308 318.89145 0.49618165 0.29899355 0.0
c 309.94251 -101.15308 319.09156 0.49618165 0.29899355 0.0
c 309.94251 -101.15308 319.29166 0.49618165 0.29899355 0.0
c 309.94251 -101.15308 319.49177 0.49618165 0.29899355 0.0
c 309.94251 -101.15308 319.69187 0.49618165 0.29899355 0.0
c 309.94251 -101.15308 319.89198 0.49618165 0.29899355 0.0
c 309.94251 -101.15308 320.09208 0.49618165 0.29899355 0.0
c 309.94251 -101.15308 320.29219 0.49618165 0.29899355 0.0
c 309.94251 -101.15308 320.4923 0.49618165 0.29899355 0.0
c 309.94251 -101.15308 320.6924 0.49618165 0.29899355 0.0
c 309.94251 -101.15308 320.89251 0.49618165 0.29899355 0.0
c 309.94251 -101.15308 321.09261 0.49618165 0.29899355 0.0
c 309.94251 -101.15308 321.29272 0.49618165 0.29899355 0.0
c 309.94251 -101.15308 321.49282 0.49618165 0.29899355 0.0
c 309.94251 -101.15308 321.69293 0.49618165 0.29899355 0.0
c 309.94251 -101.15308 321.89304 0.49618165 0.29899355 0.0
c 309.94251 -101.15308 322.09314 0.49618165 0.29899355 0.0
c 309.94251 -101.15308 322.29325 0.49618165 0.29899355 0.0
c 309.94251 -101.15308 322.49335 0.49618165 0.29899355 0.0
c 309.94251 -101.15308 322.69346 0.49618165 0.29899355 0.0
c 309.94251 -101.15308 322.89357 0.49618165 0.29899355 0.0
c 309.94251 -101.15308 323.09367 0.49618165 0.29899355 0.0
c 309.94251 -101.15308 323.29378 0.49618165 0.29899355 0.0
c 309.94251 -101.15308 323.49388 0.49618165 0.29899355 0.0
c 309.94251 -101.15308 323.69399 0.49618165 0.29899355 0.0
c 309.94251 -101.15308 323.89409 0.49618165 0.29899355 0.0
c 309.94251 -101.15308 324.0942 0.49618165 0.29899355 0.0
c 309.94251 -101.15308 324.29431 0.49618165 0.29899355 0.0
c 309.94251 -101.15308 324.49441 0.49618165 0.29899355 0.0
c 309.94251 -101.15308 324.69452 0.49618165 0.29899355 0.0
c 309.94251 -101.15308 324.89462 0.49618165 0.29899355 0.0
c 309.94251 -101.15308 325.09473 0.49618165 0.29899355 0.0
c 309.94251 -101.15308 325.29483 0.49618165 0.29899355 0.0
c 309.94251 -101.15308 325.49494 0.49618165 0.29899355 0.0
c 309.94251 -101.15308 325.69505 0.49618165 0.29899355 0.0
c 309.94251 -101.15308 325.89515 0.49618165 0.29899355 0.0
c 309.94251 -101.15308 326.09526 0.49618165 0.29899355 0.0
c 309.94251 -101.15308 326.29536 0.49618165 0.29899355 0.0
c 309.94251 -101.15308 326.49547 0.49618165 0.29899355 0.0
c 309.94251 -101.15308 326.69557 0.49618165 0.29899355 0.0
c 309.94251 -101.15308 326.89568 0.49618165 0.29899355 0.0
c 309.94251 -101.15308 327.09579 0.49618165 0.29899355 0.0
c 309.94251 -101.15308 327.29589 0.49618165 0.29899355 0.0
c 309.94251 -101.15308 327.496 0.49618165 0.29899355 0.0
c 309.94251 -101.15308 327.6961 0.49618165 0.29899355 0.0
c 309.94251 -101.15308 327.89621 0.49618165 0.29899355 0.0
c 309.94251 -101.15308 328.09631 0.49618165 0.29899355 0.0
c 309.94251 -101.15308 328.29642 0.49618165 0.29899355 0.0
c 309.94251 -101.15308 328.49653 0.49618165 0.29899355 0.0
c 309.94251 -101.15308 328.69663 0.49618165 0.29899355 0.0
c 309.94251 -101.15308 328.89674 0.49618165 0.29899355 0.0
c 309.94251 -101.15308 329.09684 0.49618165 0.29899355 0.0
c 309.94251 -101.15308 329.29695 0.49618165 0.29899355 0.0
c 309.94251 -101.15308 329.49705 0.49618165 0.29899355 0.0
c 309.94251 -101.15308 329.69716 0.49618165 0.29899355 0.0
c 309.94251 -101.15308 329.89727 0.49618165 0.29899355 0.0
c 309.94251 -101.15308 330.09737 0.49618165 0.29899355 0.0
c 309.94251 -101.15308 330.29748 0.49618165 0.29899355 0.0
c 309.94251 -101.15308 330.49758 0.49618165 0.29899355 0.0
c 309.94251 -101.15308 330.69769 0.49618165 0.29899355 0.0
c 309.94251 -101.15308 330.89779 0.49618165 0.29899355 0.0
c 309.94251 -101.15308 331.0979 0.49618165 0.29899355 0.0
c 309.94251 -101.15308 331.29801 0.49618165 0.29899355 0.0
c 309.94251 -101.15308 331.49811 0.49618165 0.29899355 0.0
c 309.94251 -101.15308 331.69822 0.49618165 0.29899355 0.0
c 309.94251 -101.15308 331.89832 0.49618165 0.29899355 0.0
c 309.94251 -101.15308 332.09843 0.49618165 0.29899355 0.0
c 309.94251 -101.15308 332.29854 0.49618165 0.29899355 0.0
c 309.94251 -101.15308 332.49864 0.49618165 0.29899355 0.0
c 309.94251 -101.15308 332.69875 0.49618165 0.29899355 0.0
c 309.94251 -101.15308 332.89885 0.49618165 0.29899355 0.0
c 309.94251 -101.15308 333.09896 0.49618165 0.29899355 0.0
c 309.94251 -101.15308 333.29906 0.49618165 0.29899355 0.0
c 309.94251 -101.15308 333.49917 0.49618165 0.29899355 0.0
c 309.94251 -101.15308 333.69928 0.49618165 0.29899355 0.0
c 309.94251 -101.15308 333.89938 0.49618165 0.29899355 0.0
c 309.94251 -101.15308 334.09949 0.49618165 0.29899355 0.0
c 309.94251 -101.15308 334.29959 0.49618165 0.29899355 0.0
c 309.94251 -101.15308 334.4997 0.49618165 0.29899355 0.0
c 309.94251 -101.15308 334.6998 0.49618165 0.29899355 0.0
c 309.94251 -101.15308 334.89991 0.49618165 0.29899355 0.0
c 309.94251 -101.15308 335.10002 0.49618165 0.29899355 0.0
c 309.94251 -101.15308 335.30012 0.49618165 0.29899355 0.0
c 309.94251 -101.15308 335.50023 0.49618165 0.29899355 0.0
c 309.94251 -101.15308 335.70033 0.49618165 0.29899355 0.0
c 309.94251 -101.15308 335.90044 0.49618165 0.29899355 0.0
c 309.94251 -101.15308 336.10054 0.49618165 0.29899355 0.0
c 309.94251 -101.15308 336.30065 0.49618165 0.29899355 0.0
c 309.94251 -101.15308 336.50076 0.49618165 0.29899355 0.0
c 309.94251 -101.15308 336.70086 0.49618165 0.29899355 0.0
c 309.94251 -101.15308 336.90097 0.49618165 0.29899355 0.0
c 309.94251 -101.15308 337.10107 0.49618165 0.29899355 0.0
c 309.94251 -101.15308 337.30118 0.49618165 0.29899355 0.0
c 309.94251 -101.15308 337.50128 0.49618165 0.29899355 0.0
c 309.94251 -101.15308 337.70139 0.49618165 0.29899355 0.0
c 309.94251 -101.15308 337.9015 0.49618165 0.29899355 0.0
c 309.94251 -101.15308 338.1016 0.49618165 0.29899355 0.0
c 309.94251 -101.15308 338.30171 0.49618165 0.29899355 0.0
c 309.94251 -101.15308 338.50181 0.49618165 0.29899355 0.0
c 309.94251 -101.15308 338.70192 0.49618165 0.29899355 0.0
c 309.94251 -101.15308 338.90202 0.49618165 0.29899355 0.0
c 309.94251 -101.15308 339.10213 0.49618165 0.29899355 0.0
c 309.94251 -101.15308 339.30224 0.49618165 0.29899355 0.0
c 309.94251 -101.15308 339.50234 0.49618165 0.29899355 0.0
c 309.94251 -101.15308 339.70245 0.49618165 0.29899355 0.0
c 309.94251 -101.15308 339.90255 0.49618165 0.29899355 0.0
c 309.94251 -101.15308 340.10266 0.49618165 0.29899355 0.0
c 309.94251 -101.15308 340.30276 0.49618165 0.29899355 0.0
c 309.94251 -101.15308 340.50287 0.49618165 0.29899355 0.0
c 309.94251 -101.15308 340.70298 0.49618165 0.29899355 0.0
c 309.94251 -101.15308 340.90308 0.49618165 0.29899355 0.0
c 309.94251 -101.15308 341.10319 0.49618165 0.29899355 0.0
c 309.94251 -101.15308 341.30329 0.49618165 0.29899355 0.0
c 309.94251 -101.15308 341.5034 0.49618165 0.29899355 0.0
c 309.94251 -101.15308 341.7035 0.49618165 0.29899355 0.0
