c 341.72337 0.0 345.98 0.87171535 0.011019 0.13705795
t 159
c 341.72337 0.0 345.98 0.86838051 0.011019 0.13705795
t 158
c 341.72337 0.0 345.98 0.86504567 0.011019 0.13705795
t 158
c 341.72337 0.0 345.98 0.86171084 0.011019 0.13705795
t 157
c 341.72337 0.0 345.98 0.858376 0.011019 0.13705795
t 157
c 341.72337 0.0 345.98 0.85504116 0.011019 0.13705795
t 156
c 341.72337 0.0 345.98 0.85170632 0.011019 0.13705795
t 156
c 341.72337 0.0 345.98 0.84837149 0.011019 0.13705795
t 155
c 341.72337 0.0 345.98 0.84503665 0.011019 0.13705795
t 155
c 341.72337 0.0 345.98 0.84170181 0.011019 0.13705795
t 155
c 341.72337 0.0 345.98 0.83836697 0.011019 0.13705795
t 154
c 341.72337 0.0 345.98 0.83503214 0.011019 0.13705795
t 154
c 341.72337 0.0 345.98 0.8316973 0.011019 0.13705795
t 153
c 341.72337 0.0 345.98 0.82836246 0.011019 0.13705795
t 153
c 341.72337 0.0 345.98 0.82502762 0.011019 0.13705795
t 152
c 341.72337 0.0 345.98 0.82169279 0.011019 0.13705795
t 152
c 341.72337 0.0 345.98 0.81835795 0.011019 0.13705795
t 152
c 341.72337 0.0 345.98 0.81502311 0.011019 0.13705795
t 151
c 341.72337 0.0 345.98 0.81168827 0.011019 0.13705795
t 151
c 341.72337 0.0 345.98 0.80835343 0.011019 0.13705795
t 150
c 341.72337 0.0 345.98 0.8050186 0.011019 0.13705795
t 150
c 341.72337 0.0 345.98 0.80168376 0.011019 0.13705795
t 149
c 341.72337 0.0 345.98 0.79834892 0.011019 0.13705795
t 149
c 341.72337 0.0 345.98 0.79501408 0.011019 0.13705795
t 148
c 341.72337 0.0 345.98 0.79167925 0.011019 0.13705795
t 148
c 341.72337 0.0 345.98 0.78834441 0.011019 0.13705795
t 148
c 341.72337 0.0 345.98 0.78500957 0.011019 0.13705795
t 147
c 341.72337 0.0 345.98 0.78167473 0.011019 0.13705795
t 147
c 341.72337 0.0 345.98 0.7783399 0.011019 0.13705795
t 146
c 341.72337 0.0 345.98 0.77500506 0.011019 0.13705795
t 146
c 341.72337 0.0 345.98 0.77167022 0.011019 0.13705795
t 145
c 341.72337 0.0 345.98 0.76833538 0.011019 0.13705795
t 145
c 341.72337 0.0 345.98 0.76500055 0.011019 0.13705795
t 145
c 341.72337 0.0 345.98 0.76166571 0.011019 0.13705795
t 144
c 341.72337 0.0 345.98 0.75833087 0.011019 0.13705795
t 144
c 341.72337 0.0 345.98 0.75499603 0.011019 0.13705795
t 143
c 341.72337 0.0 345.98 0.75166119 0.011019 0.13705795
t 143
c 341.72337 0.0 345.98 0.74832636 0.011019 0.13705795
t 142
c 341.72337 0.0 345.98 0.74499152 0.011019 0.13705795
t 142
c 341.72337 0.0 345.98 0.74165668 0.011019 0.13705795
t 142
c 341.72337 0.0 345.98 0.73832184 0.011019 0.13705795
t 141
c 341.72337 0.0 345.98 0.73498701 0.011019 0.13705795
t 141
c 341.72337 0.0 345.98 0.73165217 0.011019 0.13705795
t 140
c 341.72337 0.0 345.98 0.72831733 0.011019 0.13705795
t 140
c 341.72337 0.0 345.98 0.72498249 0.011019 0.13705795
t 139
c 341.72337 0.0 345.98 0.72164766 0.011019 0.13705795
t 139
c 341.72337 0.0 345.98 0.71831282 0.011019 0.13705795
t 138
c 341.72337 0.0 345.98 0.71497798 0.011019 0.13705795
t 138
c 341.72337 0.0 345.98 0.71164314 0.011019 0.13705795
t 138
c 341.72337 0.0 345.98 0.70830831 0.011019 0.13705795
t 137
c 341.72337 0.0 345.98 0.70497347 0.011019 0.13705795
t 137
c 341.72337 0.0 345.98 0.70163863 0.011019 0.13705795
t 136
c 341.72337 0.0 345.98 0.69830379 0.011019 0.13705795
t 136
c 341.72337 0.0 345.98 0.69496895 0.011019 0.13705795
t 135
c 341.72337 0.0 345.98 0.69163412 0.011019 0.13705795
t 135
c 341.72337 0.0 345.98 0.68829928 0.011019 0.13705795
t 135
c 341.72337 0.0 345.98 0.68496444 0.011019 0.13705795
t 134
c 341.72337 0.0 345.98 0.6816296 0.011019 0.13705795
t 134
c 341.72337 0.0 345.98 0.67829477 0.011019 0.13705795
t 133
c 341.72337 0.0 345.98 0.67495993 0.011019 0.13705795
t 133
c 341.72337 0.0 345.98 0.67162509 0.011019 0.13705795
t 132
c 341.72337 0.0 345.98 0.66829025 0.011019 0.13705795
t 132
c 341.72337 0.0 345.98 0.66495542 0.011019 0.13705795
t 132
c 341.72337 0.0 345.98 0.66162058 0.011019 0.13705795
t 131
c 341.72337 0.0 345.98 0.65828574 0.011019 0.13705795
t 131
c 341.72337 0.0 345.98 0.6549509 0.011019 0.13705795
t 130
c 341.72337 0.0 345.98 0.65161607 0.011019 0.13705795
t 130
c 341.72337 0.0 345.98 0.64828123 0.011019 0.13705795
t 129
c 341.72337 0.0 345.98 0.64494639 0.011019 0.13705795
t 129
c 341.72337 0.0 345.98 0.64161155 0.011019 0.13705795
t 128
c 341.72337 0.0 345.98 0.63827671 0.011019 0.13705795
t 128
c 341.72337 0.0 345.98 0.63494188 0.011019 0.13705795
t 128
c 341.72337 0.0 345.98 0.63160704 0.011019 0.13705795
t 127
c 341.72337 0.0 345.98 0.6282722 0.011019 0.13705795
t 127
c 341.72337 0.0 345.98 0.62493736 0.011019 0.13705795
t 126
c 341.72337 0.0 345.98 0.62160253 0.011019 0.13705795
t 126
c 341.72337 0.0 345.98 0.61826769 0.011019 0.13705795
t 125
c 341.72337 0.0 345.98 0.61493285 0.011019 0.13705795
t 125
c 341.72337 0.0 345.98 0.61159801 0.011019 0.13705795
t 125
c 341.72337 0.0 345.98 0.60826318 0.011019 0.13705795
t 124
c 341.72337 0.0 345.98 0.60492834 0.011019 0.13705795
t 124
c 341.72337 0.0 345.98 0.6015935 0.011019 0.13705795
t 123
c 341.72337 0.0 345.98 0.59825866 0.011019 0.13705795
t 123
c 341.72337 0.0 345.98 0.59492383 0.011019 0.13705795
t 122
c 341.72337 0.0 345.98 0.59158899 0.011019 0.13705795
t 122
c 341.72337 0.0 345.98 0.58825415 0.011019 0.13705795
t 122
c 341.72337 0.0 345.98 0.58491931 0.011019 0.13705795
t 121
c 341.72337 0.0 345.98 0.58158447 0.011019 0.13705795
t 121
c 341.72337 0.0 345.98 0.57824964 0.011019 0.13705795
t 120
c 341.72337 0.0 345.98 0.5749148 0.011019 0.13705795
t 120
c 341.72337 0.0 345.98 0.57157996 0.011019 0.13705795
t 119
c 341.72337 0.0 345.98 0.56824512 0.011019 0.13705795
t 119
c 341.72337 0.0 345.98 0.56491029 0.011019 0.13705795
t 118
c 341.72337 0.0 345.98 0.56157545 0.011019 0.13705795
t 118
c 341.72337 0.0 345.98 0.55824061 0.011019 0.13705795
t 118
c 341.72337 0.0 345.98 0.55490577 0.011019 0.13705795
t 117
c 341.72337 0.0 345.98 0.55157094 0.011019 0.13705795
t 117
c 341.72337 0.0 345.98 0.5482361 0.011019 0.13705795
t 116
c 341.72337 0.0 345.98 0.54490126 0.011019 0.13705795
t 116
c 341.72337 0.0 345.98 0.54156642 0.011019 0.13705795
t 115
c 341.72337 0.0 345.98 0.53823159 0.011019 0.13705795
t 115
c 341.72337 0.0 345.98 0.53489675 0.011019 0.13705795
t 115
c 341.72337 0.0 345.98 0.53156191 0.011019 0.13705795
t 114
c 341.72337 0.0 345.98 0.52822707 0.011019 0.13705795
t 114
c 341.72337 0.0 345.98 0.52489223 0.011019 0.13705795
t 113
c 341.72337 0.0 345.98 0.5215574 0.011019 0.13705795
t 113
c 341.72337 0.0 345.98 0.51822256 0.011019 0.13705795
t 112
c 341.72337 0.0 345.98 0.51488772 0.011019 0.13705795
t 112
c 341.72337 0.0 345.98 0.51155288 0.011019 0.13705795
t 111
c 341.72337 0.0 345.98 0.50821805 0.011019 0.13705795
t 111
c 341.72337 0.0 345.98 0.50488321 0.011019 0.13705795
t 111
c 341.72337 0.0 345.98 0.50154837 0.011019 0.13705795
t 110
c 341.72337 0.0 345.98 0.49821353 0.011019 0.13705795
t 110
c 341.72337 0.0 345.98 0.4948787 0.011019 0.13705795
t 109
c 341.72337 0.0 345.98 0.49154386 0.011019 0.13705795
t 109
c 341.72337 0.0 345.98 0.48820902 0.011019 0.13705795
t 108
c 341.72337 0.0 345.98 0.48487418 0.011019 0.13705795
t 108
c 341.72337 0.0 345.98 0.48153935 0.011019 0.13705795
t 108
c 341.72337 0.0 345.98 0.47820451 0.011019 0.13705795
t 107
c 341.72337 0.0 345.98 0.47486967 0.011019 0.13705795
t 107
c 341.72337 0.0 345.98 0.47153483 0.011019 0.13705795
t 106
c 341.72337 0.0 345.98 0.46819999 0.011019 0.13705795
t 106
c 341.72337 0.0 345.98 0.46486516 0.011019 0.13705795
t 105
c 341.72337 0.0 345.98 0.46153032 0.011019 0.13705795
t 105
c 341.72337 0.0 345.98 0.45819548 0.011019 0.13705795
t 105
c 341.72337 0.0 345.98 0.45486064 0.011019 0.13705795
t 104
c 341.72337 0.0 345.98 0.45152581 0.011019 0.13705795
t 104
c 341.72337 0.0 345.98 0.44819097 0.011019 0.13705795
t 103
c 341.72337 0.0 345.98 0.44485613 0.011019 0.13705795
t 103
c 341.72337 0.0 345.98 0.44152129 0.011019 0.13705795
t 102
c 341.72337 0.0 345.98 0.43818646 0.011019 0.13705795
t 102
c 341.72337 0.0 345.98 0.43485162 0.011019 0.13705795
t 101
c 341.72337 0.0 345.98 0.43151678 0.011019 0.13705795
t 101
c 341.72337 0.0 345.98 0.42818194 0.011019 0.13705795
t 101
c 341.72337 0.0 345.98 0.42484711 0.011019 0.13705795
t 100
c 341.72337 0.0 345.98 0.42151227 0.011019 0.13705795
t 100
c 341.72337 0.0 345.98 0.41817743 0.011019 0.13705795
t 99
c 341.72337 0.0 345.98 0.41484259 0.011019 0.13705795
t 99
c 341.72337 0.0 345.98 0.41150775 0.011019 0.13705795
t 98
c 341.72337 0.0 345.98 0.40817292 0.011019 0.13705795
t 98
c 341.72337 0.0 345.98 0.40483808 0.011019 0.13705795
t 98
c 341.72337 0.0 345.98 0.40150324 0.011019 0.13705795
t 97
c 341.72337 0.0 345.98 0.3981684 0.011019 0.13705795
t 97
c 341.72337 0.0 345.98 0.39483357 0.011019 0.13705795
t 96
c 341.72337 0.0 345.98 0.39149873 0.011019 0.13705795
t 96
c 341.72337 0.0 345.98 0.38816389 0.011019 0.13705795
t 95
c 341.72337 0.0 345.98 0.38482905 0.011019 0.13705795
t 95
c 341.72337 0.0 345.98 0.38149422 0.011019 0.13705795
t 95
c 341.72337 0.0 345.98 0.37815938 0.011019 0.13705795
t 94
c 341.72337 0.0 345.98 0.37482454 0.011019 0.13705795
t 94
c 341.72337 0.0 345.98 0.3714897 0.011019 0.13705795
t 93
c 341.72337 0.0 345.98 0.36815487 0.011019 0.13705795
t 93
c 341.72337 0.0 345.98 0.36482003 0.011019 0.13705795
t 92
c 341.72337 0.0 345.98 0.36148519 0.011019 0.13705795
t 92
c 341.72337 0.0 345.98 0.35815035 0.011019 0.13705795
t 91
c 341.72337 0.0 345.98 0.35481551 0.011019 0.13705795
t 91
c 341.72337 0.0 345.98 0.35148068 0.011019 0.13705795
t 91
c 341.72337 0.0 345.98 0.34814584 0.011019 0.13705795
t 90
c 341.72337 0.0 345.98 0.344811 0.011019 0.13705795
t 90
c 341.72337 0.0 345.98 0.34147616 0.011019 0.13705795
t 89
c 341.72337 0.0 345.98 0.33814133 0.011019 0.13705795
t 89
c 341.72337 0.0 345.98 0.33480649 0.011019 0.13705795
t 88
c 341.72337 0.0 345.98 0.33147165 0.011019 0.13705795
t 88
c 341.72337 0.0 345.98 0.32813681 0.011019 0.13705795
t 88
c 341.72337 0.0 345.98 0.32480198 0.011019 0.13705795
t 87
c 341.72337 0.0 345.98 0.32146714 0.011019 0.13705795
t 87
c 341.72337 0.0 345.98 0.3181323 0.011019 0.13705795
t 86
c 341.72337 0.0 345.98 0.31479746 0.011019 0.13705795
t 86
c 341.72337 0.0 345.98 0.31146263 0.011019 0.13705795
t 85
c 341.72337 0.0 345.98 0.30812779 0.011019 0.13705795
t 85
c 341.72337 0.0 345.98 0.30479295 0.011019 0.13705795
t 85
c 341.72337 0.0 345.98 0.30479295 0.011019 0.13705795
t 85
c 341.72337 0.0 345.98 0.30479295 0.011019 0.13705795
t 86
c 341.72337 0.0 345.98 0.30479295 0.011019 0.13705795
t 86
c 341.72337 0.0 345.98 0.30479295 0.011019 0.13705795
t 88
c 341.72337 0.0 345.98 0.30479295 0.011019 0.13705795
t 89
c 341.72337 0.0 345.98 0.30479295 0.011019 0.13705795
t 90
c 341.72337 0.0 345.98 0.30479295 0.011019 0.13705795
t 91
c 341.72337 0.0 345.98 0.30479295 0.011019 0.13705795
t 91
c 341.72337 0.0 345.98 0.30479295 0.011019 0.13705795
t 93
c 341.72337 0.0 345.98 0.30479295 0.011019 0.13705795
t 94
c 341.72337 0.0 345.98 0.30479295 0.011019 0.13705795
t 95
c 341.72337 0.0 345.98 0.30479295 0.011019 0.13705795
t 96
c 341.72337 0.0 345.98 0.30479295 0.011019 0.13705795
t 97
c 341.72337 0.0 345.98 0.30479295 0.011019 0.13705795
t 98
c 341.72337 0.0 345.98 0.30479295 0.011019 0.13705795
t 99
c 341.72337 0.0 345.98 0.30479295 0.011019 0.13705795
t 100
c 341.72337 0.0 345.98 0.30479295 0.011019 0.13705795
t 101
c 341.72337 0.0 345.98 0.30479295 0.011019 0.13705795
t 102
c 341.72337 0.0 345.98 0.30479295 0.011019 0.13705795
t 103
c 341.72337 0.0 345.98 0.30479295 0.011019 0.13705795
t 104
c 341.72337 0.0 345.98 0.30479295 0.011019 0.13705795
t 105
c 341.72337 0.0 345.98 0.30479295 0.011019 0.13705795
t 106
c 341.72337 0.0 345.98 0.30479295 0.011019 0.13705795
t 107
c 341.72337 0.0 345.98 0.30479295 0.011019 0.13705795
t 108
c 341.72337 0.0 345.98 0.30479295 0.011019 0.13705795
t 109
c 341.72337 0.0 345.98 0.30479295 0.011019 0.13705795
t 110
c 341.72337 0.0 345.98 0.30479295 0.011019 0.13705795
t 111
c 341.72337 0.0 345.98 0.30479295 0.011019 0.13705795
t 112
c 341.72337 0.0 345.98 0.30479295 0.011019 0.13705795
t 113
c 341.72337 0.0 345.98 0.30479295 0.011019 0.13705795
t 114
c 341.72337 0.0 345.98 0.30479295 0.011019 0.13705795
t 115
c 341.72337 0.0 345.98 0.30479295 0.011019 0.13705795
t 116
c 341.72337 0.0 345.98 0.30479295 0.011019 0.13705795
t 117
c 341.72337 0.0 345.98 0.30479295 0.011019 0.13705795
t 118
c 341.72337 0.0 345.98 0.30479295 0.011019 0.13705795
t 119
c 341.72337 0.0 345.98 0.30479295 0.011019 0.13705795
t 120
c 341.72337 0.0 345.98 0.30479295 0.011019 0.13705795
t 121
c 341.72337 0.0 345.98 0.30479295 0.011019 0.13705795
t 122
c 341.72337 0.0 345.98 0.30479295 0.011019 0.13705795
t 123
c 341.72337 0.0 345.98 0.30479295 0.011019 0.13705795
t 124
c 341.72337 0.0 345.98 0.30479295 0.011019 0.13705795
t 125
c 341.72337 0.0 345.98 0.30479295 0.011019 0.13705795
t 126
c 341.72337 0.0 345.98 0.30479295 0.011019 0.13705795
t 127
c 341.72337 0.0 345.98 0.30479295 0.011019 0.13705795
t 128
c 341.72337 0.0 345.98 0.30479295 0.011019 0.13705795
t 129
c 341.72337 0.0 345.98 0.30479295 0.011019 0.13705795
t 130
c 341.72337 0.0 345.98 0.30479295 0.011019 0.13705795
t 131
c 341.72337 0.0 345.98 0.30479295 0.011019 0.13705795
t 132
c 341.72337 0.0 345.98 0.30479295 0.011019 0.13705795
t 133
c 341.72337 0.0 345.98 0.30479295 0.011019 0.13705795
t 134
c 341.72337 0.0 345.98 0.30479295 0.011019 0.13705795
t 135
c 341.72337 0.0 345.98 0.30479295 0.011019 0.13705795
t 136
c 341.72337 0.0 345.98 0.30479295 0.011019 0.13705795
t 137
c 341.72337 0.0 345.98 0.30479295 0.011019 0.13705795
t 138
c 341.72337 0.0 345.98 0.30479295 0.011019 0.13705795
t 138
c 341.72337 0.0 345.98 0.30479295 0.011019 0.13705795
t 139
c 341.72337 0.0 345.98 0.30479295 0.011019 0.13705795
t 141
c 341.72337 0.0 345.98 0.30479295 0.011019 0.13705795
t 141
c 341.72337 0.0 345.98 0.30479295 0.011019 0.13705795
t 142
c 341.72337 0.0 345.98 0.30479295 0.011019 0.13705795
t 143
c 341.72337 0.0 345.98 0.30479295 0.011019 0.13705795
t 144
c 341.72337 0.0 345.98 0.30479295 0.011019 0.13705795
t 145
c 341.72337 0.0 345.98 0.30479295 0.011019 0.13705795
t 146
c 341.72337 0.0 345.98 0.30479295 0.011019 0.13705795
t 147
c 341.72337 0.0 345.98 0.30479295 0.011019 0.13705795
t 148
c 341.72337 0.0 345.98 0.30479295 0.011019 0.13705795
t 149
c 341.72337 0.0 345.98 0.30479295 0.011019 0.13705795
t 150
c 341.72337 0.0 345.98 0.30479295 0.011019 0.13705795
t 151
c 341.72337 0.0 345.98 0.30479295 0.011019 0.13705795
t 152
c 341.72337 0.0 345.98 0.30479295 0.011019 0.13705795
t 153
c 341.72337 0.0 345.98 0.30479295 0.011019 0.13705795
t 154
c 341.72337 0.0 345.98 0.30479295 0.011019 0.13705795
t 155
c 341.72337 0.0 345.98 0.30479295 0.011019 0.13705795
t 156
c 341.72337 0.0 345.98 0.30479295 0.011019 0.13705795
t 157
c 341.72337 0.0 345.98 0.30479295 0.011019 0.13705795
t 158
c 341.72337 0.0 345.98 0.30479295 0.011019 0.13705795
t 159
c 341.72337 0.0 345.98 0.30479295 0.011019 0.13705795
t 160
c 341.72337 0.0 345.98 0.30479295 0.011019 0.13705795
t 161
c 341.72337 0.0 345.98 0.30479295 0.011019 0.13705795
t 162
c 341.72337 0.0 345.98 0.30479295 0.011019 0.13705795
t 163
c 341.72337 0.0 345.98 0.30479295 0.011019 0.13705795
t 164
c 341.72337 0.0 345.98 0.30479295 0.011019 0.13705795
t 165
c 341.72337 0.0 345.98 0.30479295 0.011019 0.13705795
t 166
c 341.72337 0.0 345.98 0.30479295 0.011019 0.13705795
t 167
c 341.72337 0.0 345.98 0.30479295 0.011019 0.13705795
t 168
