c 231.38965 80.37424 181.88062 0.13517815 1.5772147 0.0
c 231.18756 80.37424 181.88062 0.13517815 1.5772147 0.0
c 230.98548 80.37424 181.88062 0.13517815 1.5772147 0.0
c 230.7834 80.37424 181.88062 0.13517815 1.5772147 0.0
c 230.58131 80.37424 181.88062 0.13517815 1.5772147 0.0
c 230.37923 80.37424 181.88062 0.13517815 1.5772147 0.0
c 230.17715 80.37424 181.88062 0.13517815 1.5772147 0.0
c 229.97506 80.37424 181.88062 0.13517815 1.5772147 0.0
c 229.77298 80.37424 181.88062 0.13517815 1.5772147 0.0
c 229.5709 80.37424 181.88062 0.13517815 1.5772147 0.0
c 229.36881 80.37424 181.88062 0.13517815 1.5772147 0.0
c 229.16673 80.37424 181.88062 0.13517815 1.5772147 0.0
c 228.96465 80.37424 181.88062 0.13517815 1.5772147 0.0
c 228.76256 80.37424 181.88062 0.13517815 1.5772147 0.0
c 228.56048 80.37424 181.88062 0.13517815 1.5772147 0.0
c 228.3584 80.37424 181.88062 0.13517815 1.5772147 0.0
c 228.15631 80.37424 181.88062 0.13517815 1.5772147 0.0
c 227.95423 80.37424 181.88062 0.13517815 1.5772147 0.0
c 227.75215 80.37424 181.88062 0.13517815 1.5772147 0.0
c 227.55006 80.37424 181.88062 0.13517815 1.5772147 0.0
c 227.34798 80.37424 181.88062 0.13517815 1.5772147 0.0
c 227.1459 80.37424 181.88062 0.13517815 1.5772147 0.0
c 226.94381 80.37424 181.88062 0.13517815 1.5772147 0.0
c 226.74173 80.37424 181.88062 0.13517815 1.5772147 0.0
c 226.53965 80.37424 181.88062 0.13517815 1.5772147 0.0
c 226.33756 80.37424 181.88062 0.13517815 1.5772147 0.0
c 226.13548 80.37424 181.88062 0.13517815 1.5772147 0.0
c 225.9334 80.37424 181.88062 0.13517815 1.5772147 0.0
c 225.73131 80.37424 181.88062 0.13517815 1.5772147 0.0
c 225.52923 80.37424 181.88062 0.13517815 1.5772147 0.0
c 225.32715 80.37424 181.88062 0.13517815 1.5772147 0.0
c 225.12506 80.37424 181.88062 0.13517815 1.5772147 0.0
c 224.92298 80.37424 181.88062 0.13517815 1.5772147 0.0
c 224.7209 80.37424 181.88062 0.13517815 1.5772147 0.0
c 224.51881 80.37424 181.88062 0.13517815 1.5772147 0.0
c 224.31673 80.37424 181.88062 0.13517815 1.5772147 0.0
c 224.11465 80.37424 181.88062 0.13517815 1.5772147 0.0
c 223.91256 80.37424 181.88062 0.13517815 1.5772147 0.0
c 223.71048 80.37424 181.88062 0.13517815 1.5772147 0.0
c 223.5084 80.37424 181.88062 0.13517815 1.5772147 0.0
c 223.30631 80.37424 181.88062 0.13517815 1.5772147 0.0
c 223.10423 80.37424 181.88062 0.13517815 1.5772147 0.0
c 222.90215 80.37424 181.88062 0.13517815 1.5772147 0.0
c 222.70006 80.37424 181.88062 0.13517815 1.5772147 0.0
c 222.49798 80.37424 181.88062 0.13517815 1.5772147 0.0
c 222.2959 80.37424 181.88062 0.13517815 1.5772147 0.0
c 222.09381 80.37424 181.88062 0.13517815 1.5772147 0.0
c 221.89173 80.37424 181.88062 0.13517815 1.5772147 0.0
c 221.68965 80.37424 181.88062 0.13517815 1.5772147 0.0
c 221.48756 80.37424 181.88062 0.13517815 1.5772147 0.0
c 221.28548 80.37424 181.88062 0.13517815 1.5772147 0.0
c 221.0834 80.37424 181.88062 0.13517815 1.5772147 0.0
c 220.88131 80.37424 181.88062 0.13517815 1.5772147 0.0
c 220.67923 80.37424 181.88062 0.13517815 1.5772147 0.0
c 220.47715 80.37424 181.88062 0.13517815 1.5772147 0.0
c 220.27506 80.37424 181.88062 0.13517815 1.5772147 0.0
c 220.07298 80.37424 181.88062 0.13517815 1.5772147 0.0
c 219.8709 80.37424 181.88062 0.13517815 1.5772147 0.0
c 219.66881 80.37424 181.88062 0.13517815 1.5772147 0.0
c 219.46673 80.37424 181.88062 0.13517815 1.5772147 0.0
c 219.26465 80.37424 181.88062 0.13517815 1.5772147 0.0
c 219.06256 80.37424 181.88062 0.13517815 1.5772147 0.0
c 218.86048 80.37424 181.88062 0.13517815 1.5772147 0.0
c 218.6584 80.37424 181.88062 0.13517815 1.5772147 0.0
c 218.45631 80.37424 181.88062 0.13517815 1.5772147 0.0
c 218.25423 80.37424 181.88062 0.13517815 1.5772147 0.0
c 218.05215 80.37424 181.88062 0.13517815 1.5772147 0.0
c 217.85006 80.37424 181.88062 0.13517815 1.5772147 0.0
c 217.64798 80.37424 181.88062 0.13517815 1.5772147 0.0
c 217.4459 80.37424 181.88062 0.13517815 1.5772147 0.0
c 217.24381 80.37424 181.88062 0.13517815 1.5772147 0.0
c 217.04173 80.37424 181.88062 0.13517815 1.5772147 0.0
c 216.83965 80.37424 181.88062 0.13517815 1.5772147 0.0
c 216.63756 80.37424 181.88062 0.13517815 1.5772147 0.0
c 216.43548 80.37424 181.88062 0.13517815 1.5772147 0.0
c 216.2334 80.37424 181.88062 0.13517815 1.5772147 0.0
c 216.03131 80.37424 181.88062 0.13517815 1.5772147 0.0
c 215.82923 80.37424 181.88062 0.13517815 1.5772147 0.0
c 215.62715 80.37424 181.88062 0.13517815 1.5772147 0.0
c 215.42506 80.37424 181.88062 0.13517815 1.5772147 0.0
c 215.22298 80.37424 181.88062 0.13517815 1.5772147 0.0
c 215.0209 80.37424 181.88062 0.13517815 1.5772147 0.0
c 214.81881 80.37424 181.88062 0.13517815 1.5772147 0.0
c 214.61673 80.37424 181.88062 0.13517815 1.5772147 0.0
c 214.41465 80.37424 181.88062 0.13517815 1.5772147 0.0
c 214.21256 80.37424 181.88062 0.13517815 1.5772147 0.0
c 214.01048 80.37424 181.88062 0.13517815 1.5772147 0.0
c 213.8084 80.37424 181.88062 0.13517815 1.5772147 0.0
c 213.60631 80.37424 181.88062 0.13517815 1.5772147 0.0
c 213.40423 80.37424 181.88062 0.13517815 1.5772147 0.0
c 213.20215 80.37424 181.88062 0.13517815 1.5772147 0.0
c 213.00006 80.37424 181.88062 0.13517815 1.5772147 0.0
c 212.79798 80.37424 181.88062 0.13517815 1.5772147 0.0
c 212.5959 80.37424 181.88062 0.13517815 1.5772147 0.0
c 212.39381 80.37424 181.88062 0.13517815 1.5772147 0.0
c 212.19173 80.37424 181.88062 0.13517815 1.5772147 0.0
c 211.98965 80.37424 181.88062 0.13517815 1.5772147 0.0
c 211.78756 80.37424 181.88062 0.13517815 1.5772147 0.0
c 211.58548 80.37424 181.88062 0.13517815 1.5772147 0.0
c 211.3834 80.37424 181.88062 0.13517815 1.5772147 0.0
c 211.18131 80.37424 181.88062 0.13517815 1.5772147 0.0
c 210.97923 80.37424 181.88062 0.13517815 1.5772147 0.0
c 210.77715 80.37424 181.88062 0.13517815 1.5772147 0.0
c 210.57506 80.37424 181.88062 0.13517815 1.5772147 0.0
c 210.37298 80.37424 181.88062 0.13517815 1.5772147 0.0
c 210.1709 80.37424 181.88062 0.13517815 1.5772147 0.0
c 209.96881 80.37424 181.88062 0.13517815 1.5772147 0.0
c 209.76673 80.37424 181.88062 0.13517815 1.5772147 0.0
c 209.56465 80.37424 181.88062 0.13517815 1.5772147 0.0
c 209.36256 80.37424 181.88062 0.13517815 1.5772147 0.0
c 209.16048 80.37424 181.88062 0.13517815 1.5772147 0.0
c 208.9584 80.37424 181.88062 0.13517815 1.5772147 0.0
c 208.75631 80.37424 181.88062 0.13517815 1.5772147 0.0
c 208.55423 80.37424 181.88062 0.13517815 1.5772147 0.0
c 208.35215 80.37424 181.88062 0.13517815 1.5772147 0.0
c 208.15006 80.37424 181.88062 0.13517815 1.5772147 0.0
c 207.94798 80.37424 181.88062 0.13517815 1.5772147 0.0
c 207.7459 80.37424 181.88062 0.13517815 1.5772147 0.0
c 207.54381 80.37424 181.88062 0.13517815 1.5772147 0.0
c 207.34173 80.37424 181.88062 0.13517815 1.5772147 0.0
c 207.13965 80.37424 181.88062 0.13517815 1.5772147 0.0
c 206.93756 80.37424 181.88062 0.13517815 1.5772147 0.0
c 206.73548 80.37424 181.88062 0.13517815 1.5772147 0.0
c 206.5334 80.37424 181.88062 0.13517815 1.5772147 0.0
c 206.33131 80.37424 181.88062 0.13517815 1.5772147 0.0
c 206.12923 80.37424 181.88062 0.13517815 1.5772147 0.0
c 205.92715 80.37424 181.88062 0.13517815 1.5772147 0.0
c 205.72506 80.37424 181.88062 0.13517815 1.5772147 0.0
c 205.52298 80.37424 181.88062 0.13517815 1.5772147 0.0
c 205.3209 80.37424 181.88062 0.13517815 1.5772147 0.0
c 205.11881 80.37424 181.88062 0.13517815 1.5772147 0.0
c 204.91673 80.37424 181.88062 0.13517815 1.5772147 0.0
c 204.71465 80.37424 181.88062 0.13517815 1.5772147 0.0
c 204.51256 80.37424 181.88062 0.13517815 1.5772147 0.0
c 204.31048 80.37424 181.88062 0.13517815 1.5772147 0.0
c 204.1084 80.37424 181.88062 0.13517815 1.5772147 0.0
c 203.90631 80.37424 181.88062 0.13517815 1.5772147 0.0
c 203.70423 80.37424 181.88062 0.13517815 1.5772147 0.0
c 203.50215 80.37424 181.88062 0.13517815 1.5772147 0.0
c 203.30006 80.37424 181.88062 0.13517815 1.5772147 0.0
c 203.09798 80.37424 181.88062 0.13517815 1.5772147 0.0
c 202.8959 80.37424 181.88062 0.13517815 1.5772147 0.0
c 202.69381 80.37424 181.88062 0.13517815 1.5772147 0.0
c 202.49173 80.37424 181.88062 0.13517815 1.5772147 0.0
c 202.28965 80.37424 181.88062 0.13517815 1.5772147 0.0
c 202.08756 80.37424 181.88062 0.13517815 1.5772147 0.0
c 201.88548 80.37424 181.88062 0.13517815 1.5772147 0.0
c 201.6834 80.37424 181.88062 0.13517815 1.5772147 0.0
c 201.48131 80.37424 181.88062 0.13517815 1.5772147 0.0
c 201.27923 80.37424 181.88062 0.13517815 1.5772147 0.0
c 201.07715 80.37424 181.88062 0.13517815 1.5772147 0.0
c 200.87506 80.37424 181.88062 0.13517815 1.5772147 0.0
c 200.67298 80.37424 181.88062 0.13517815 1.5772147 0.0
c 200.4709 80.37424 181.88062 0.13517815 1.5772147 0.0
c 200.26881 80.37424 181.88062 0.13517815 1.5772147 0.0
c 200.06673 80.37424 181.88062 0.13517815 1.5772147 0.0
c 199.86465 80.37424 181.88062 0.13517815 1.5772147 0.0
c 199.66256 80.37424 181.88062 0.13517815 1.5772147 0.0
c 199.46048 80.37424 181.88062 0.13517815 1.5772147 0.0
c 199.2584 80.37424 181.88062 0.13517815 1.5772147 0.0
c 199.05631 80.37424 181.88062 0.13517815 1.5772147 0.0
c 198.85423 80.37424 181.88062 0.13517815 1.5772147 0.0
c 198.65215 80.37424 181.88062 0.13517815 1.5772147 0.0
c 198.45006 80.37424 181.88062 0.13517815 1.5772147 0.0
c 198.24798 80.37424 181.88062 0.13517815 1.5772147 0.0
c 198.0459 80.37424 181.88062 0.13517815 1.5772147 0.0
c 197.84381 80.37424 181.88062 0.13517815 1.5772147 0.0
c 197.64173 80.37424 181.88062 0.13517815 1.5772147 0.0
c 197.43965 80.37424 181.88062 0.13517815 1.5772147 0.0
c 197.23756 80.37424 181.88062 0.13517815 1.5772147 0.0
c 197.03548 80.37424 181.88062 0.13517815 1.5772147 0.0
c 196.8334 80.37424 181.88062 0.13517815 1.5772147 0.0
c 196.63131 80.37424 181.88062 0.13517815 1.5772147 0.0
c 196.42923 80.37424 181.88062 0.13517815 1.5772147 0.0
c 196.22715 80.37424 181.88062 0.13517815 1.5772147 0.0
c 196.02506 80.37424 181.88062 0.13517815 1.5772147 0.0
c 195.82298 80.37424 181.88062 0.13517815 1.5772147 0.0
c 195.6209 80.37424 181.88062 0.13517815 1.5772147 0.0
c 195.41881 80.37424 181.88062 0.13517815 1.5772147 0.0
c 195.21673 80.37424 181.88062 0.13517815 1.5772147 0.0
c 195.01465 80.37424 181.88062 0.13517815 1.5772147 0.0
c 194.81256 80.37424 181.88062 0.13517815 1.5772147 0.0
c 194.61048 80.37424 181.88062 0.13517815 1.5772147 0.0
c 194.4084 80.37424 181.88062 0.13517815 1.5772147 0.0
c 194.20632 80.37424 181.88062 0.13517815 1.5772147 0.0
c 194.00423 80.37424 181.88062 0.13517815 1.5772147 0.0
c 193.80215 80.37424 181.88062 0.13517815 1.5772147 0.0
c 193.60007 80.37424 181.88062 0.13517815 1.5772147 0.0
c 193.39798 80.37424 181.88062 0.13517815 1.5772147 0.0
c 193.1959 80.37424 181.88062 0.13517815 1.5772147 0.0
c 192.99382 80.37424 181.88062 0.13517815 1.5772147 0.0
c 192.79173 80.37424 181.88062 0.13517815 1.5772147 0.0
c 192.58965 80.37424 181.88062 0.13517815 1.5772147 0.0
c 192.38757 80.37424 181.88062 0.13517815 1.5772147 0.0
c 192.18548 80.37424 181.88062 0.13517815 1.5772147 0.0
c 191.9834 80.37424 181.88062 0.13517815 1.5772147 0.0
c 191.78132 80.37424 181.88062 0.13517815 1.5772147 0.0
c 191.57923 80.37424 181.88062 0.13517815 1.5772147 0.0
c 191.37715 80.37424 181.88062 0.13517815 1.5772147 0.0
c 191.17507 80.37424 181.88062 0.13517815 1.5772147 0.0
c 190.97298 80.37424 181.88062 0.13517815 1.5772147 0.0
c 190.97298 80.37424 181.88062 0.13517815 1.5772147 0.0
c 190.96551 80.17211 181.88062 0.13517815 1.5772147 0.0
c 190.95805 79.96997 181.88062 0.13517815 1.5772147 0.0
c 190.95058 79.76784 181.88062 0.13517815 1.5772147 0.0
c 190.94311 79.56571 181.88062 0.13517815 1.5772147 0.0
c 190.93564 79.36357 181.88062 0.13517815 1.5772147 0.0
c 190.92818 79.16144 181.88062 0.13517815 1.5772147 0.0
c 190.92071 78.95931 181.88062 0.13517815 1.5772147 0.0
c 190.91324 78.75717 181.88062 0.13517815 1.5772147 0.0
c 190.90577 78.55504 181.88062 0.13517815 1.5772147 0.0
c 190.89831 78.35291 181.88062 0.13517815 1.5772147 0.0
c 190.89084 78.15077 181.88062 0.13517815 1.5772147 0.0
c 190.88337 77.94864 181.88062 0.13517815 1.5772147 0.0
c 190.8759 77.74651 181.88062 0.13517815 1.5772147 0.0
c 190.86844 77.54437 181.88062 0.13517815 1.5772147 0.0
c 190.86097 77.34224 181.88062 0.13517815 1.5772147 0.0
c 190.8535 77.14011 181.88062 0.13517815 1.5772147 0.0
c 190.84603 76.93797 181.88062 0.13517815 1.5772147 0.0
c 190.83857 76.73584 181.88062 0.13517815 1.5772147 0.0
c 190.8311 76.53371 181.88062 0.13517815 1.5772147 0.0
c 190.82363 76.33157 181.88062 0.13517815 1.5772147 0.0
c 190.81616 76.12944 181.88062 0.13517815 1.5772147 0.0
c 190.8087 75.92731 181.88062 0.13517815 1.5772147 0.0
c 190.80123 75.72517 181.88062 0.13517815 1.5772147 0.0
c 190.79376 75.52304 181.88062 0.13517815 1.5772147 0.0
c 190.78629 75.32091 181.88062 0.13517815 1.5772147 0.0
c 190.77882 75.11877 181.88062 0.13517815 1.5772147 0.0
c 190.77136 74.91664 181.88062 0.13517815 1.5772147 0.0
c 190.76389 74.71451 181.88062 0.13517815 1.5772147 0.0
c 190.75642 74.51237 181.88062 0.13517815 1.5772147 0.0
c 190.74895 74.31024 181.88062 0.13517815 1.5772147 0.0
c 190.74149 74.10811 181.88062 0.13517815 1.5772147 0.0
c 190.73402 73.90597 181.88062 0.13517815 1.5772147 0.0
c 190.72655 73.70384 181.88062 0.13517815 1.5772147 0.0
c 190.71908 73.50171 181.88062 0.13517815 1.5772147 0.0
c 190.71162 73.29957 181.88062 0.13517815 1.5772147 0.0
c 190.70415 73.09744 181.88062 0.13517815 1.5772147 0.0
c 190.69668 72.89531 181.88062 0.13517815 1.5772147 0.0
c 190.68921 72.69317 181.88062 0.13517815 1.5772147 0.0
c 190.68175 72.49104 181.88062 0.13517815 1.5772147 0.0
c 190.67428 72.28891 181.88062 0.13517815 1.5772147 0.0
c 190.66681 72.08677 181.88062 0.13517815 1.5772147 0.0
c 190.65934 71.88464 181.88062 0.13517815 1.5772147 0.0
c 190.65188 71.68251 181.88062 0.13517815 1.5772147 0.0
c 190.64441 71.48037 181.88062 0.13517815 1.5772147 0.0
c 190.63694 71.27824 181.88062 0.13517815 1.5772147 0.0
c 190.62947 71.07611 181.88062 0.13517815 1.5772147 0.0
c 190.62201 70.87397 181.88062 0.13517815 1.5772147 0.0
c 190.61454 70.67184 181.88062 0.13517815 1.5772147 0.0
c 190.60707 70.46971 181.88062 0.13517815 1.5772147 0.0
c 190.5996 70.26757 181.88062 0.13517815 1.5772147 0.0
c 190.59214 70.06544 181.88062 0.13517815 1.5772147 0.0
c 190.58467 69.8633 181.88062 0.13517815 1.5772147 0.0
c 190.5772 69.66117 181.88062 0.13517815 1.5772147 0.0
c 190.56973 69.45904 181.88062 0.13517815 1.5772147 0.0
c 190.56226 69.2569 181.88062 0.13517815 1.5772147 0.0
c 190.5548 69.05477 181.88062 0.13517815 1.5772147 0.0
c 190.54733 68.85264 181.88062 0.13517815 1.5772147 0.0
c 190.53986 68.6505 181.88062 0.13517815 1.5772147 0.0
c 190.53239 68.44837 181.88062 0.13517815 1.5772147 0.0
c 190.52493 68.24624 181.88062 0.13517815 1.5772147 0.0
c 190.51746 68.0441 181.88062 0.13517815 1.5772147 0.0
c 190.50999 67.84197 181.88062 0.13517815 1.5772147 0.0
c 190.50252 67.63984 181.88062 0.13517815 1.5772147 0.0
c 190.49506 67.4377 181.88062 0.13517815 1.5772147 0.0
c 190.48759 67.23557 181.88062 0.13517815 1.5772147 0.0
c 190.48012 67.03344 181.88062 0.13517815 1.5772147 0.0
c 190.47265 66.8313 181.88062 0.13517815 1.5772147 0.0
c 190.46519 66.62917 181.88062 0.13517815 1.5772147 0.0
c 190.45772 66.42704 181.88062 0.13517815 1.5772147 0.0
c 190.45025 66.2249 181.88062 0.13517815 1.5772147 0.0
c 190.44278 66.02277 181.88062 0.13517815 1.5772147 0.0
c 190.43532 65.82064 181.88062 0.13517815 1.5772147 0.0
c 190.42785 65.6185 181.88062 0.13517815 1.5772147 0.0
c 190.42038 65.41637 181.88062 0.13517815 1.5772147 0.0
c 190.41291 65.21424 181.88062 0.13517815 1.5772147 0.0
c 190.40545 65.0121 181.88062 0.13517815 1.5772147 0.0
c 190.39798 64.80997 181.88062 0.13517815 1.5772147 0.0
c 190.39051 64.60784 181.88062 0.13517815 1.5772147 0.0
c 190.38304 64.4057 181.88062 0.13517815 1.5772147 0.0
c 190.37558 64.20357 181.88062 0.13517815 1.5772147 0.0
c 190.36811 64.00144 181.88062 0.13517815 1.5772147 0.0
c 190.36064 63.7993 181.88062 0.13517815 1.5772147 0.0
c 190.35317 63.59717 181.88062 0.13517815 1.5772147 0.0
c 190.3457 63.39504 181.88062 0.13517815 1.5772147 0.0
c 190.33824 63.1929 181.88062 0.13517815 1.5772147 0.0
c 190.33077 62.99077 181.88062 0.13517815 1.5772147 0.0
c 190.3233 62.78864 181.88062 0.13517815 1.5772147 0.0
c 190.31583 62.5865 181.88062 0.13517815 1.5772147 0.0
c 190.30837 62.38437 181.88062 0.13517815 1.5772147 0.0
c 190.3009 62.18224 181.88062 0.13517815 1.5772147 0.0
c 190.29343 61.9801 181.88062 0.13517815 1.5772147 0.0
c 190.28596 61.77797 181.88062 0.13517815 1.5772147 0.0
c 190.2785 61.57584 181.88062 0.13517815 1.5772147 0.0
c 190.27103 61.3737 181.88062 0.13517815 1.5772147 0.0
c 190.26356 61.17157 181.88062 0.13517815 1.5772147 0.0
c 190.25609 60.96944 181.88062 0.13517815 1.5772147 0.0
c 190.24863 60.7673 181.88062 0.13517815 1.5772147 0.0
c 190.24116 60.56517 181.88062 0.13517815 1.5772147 0.0
c 190.23369 60.36304 181.88062 0.13517815 1.5772147 0.0
c 190.22622 60.1609 181.88062 0.13517815 1.5772147 0.0
c 190.21876 59.95877 181.88062 0.13517815 1.5772147 0.0
c 190.21129 59.75664 181.88062 0.13517815 1.5772147 0.0
c 190.20382 59.5545 181.88062 0.13517815 1.5772147 0.0
c 190.19635 59.35237 181.88062 0.13517815 1.5772147 0.0
c 190.18889 59.15024 181.88062 0.13517815 1.5772147 0.0
c 190.18142 58.9481 181.88062 0.13517815 1.5772147 0.0
c 190.17395 58.74597 181.88062 0.13517815 1.5772147 0.0
c 190.16648 58.54384 181.88062 0.13517815 1.5772147 0.0
c 190.15902 58.3417 181.88062 0.13517815 1.5772147 0.0
c 190.15155 58.13957 181.88062 0.13517815 1.5772147 0.0
c 190.14408 57.93744 181.88062 0.13517815 1.5772147 0.0
c 190.13661 57.7353 181.88062 0.13517815 1.5772147 0.0
c 190.12914 57.53317 181.88062 0.13517815 1.5772147 0.0
c 190.12168 57.33104 181.88062 0.13517815 1.5772147 0.0
c 190.11421 57.1289 181.88062 0.13517815 1.5772147 0.0
c 190.10674 56.92677 181.88062 0.13517815 1.5772147 0.0
c 190.09927 56.72464 181.88062 0.13517815 1.5772147 0.0
c 190.09181 56.5225 181.88062 0.13517815 1.5772147 0.0
c 190.08434 56.32037 181.88062 0.13517815 1.5772147 0.0
c 190.07687 56.11824 181.88062 0.13517815 1.5772147 0.0
c 190.0694 55.9161 181.88062 0.13517815 1.5772147 0.0
c 190.06194 55.71397 181.88062 0.13517815 1.5772147 0.0
c 190.05447 55.51184 181.88062 0.13517815 1.5772147 0.0
c 190.047 55.3097 181.88062 0.13517815 1.5772147 0.0
c 190.03953 55.10757 181.88062 0.13517815 1.5772147 0.0
c 190.03207 54.90544 181.88062 0.13517815 1.5772147 0.0
c 190.0246 54.7033 181.88062 0.13517815 1.5772147 0.0
c 190.01713 54.50117 181.88062 0.13517815 1.5772147 0.0
c 190.00966 54.29904 181.88062 0.13517815 1.5772147 0.0
c 190.0022 54.0969 181.88062 0.13517815 1.5772147 0.0
c 189.99473 53.89477 181.88062 0.13517815 1.5772147 0.0
c 189.98726 53.69264 181.88062 0.13517815 1.5772147 0.0
c 189.97979 53.4905 181.88062 0.13517815 1.5772147 0.0
c 189.97233 53.28837 181.88062 0.13517815 1.5772147 0.0
c 189.96486 53.08624 181.88062 0.13517815 1.5772147 0.0
c 189.95739 52.8841 181.88062 0.13517815 1.5772147 0.0
c 189.94992 52.68197 181.88062 0.13517815 1.5772147 0.0
c 189.94246 52.47984 181.88062 0.13517815 1.5772147 0.0
c 189.93499 52.2777 181.88062 0.13517815 1.5772147 0.0
c 189.92752 52.07557 181.88062 0.13517815 1.5772147 0.0
c 189.92005 51.87344 181.88062 0.13517815 1.5772147 0.0
c 189.91258 51.6713 181.88062 0.13517815 1.5772147 0.0
c 189.90512 51.46917 181.88062 0.13517815 1.5772147 0.0
c 189.89765 51.26704 181.88062 0.13517815 1.5772147 0.0
c 189.89018 51.0649 181.88062 0.13517815 1.5772147 0.0
c 189.88271 50.86277 181.88062 0.13517815 1.5772147 0.0
c 189.87525 50.66064 181.88062 0.13517815 1.5772147 0.0
c 189.86778 50.4585 181.88062 0.13517815 1.5772147 0.0
c 189.86031 50.25637 181.88062 0.13517815 1.5772147 0.0
c 189.85284 50.05424 181.88062 0.13517815 1.5772147 0.0
c 189.84538 49.8521 181.88062 0.13517815 1.5772147 0.0
c 189.83791 49.64997 181.88062 0.13517815 1.5772147 0.0
c 189.83044 49.44784 181.88062 0.13517815 1.5772147 0.0
c 189.82297 49.2457 181.88062 0.13517815 1.5772147 0.0
c 189.81551 49.04357 181.88062 0.13517815 1.5772147 0.0
c 189.80804 48.84144 181.88062 0.13517815 1.5772147 0.0
c 189.80057 48.6393 181.88062 0.13517815 1.5772147 0.0
c 189.7931 48.43717 181.88062 0.13517815 1.5772147 0.0
c 189.78564 48.23504 181.88062 0.13517815 1.5772147 0.0
c 189.77817 48.0329 181.88062 0.13517815 1.5772147 0.0
c 189.7707 47.83077 181.88062 0.13517815 1.5772147 0.0
c 189.76323 47.62864 181.88062 0.13517815 1.5772147 0.0
c 189.75577 47.4265 181.88062 0.13517815 1.5772147 0.0
c 189.7483 47.22437 181.88062 0.13517815 1.5772147 0.0
c 189.74083 47.02224 181.88062 0.13517815 1.5772147 0.0
c 189.73336 46.8201 181.88062 0.13517815 1.5772147 0.0
c 189.7259 46.61797 181.88062 0.13517815 1.5772147 0.0
c 189.71843 46.41584 181.88062 0.13517815 1.5772147 0.0
c 189.71096 46.2137 181.88062 0.13517815 1.5772147 0.0
c 189.70349 46.01157 181.88062 0.13517815 1.5772147 0.0
c 189.69602 45.80944 181.88062 0.13517815 1.5772147 0.0
c 189.68856 45.6073 181.88062 0.13517815 1.5772147 0.0
c 189.68109 45.40517 181.88062 0.13517815 1.5772147 0.0
c 189.67362 45.20304 181.88062 0.13517815 1.5772147 0.0
c 189.66615 45.0009 181.88062 0.13517815 1.5772147 0.0
c 189.65869 44.79877 181.88062 0.13517815 1.5772147 0.0
c 189.65122 44.59664 181.88062 0.13517815 1.5772147 0.0
c 189.64375 44.3945 181.88062 0.13517815 1.5772147 0.0
c 189.63628 44.19237 181.88062 0.13517815 1.5772147 0.0
c 189.62882 43.99024 181.88062 0.13517815 1.5772147 0.0
c 189.62135 43.7881 181.88062 0.13517815 1.5772147 0.0
c 189.61388 43.58597 181.88062 0.13517815 1.5772147 0.0
c 189.60641 43.38384 181.88062 0.13517815 1.5772147 0.0
c 189.59895 43.1817 181.88062 0.13517815 1.5772147 0.0
c 189.59148 42.97957 181.88062 0.13517815 1.5772147 0.0
c 189.58401 42.77744 181.88062 0.13517815 1.5772147 0.0
c 189.57654 42.5753 181.88062 0.13517815 1.5772147 0.0
c 189.56908 42.37317 181.88062 0.13517815 1.5772147 0.0
c 189.56161 42.17104 181.88062 0.13517815 1.5772147 0.0
c 189.55414 41.9689 181.88062 0.13517815 1.5772147 0.0
c 189.54667 41.76677 181.88062 0.13517815 1.5772147 0.0
c 189.53921 41.56464 181.88062 0.13517815 1.5772147 0.0
c 189.53174 41.3625 181.88062 0.13517815 1.5772147 0.0
c 189.52427 41.16037 181.88062 0.13517815 1.5772147 0.0
c 189.5168 40.95824 181.88062 0.13517815 1.5772147 0.0
c 189.50934 40.7561 181.88062 0.13517815 1.5772147 0.0
c 189.50187 40.55397 181.88062 0.13517815 1.5772147 0.0
c 189.4944 40.35184 181.88062 0.13517815 1.5772147 0.0
c 189.48693 40.1497 181.88062 0.13517815 1.5772147 0.0
c 189.47947 39.94757 181.88062 0.13517815 1.5772147 0.0
c 189.472 39.74544 181.88062 0.13517815 1.5772147 0.0
c 189.46453 39.5433 181.88062 0.13517815 1.5772147 0.0
c 189.45706 39.34117 181.88062 0.13517815 1.5772147 0.0
c 189.44959 39.13904 181.88062 0.13517815 1.5772147 0.0
c 189.44213 38.9369 181.88062 0.13517815 1.5772147 0.0
c 189.43466 38.73477 181.88062 0.13517815 1.5772147 0.0
c 189.42719 38.53264 181.88062 0.13517815 1.5772147 0.0
c 189.41972 38.3305 181.88062 0.13517815 1.5772147 0.0
c 189.41226 38.12837 181.88062 0.13517815 1.5772147 0.0
c 189.40479 37.92624 181.88062 0.13517815 1.5772147 0.0
c 189.39732 37.7241 181.88062 0.13517815 1.5772147 0.0
c 189.38985 37.52197 181.88062 0.13517815 1.5772147 0.0
c 189.38239 37.31984 181.88062 0.13517815 1.5772147 0.0
c 189.37492 37.1177 181.88062 0.13517815 1.5772147 0.0
c 189.36745 36.91557 181.88062 0.13517815 1.5772147 0.0
c 189.35998 36.71344 181.88062 0.13517815 1.5772147 0.0
c 189.35252 36.5113 181.88062 0.13517815 1.5772147 0.0
c 189.34505 36.30917 181.88062 0.13517815 1.5772147 0.0
c 189.33758 36.10704 181.88062 0.13517815 1.5772147 0.0
c 189.33011 35.9049 181.88062 0.13517815 1.5772147 0.0
c 189.32265 35.70277 181.88062 0.13517815 1.5772147 0.0
c 189.31518 35.50064 181.88062 0.13517815 1.5772147 0.0
c 189.30771 35.2985 181.88062 0.13517815 1.5772147 0.0
c 189.30024 35.09637 181.88062 0.13517815 1.5772147 0.0
c 189.29278 34.89424 181.88062 0.13517815 1.5772147 0.0
c 189.28531 34.6921 181.88062 0.13517815 1.5772147 0.0
c 189.27784 34.48997 181.88062 0.13517815 1.5772147 0.0
c 189.27037 34.28784 181.88062 0.13517815 1.5772147 0.0
c 189.26291 34.0857 181.88062 0.13517815 1.5772147 0.0
c 189.25544 33.88357 181.88062 0.13517815 1.5772147 0.0
c 189.24797 33.68144 181.88062 0.13517815 1.5772147 0.0
c 189.2405 33.4793 181.88062 0.13517815 1.5772147 0.0
c 189.23303 33.27717 181.88062 0.13517815 1.5772147 0.0
c 189.22557 33.07504 181.88062 0.13517815 1.5772147 0.0
c 189.2181 32.8729 181.88062 0.13517815 1.5772147 0.0
c 189.21063 32.67077 181.88062 0.13517815 1.5772147 0.0
c 189.20316 32.46864 181.88062 0.13517815 1.5772147 0.0
c 189.1957 32.2665 181.88062 0.13517815 1.5772147 0.0
c 189.18823 32.06437 181.88062 0.13517815 1.5772147 0.0
c 189.18076 31.86224 181.88062 0.13517815 1.5772147 0.0
c 189.17329 31.6601 181.88062 0.13517815 1.5772147 0.0
c 189.16583 31.45797 181.88062 0.13517815 1.5772147 0.0
c 189.15836 31.25584 181.88062 0.13517815 1.5772147 0.0
c 189.15089 31.0537 181.88062 0.13517815 1.5772147 0.0
c 189.14342 30.85157 181.88062 0.13517815 1.5772147 0.0
c 189.13596 30.64944 181.88062 0.13517815 1.5772147 0.0
c 189.12849 30.4473 181.88062 0.13517815 1.5772147 0.0
c 189.12102 30.24517 181.88062 0.13517815 1.5772147 0.0
c 189.11355 30.04304 181.88062 0.13517815 1.5772147 0.0
c 189.10609 29.8409 181.88062 0.13517815 1.5772147 0.0
c 189.09862 29.63877 181.88062 0.13517815 1.5772147 0.0
c 189.09115 29.43664 181.88062 0.13517815 1.5772147 0.0
c 189.08368 29.2345 181.88062 0.13517815 1.5772147 0.0
c 189.07622 29.03237 181.88062 0.13517815 1.5772147 0.0
c 189.06875 28.83024 181.88062 0.13517815 1.5772147 0.0
c 189.06128 28.6281 181.88062 0.13517815 1.5772147 0.0
c 189.05381 28.42597 181.88062 0.13517815 1.5772147 0.0
c 189.04635 28.22384 181.88062 0.13517815 1.5772147 0.0
c 189.03888 28.0217 181.88062 0.13517815 1.5772147 0.0
c 189.03141 27.81957 181.88062 0.13517815 1.5772147 0.0
c 189.02394 27.61744 181.88062 0.13517815 1.5772147 0.0
c 189.01647 27.4153 181.88062 0.13517815 1.5772147 0.0
c 189.00901 27.21317 181.88062 0.13517815 1.5772147 0.0
c 189.00154 27.01104 181.88062 0.13517815 1.5772147 0.0
c 188.99407 26.8089 181.88062 0.13517815 1.5772147 0.0
c 188.9866 26.60677 181.88062 0.13517815 1.5772147 0.0
c 188.97914 26.40464 181.88062 0.13517815 1.5772147 0.0
c 188.97167 26.2025 181.88062 0.13517815 1.5772147 0.0
c 188.9642 26.00037 181.88062 0.13517815 1.5772147 0.0
c 188.95673 25.79824 181.88062 0.13517815 1.5772147 0.0
c 188.94927 25.5961 181.88062 0.13517815 1.5772147 0.0
c 188.9418 25.39397 181.88062 0.13517815 1.5772147 0.0
c 188.93433 25.19184 181.88062 0.13517815 1.5772147 0.0
c 188.92686 24.9897 181.88062 0.13517815 1.5772147 0.0
c 188.9194 24.78757 181.88062 0.13517815 1.5772147 0.0
c 188.91193 24.58544 181.88062 0.13517815 1.5772147 0.0
c 188.90446 24.3833 181.88062 0.13517815 1.5772147 0.0
c 188.89699 24.18117 181.88062 0.13517815 1.5772147 0.0
c 188.88953 23.97904 181.88062 0.13517815 1.5772147 0.0
c 188.88206 23.7769 181.88062 0.13517815 1.5772147 0.0
c 188.87459 23.57477 181.88062 0.13517815 1.5772147 0.0
c 188.86712 23.37264 181.88062 0.13517815 1.5772147 0.0
c 188.85966 23.1705 181.88062 0.13517815 1.5772147 0.0
c 188.85219 22.96837 181.88062 0.13517815 1.5772147 0.0
c 188.84472 22.76624 181.88062 0.13517815 1.5772147 0.0
c 188.83725 22.5641 181.88062 0.13517815 1.5772147 0.0
c 188.82979 22.36197 181.88062 0.13517815 1.5772147 0.0
c 188.82232 22.15984 181.88062 0.13517815 1.5772147 0.0
c 188.81485 21.9577 181.88062 0.13517815 1.5772147 0.0
c 188.80738 21.75557 181.88062 0.13517815 1.5772147 0.0
c 188.79991 21.55344 181.88062 0.13517815 1.5772147 0.0
c 188.79245 21.3513 181.88062 0.13517815 1.5772147 0.0
c 188.78498 21.14917 181.88062 0.13517815 1.5772147 0.0
c 188.77751 20.94704 181.88062 0.13517815 1.5772147 0.0
c 188.77004 20.7449 181.88062 0.13517815 1.5772147 0.0
c 188.76258 20.54277 181.88062 0.13517815 1.5772147 0.0
c 188.75511 20.34063 181.88062 0.13517815 1.5772147 0.0
c 188.74764 20.1385 181.88062 0.13517815 1.5772147 0.0
c 188.74017 19.93637 181.88062 0.13517815 1.5772147 0.0
c 188.73271 19.73423 181.88062 0.13517815 1.5772147 0.0
c 188.72524 19.5321 181.88062 0.13517815 1.5772147 0.0
c 188.71777 19.32997 181.88062 0.13517815 1.5772147 0.0
c 188.7103 19.12783 181.88062 0.13517815 1.5772147 0.0
c 188.70284 18.9257 181.88062 0.13517815 1.5772147 0.0
c 188.69537 18.72357 181.88062 0.13517815 1.5772147 0.0
c 188.6879 18.52143 181.88062 0.13517815 1.5772147 0.0
c 188.68043 18.3193 181.88062 0.13517815 1.5772147 0.0
c 188.67297 18.11717 181.88062 0.13517815 1.5772147 0.0
c 188.6655 17.91503 181.88062 0.13517815 1.5772147 0.0
c 188.65803 17.7129 181.88062 0.13517815 1.5772147 0.0
c 188.65056 17.51077 181.88062 0.13517815 1.5772147 0.0
c 188.6431 17.30863 181.88062 0.13517815 1.5772147 0.0
c 188.63563 17.1065 181.88062 0.13517815 1.5772147 0.0
c 188.62816 16.90437 181.88062 0.13517815 1.5772147 0.0
c 188.62069 16.70223 181.88062 0.13517815 1.5772147 0.0
c 188.61323 16.5001 181.88062 0.13517815 1.5772147 0.0
c 188.60576 16.29797 181.88062 0.13517815 1.5772147 0.0
c 188.59829 16.09583 181.88062 0.13517815 1.5772147 0.0
c 188.59082 15.8937 181.88062 0.13517815 1.5772147 0.0
c 188.58335 15.69157 181.88062 0.13517815 1.5772147 0.0
c 188.57589 15.48943 181.88062 0.13517815 1.5772147 0.0
c 188.56842 15.2873 181.88062 0.13517815 1.5772147 0.0
c 188.56095 15.08517 181.88062 0.13517815 1.5772147 0.0
c 188.55348 14.88303 181.88062 0.13517815 1.5772147 0.0
c 188.54602 14.6809 181.88062 0.13517815 1.5772147 0.0
c 188.53855 14.47877 181.88062 0.13517815 1.5772147 0.0
c 188.53108 14.27663 181.88062 0.13517815 1.5772147 0.0
c 188.52361 14.0745 181.88062 0.13517815 1.5772147 0.0
c 188.51615 13.87237 181.88062 0.13517815 1.5772147 0.0
c 188.50868 13.67023 181.88062 0.13517815 1.5772147 0.0
c 188.50121 13.4681 181.88062 0.13517815 1.5772147 0.0
c 188.49374 13.26597 181.88062 0.13517815 1.5772147 0.0
c 188.48628 13.06383 181.88062 0.13517815 1.5772147 0.0
c 188.47881 12.8617 181.88062 0.13517815 1.5772147 0.0
c 188.47134 12.65957 181.88062 0.13517815 1.5772147 0.0
c 188.46387 12.45743 181.88062 0.13517815 1.5772147 0.0
c 188.45641 12.2553 181.88062 0.13517815 1.5772147 0.0
c 188.44894 12.05317 181.88062 0.13517815 1.5772147 0.0
c 188.44147 11.85103 181.88062 0.13517815 1.5772147 0.0
c 188.434 11.6489 181.88062 0.13517815 1.5772147 0.0
c 188.42654 11.44677 181.88062 0.13517815 1.5772147 0.0
c 188.41907 11.24463 181.88062 0.13517815 1.5772147 0.0
c 188.4116 11.0425 181.88062 0.13517815 1.5772147 0.0
c 188.40413 10.84037 181.88062 0.13517815 1.5772147 0.0
c 188.39667 10.63823 181.88062 0.13517815 1.5772147 0.0
c 188.3892 10.4361 181.88062 0.13517815 1.5772147 0.0
c 188.38173 10.23397 181.88062 0.13517815 1.5772147 0.0
c 188.37426 10.03183 181.88062 0.13517815 1.5772147 0.0
c 188.36679 9.8297 181.88062 0.13517815 1.5772147 0.0
c 188.35933 9.62757 181.88062 0.13517815 1.5772147 0.0
c 188.35186 9.42543 181.88062 0.13517815 1.5772147 0.0
c 188.34439 9.2233 181.88062 0.13517815 1.5772147 0.0
c 188.33692 9.02117 181.88062 0.13517815 1.5772147 0.0
c 188.32946 8.81903 181.88062 0.13517815 1.5772147 0.0
c 188.32199 8.6169 181.88062 0.13517815 1.5772147 0.0
c 188.31452 8.41477 181.88062 0.13517815 1.5772147 0.0
c 188.30705 8.21263 181.88062 0.13517815 1.5772147 0.0
c 188.29959 8.0105 181.88062 0.13517815 1.5772147 0.0
c 188.29212 7.80837 181.88062 0.13517815 1.5772147 0.0
c 188.28465 7.60623 181.88062 0.13517815 1.5772147 0.0
c 188.27718 7.4041 181.88062 0.13517815 1.5772147 0.0
c 188.26972 7.20197 181.88062 0.13517815 1.5772147 0.0
c 188.26225 6.99983 181.88062 0.13517815 1.5772147 0.0
c 188.25478 6.7977 181.88062 0.13517815 1.5772147 0.0
c 188.24731 6.59557 181.88062 0.13517815 1.5772147 0.0
c 188.23985 6.39343 181.88062 0.13517815 1.5772147 0.0
c 188.23238 6.1913 181.88062 0.13517815 1.5772147 0.0
c 188.22491 5.98917 181.88062 0.13517815 1.5772147 0.0
c 188.21744 5.78703 181.88062 0.13517815 1.5772147 0.0
c 188.20998 5.5849 181.88062 0.13517815 1.5772147 0.0
c 188.20251 5.38277 181.88062 0.13517815 1.5772147 0.0
c 188.19504 5.18063 181.88062 0.13517815 1.5772147 0.0
c 188.18757 4.9785 181.88062 0.13517815 1.5772147 0.0
c 188.18011 4.77637 181.88062 0.13517815 1.5772147 0.0
c 188.17264 4.57423 181.88062 0.13517815 1.5772147 0.0
c 188.16517 4.3721 181.88062 0.13517815 1.5772147 0.0
c 188.1577 4.16997 181.88062 0.13517815 1.5772147 0.0
c 188.15023 3.96783 181.88062 0.13517815 1.5772147 0.0
c 188.14277 3.7657 181.88062 0.13517815 1.5772147 0.0
c 188.1353 3.56357 181.88062 0.13517815 1.5772147 0.0
c 188.12783 3.36143 181.88062 0.13517815 1.5772147 0.0
c 188.12036 3.1593 181.88062 0.13517815 1.5772147 0.0
c 188.1129 2.95717 181.88062 0.13517815 1.5772147 0.0
c 188.10543 2.75503 181.88062 0.13517815 1.5772147 0.0
c 188.09796 2.5529 181.88062 0.13517815 1.5772147 0.0
c 188.09049 2.35077 181.88062 0.13517815 1.5772147 0.0
c 188.08303 2.14863 181.88062 0.13517815 1.5772147 0.0
c 188.07556 1.9465 181.88062 0.13517815 1.5772147 0.0
c 188.06809 1.74437 181.88062 0.13517815 1.5772147 0.0
c 188.06062 1.54223 181.88062 0.13517815 1.5772147 0.0
c 188.05316 1.3401 181.88062 0.13517815 1.5772147 0.0
c 188.04569 1.13797 181.88062 0.13517815 1.5772147 0.0
c 188.03822 0.93583 181.88062 0.13517815 1.5772147 0.0
c 188.03075 0.7337 181.88062 0.13517815 1.5772147 0.0
c 188.02329 0.53157 181.88062 0.13517815 1.5772147 0.0
c 188.02329 0.53157 181.88062 0.13517815 1.5772147 0.0
c 188.22332 0.51984 181.88062 0.13517815 1.5772147 0.0
c 188.42336 0.50812 181.88062 0.13517815 1.5772147 0.0
c 188.62339 0.49639 181.88062 0.13517815 1.5772147 0.0
c 188.82343 0.48466 181.88062 0.13517815 1.5772147 0.0
c 189.02347 0.47294 181.88062 0.13517815 1.5772147 0.0
c 189.2235 0.46121 181.88062 0.13517815 1.5772147 0.0
c 189.42354 0.44949 181.88062 0.13517815 1.5772147 0.0
c 189.62357 0.43776 181.88062 0.13517815 1.5772147 0.0
c 189.82361 0.42604 181.88062 0.13517815 1.5772147 0.0
c 190.02365 0.41431 181.88062 0.13517815 1.5772147 0.0
c 190.22368 0.40258 181.88062 0.13517815 1.5772147 0.0
c 190.42372 0.39086 181.88062 0.13517815 1.5772147 0.0
c 190.62375 0.37913 181.88062 0.13517815 1.5772147 0.0
c 190.82379 0.36741 181.88062 0.13517815 1.5772147 0.0
c 191.02383 0.35568 181.88062 0.13517815 1.5772147 0.0
c 191.22386 0.34396 181.88062 0.13517815 1.5772147 0.0
c 191.4239 0.33223 181.88062 0.13517815 1.5772147 0.0
c 191.62393 0.32051 181.88062 0.13517815 1.5772147 0.0
c 191.82397 0.30878 181.88062 0.13517815 1.5772147 0.0
c 192.02401 0.29705 181.88062 0.13517815 1.5772147 0.0
c 192.22404 0.28533 181.88062 0.13517815 1.5772147 0.0
c 192.42408 0.2736 181.88062 0.13517815 1.5772147 0.0
c 192.62411 0.26188 181.88062 0.13517815 1.5772147 0.0
c 192.82415 0.25015 181.88062 0.13517815 1.5772147 0.0
c 193.02419 0.23843 181.88062 0.13517815 1.5772147 0.0
c 193.22422 0.2267 181.88062 0.13517815 1.5772147 0.0
c 193.42426 0.21497 181.88062 0.13517815 1.5772147 0.0
c 193.62429 0.20325 181.88062 0.13517815 1.5772147 0.0
c 193.82433 0.19152 181.88062 0.13517815 1.5772147 0.0
c 194.02437 0.1798 181.88062 0.13517815 1.5772147 0.0
c 194.2244 0.16807 181.88062 0.13517815 1.5772147 0.0
c 194.42444 0.15635 181.88062 0.13517815 1.5772147 0.0
c 194.62447 0.14462 181.88062 0.13517815 1.5772147 0.0
c 194.82451 0.13289 181.88062 0.13517815 1.5772147 0.0
c 195.02455 0.12117 181.88062 0.13517815 1.5772147 0.0
c 195.22458 0.10944 181.88062 0.13517815 1.5772147 0.0
c 195.42462 0.09772 181.88062 0.13517815 1.5772147 0.0
c 195.62465 0.08599 181.88062 0.13517815 1.5772147 0.0
c 195.82469 0.07427 181.88062 0.13517815 1.5772147 0.0
c 196.02473 0.06254 181.88062 0.13517815 1.5772147 0.0
c 196.22476 0.05081 181.88062 0.13517815 1.5772147 0.0
c 196.4248 0.03909 181.88062 0.13517815 1.5772147 0.0
c 196.62483 0.02736 181.88062 0.13517815 1.5772147 0.0
c 196.82487 0.01564 181.88062 0.13517815 1.5772147 0.0
c 197.02491 0.00391 181.88062 0.13517815 1.5772147 0.0
c 197.22494 -0.00781 181.88062 0.13517815 1.5772147 0.0
c 197.42498 -0.01954 181.88062 0.13517815 1.5772147 0.0
c 197.62501 -0.03126 181.88062 0.13517815 1.5772147 0.0
c 197.82505 -0.04299 181.88062 0.13517815 1.5772147 0.0
c 198.02509 -0.05472 181.88062 0.13517815 1.5772147 0.0
c 198.22512 -0.06644 181.88062 0.13517815 1.5772147 0.0
c 198.42516 -0.07817 181.88062 0.13517815 1.5772147 0.0
c 198.6252 -0.08989 181.88062 0.13517815 1.5772147 0.0
c 198.82523 -0.10162 181.88062 0.13517815 1.5772147 0.0
c 199.02527 -0.11334 181.88062 0.13517815 1.5772147 0.0
c 199.2253 -0.12507 181.88062 0.13517815 1.5772147 0.0
c 199.42534 -0.1368 181.88062 0.13517815 1.5772147 0.0
c 199.62538 -0.14852 181.88062 0.13517815 1.5772147 0.0
c 199.82541 -0.16025 181.88062 0.13517815 1.5772147 0.0
c 200.02545 -0.17197 181.88062 0.13517815 1.5772147 0.0
c 200.22548 -0.1837 181.88062 0.13517815 1.5772147 0.0
c 200.42552 -0.19542 181.88062 0.13517815 1.5772147 0.0
c 200.62556 -0.20715 181.88062 0.13517815 1.5772147 0.0
c 200.82559 -0.21888 181.88062 0.13517815 1.5772147 0.0
c 201.02563 -0.2306 181.88062 0.13517815 1.5772147 0.0
c 201.22566 -0.24233 181.88062 0.13517815 1.5772147 0.0
c 201.4257 -0.25405 181.88062 0.13517815 1.5772147 0.0
c 201.62574 -0.26578 181.88062 0.13517815 1.5772147 0.0
c 201.82577 -0.2775 181.88062 0.13517815 1.5772147 0.0
c 202.02581 -0.28923 181.88062 0.13517815 1.5772147 0.0
c 202.22584 -0.30095 181.88062 0.13517815 1.5772147 0.0
c 202.42588 -0.31268 181.88062 0.13517815 1.5772147 0.0
c 202.62592 -0.32441 181.88062 0.13517815 1.5772147 0.0
c 202.82595 -0.33613 181.88062 0.13517815 1.5772147 0.0
c 203.02599 -0.34786 181.88062 0.13517815 1.5772147 0.0
c 203.22602 -0.35958 181.88062 0.13517815 1.5772147 0.0
c 203.42606 -0.37131 181.88062 0.13517815 1.5772147 0.0
c 203.6261 -0.38303 181.88062 0.13517815 1.5772147 0.0
c 203.82613 -0.39476 181.88062 0.13517815 1.5772147 0.0
c 204.02617 -0.40649 181.88062 0.13517815 1.5772147 0.0
c 204.2262 -0.41821 181.88062 0.13517815 1.5772147 0.0
c 204.42624 -0.42994 181.88062 0.13517815 1.5772147 0.0
c 204.62628 -0.44166 181.88062 0.13517815 1.5772147 0.0
c 204.82631 -0.45339 181.88062 0.13517815 1.5772147 0.0
c 205.02635 -0.46511 181.88062 0.13517815 1.5772147 0.0
c 205.22638 -0.47684 181.88062 0.13517815 1.5772147 0.0
c 205.42642 -0.48857 181.88062 0.13517815 1.5772147 0.0
c 205.62646 -0.50029 181.88062 0.13517815 1.5772147 0.0
c 205.82649 -0.51202 181.88062 0.13517815 1.5772147 0.0
c 206.02653 -0.52374 181.88062 0.13517815 1.5772147 0.0
c 206.22656 -0.53547 181.88062 0.13517815 1.5772147 0.0
c 206.4266 -0.54719 181.88062 0.13517815 1.5772147 0.0
c 206.62664 -0.55892 181.88062 0.13517815 1.5772147 0.0
c 206.82667 -0.57065 181.88062 0.13517815 1.5772147 0.0
c 207.02671 -0.58237 181.88062 0.13517815 1.5772147 0.0
c 207.22674 -0.5941 181.88062 0.13517815 1.5772147 0.0
c 207.42678 -0.60582 181.88062 0.13517815 1.5772147 0.0
c 207.62682 -0.61755 181.88062 0.13517815 1.5772147 0.0
c 207.82685 -0.62927 181.88062 0.13517815 1.5772147 0.0
c 208.02689 -0.641 181.88062 0.13517815 1.5772147 0.0
c 208.22692 -0.65272 181.88062 0.13517815 1.5772147 0.0
c 208.42696 -0.66445 181.88062 0.13517815 1.5772147 0.0
c 208.627 -0.67618 181.88062 0.13517815 1.5772147 0.0
c 208.82703 -0.6879 181.88062 0.13517815 1.5772147 0.0
c 209.02707 -0.69963 181.88062 0.13517815 1.5772147 0.0
c 209.2271 -0.71135 181.88062 0.13517815 1.5772147 0.0
c 209.42714 -0.72308 181.88062 0.13517815 1.5772147 0.0
c 209.62718 -0.7348 181.88062 0.13517815 1.5772147 0.0
c 209.82721 -0.74653 181.88062 0.13517815 1.5772147 0.0
c 210.02725 -0.75826 181.88062 0.13517815 1.5772147 0.0
c 210.22728 -0.76998 181.88062 0.13517815 1.5772147 0.0
c 210.42732 -0.78171 181.88062 0.13517815 1.5772147 0.0
c 210.62736 -0.79343 181.88062 0.13517815 1.5772147 0.0
c 210.82739 -0.80516 181.88062 0.13517815 1.5772147 0.0
c 211.02743 -0.81688 181.88062 0.13517815 1.5772147 0.0
c 211.22746 -0.82861 181.88062 0.13517815 1.5772147 0.0
c 211.4275 -0.84034 181.88062 0.13517815 1.5772147 0.0
c 211.62754 -0.85206 181.88062 0.13517815 1.5772147 0.0
c 211.82757 -0.86379 181.88062 0.13517815 1.5772147 0.0
c 212.02761 -0.87551 181.88062 0.13517815 1.5772147 0.0
c 212.22764 -0.88724 181.88062 0.13517815 1.5772147 0.0
c 212.42768 -0.89896 181.88062 0.13517815 1.5772147 0.0
c 212.62772 -0.91069 181.88062 0.13517815 1.5772147 0.0
c 212.82775 -0.92241 181.88062 0.13517815 1.5772147 0.0
c 213.02779 -0.93414 181.88062 0.13517815 1.5772147 0.0
c 213.22782 -0.94587 181.88062 0.13517815 1.5772147 0.0
c 213.42786 -0.95759 181.88062 0.13517815 1.5772147 0.0
c 213.6279 -0.96932 181.88062 0.13517815 1.5772147 0.0
c 213.82793 -0.98104 181.88062 0.13517815 1.5772147 0.0
c 214.02797 -0.99277 181.88062 0.13517815 1.5772147 0.0
c 214.228 -1.00449 181.88062 0.13517815 1.5772147 0.0
c 214.42804 -1.01622 181.88062 0.13517815 1.5772147 0.0
c 214.62808 -1.02795 181.88062 0.13517815 1.5772147 0.0
c 214.82811 -1.03967 181.88062 0.13517815 1.5772147 0.0
c 215.02815 -1.0514 181.88062 0.13517815 1.5772147 0.0
c 215.22818 -1.06312 181.88062 0.13517815 1.5772147 0.0
c 215.42822 -1.07485 181.88062 0.13517815 1.5772147 0.0
c 215.62826 -1.08657 181.88062 0.13517815 1.5772147 0.0
c 215.82829 -1.0983 181.88062 0.13517815 1.5772147 0.0
c 216.02833 -1.11003 181.88062 0.13517815 1.5772147 0.0
c 216.22836 -1.12175 181.88062 0.13517815 1.5772147 0.0
c 216.4284 -1.13348 181.88062 0.13517815 1.5772147 0.0
c 216.62844 -1.1452 181.88062 0.13517815 1.5772147 0.0
c 216.82847 -1.15693 181.88062 0.13517815 1.5772147 0.0
c 217.02851 -1.16865 181.88062 0.13517815 1.5772147 0.0
c 217.22854 -1.18038 181.88062 0.13517815 1.5772147 0.0
c 217.42858 -1.19211 181.88062 0.13517815 1.5772147 0.0
c 217.62862 -1.20383 181.88062 0.13517815 1.5772147 0.0
c 217.82865 -1.21556 181.88062 0.13517815 1.5772147 0.0
c 218.02869 -1.22728 181.88062 0.13517815 1.5772147 0.0
c 218.22873 -1.23901 181.88062 0.13517815 1.5772147 0.0
c 218.42876 -1.25073 181.88062 0.13517815 1.5772147 0.0
c 218.6288 -1.26246 181.88062 0.13517815 1.5772147 0.0
c 218.82883 -1.27418 181.88062 0.13517815 1.5772147 0.0
c 219.02887 -1.28591 181.88062 0.13517815 1.5772147 0.0
c 219.22891 -1.29764 181.88062 0.13517815 1.5772147 0.0
c 219.42894 -1.30936 181.88062 0.13517815 1.5772147 0.0
c 219.62898 -1.32109 181.88062 0.13517815 1.5772147 0.0
c 219.82901 -1.33281 181.88062 0.13517815 1.5772147 0.0
c 220.02905 -1.34454 181.88062 0.13517815 1.5772147 0.0
c 220.22909 -1.35626 181.88062 0.13517815 1.5772147 0.0
c 220.42912 -1.36799 181.88062 0.13517815 1.5772147 0.0
c 220.62916 -1.37972 181.88062 0.13517815 1.5772147 0.0
c 220.82919 -1.39144 181.88062 0.13517815 1.5772147 0.0
c 221.02923 -1.40317 181.88062 0.13517815 1.5772147 0.0
c 221.22927 -1.41489 181.88062 0.13517815 1.5772147 0.0
c 221.4293 -1.42662 181.88062 0.13517815 1.5772147 0.0
c 221.62934 -1.43834 181.88062 0.13517815 1.5772147 0.0
c 221.82937 -1.45007 181.88062 0.13517815 1.5772147 0.0
c 222.02941 -1.4618 181.88062 0.13517815 1.5772147 0.0
c 222.22945 -1.47352 181.88062 0.13517815 1.5772147 0.0
c 222.42948 -1.48525 181.88062 0.13517815 1.5772147 0.0
c 222.62952 -1.49697 181.88062 0.13517815 1.5772147 0.0
c 222.82955 -1.5087 181.88062 0.13517815 1.5772147 0.0
c 223.02959 -1.52042 181.88062 0.13517815 1.5772147 0.0
c 223.22963 -1.53215 181.88062 0.13517815 1.5772147 0.0
c 223.42966 -1.54387 181.88062 0.13517815 1.5772147 0.0
c 223.6297 -1.5556 181.88062 0.13517815 1.5772147 0.0
c 223.82973 -1.56733 181.88062 0.13517815 1.5772147 0.0
c 224.02977 -1.57905 181.88062 0.13517815 1.5772147 0.0
c 224.22981 -1.59078 181.88062 0.13517815 1.5772147 0.0
c 224.42984 -1.6025 181.88062 0.13517815 1.5772147 0.0
c 224.62988 -1.61423 181.88062 0.13517815 1.5772147 0.0
c 224.82991 -1.62595 181.88062 0.13517815 1.5772147 0.0
c 225.02995 -1.63768 181.88062 0.13517815 1.5772147 0.0
c 225.22999 -1.64941 181.88062 0.13517815 1.5772147 0.0
c 225.43002 -1.66113 181.88062 0.13517815 1.5772147 0.0
c 225.63006 -1.67286 181.88062 0.13517815 1.5772147 0.0
c 225.83009 -1.68458 181.88062 0.13517815 1.5772147 0.0
c 226.03013 -1.69631 181.88062 0.13517815 1.5772147 0.0
c 226.23017 -1.70803 181.88062 0.13517815 1.5772147 0.0
c 226.4302 -1.71976 181.88062 0.13517815 1.5772147 0.0
c 226.63024 -1.73149 181.88062 0.13517815 1.5772147 0.0
c 226.83027 -1.74321 181.88062 0.13517815 1.5772147 0.0
c 227.03031 -1.75494 181.88062 0.13517815 1.5772147 0.0
c 227.23035 -1.76666 181.88062 0.13517815 1.5772147 0.0
c 227.43038 -1.77839 181.88062 0.13517815 1.5772147 0.0
c 227.63042 -1.79011 181.88062 0.13517815 1.5772147 0.0
c 227.83045 -1.80184 181.88062 0.13517815 1.5772147 0.0
c 228.03049 -1.81357 181.88062 0.13517815 1.5772147 0.0
c 228.23053 -1.82529 181.88062 0.13517815 1.5772147 0.0
c 228.43056 -1.83702 181.88062 0.13517815 1.5772147 0.0
c 228.6306 -1.84874 181.88062 0.13517815 1.5772147 0.0
c 228.83063 -1.86047 181.88062 0.13517815 1.5772147 0.0
c 229.03067 -1.87219 181.88062 0.13517815 1.5772147 0.0
c 229.23071 -1.88392 181.88062 0.13517815 1.5772147 0.0
c 229.43074 -1.89564 181.88062 0.13517815 1.5772147 0.0
c 229.63078 -1.90737 181.88062 0.13517815 1.5772147 0.0
c 229.83081 -1.9191 181.88062 0.13517815 1.5772147 0.0
c 230.03085 -1.93082 181.88062 0.13517815 1.5772147 0.0
c 230.23089 -1.94255 181.88062 0.13517815 1.5772147 0.0
c 230.43092 -1.95427 181.88062 0.13517815 1.5772147 0.0
c 230.63096 -1.966 181.88062 0.13517815 1.5772147 0.0
c 230.83099 -1.97772 181.88062 0.13517815 1.5772147 0.0
c 231.03103 -1.98945 181.88062 0.13517815 1.5772147 0.0
c 231.23107 -2.00118 181.88062 0.13517815 1.5772147 0.0
c 231.4311 -2.0129 181.88062 0.13517815 1.5772147 0.0
c 231.63114 -2.02463 181.88062 0.13517815 1.5772147 0.0
c 231.83117 -2.03635 181.88062 0.13517815 1.5772147 0.0
c 232.03121 -2.04808 181.88062 0.13517815 1.5772147 0.0
c 232.23125 -2.0598 181.88062 0.13517815 1.5772147 0.0
c 232.43128 -2.07153 181.88062 0.13517815 1.5772147 0.0
c 232.63132 -2.08326 181.88062 0.13517815 1.5772147 0.0
c 232.83135 -2.09498 181.88062 0.13517815 1.5772147 0.0
c 233.03139 -2.10671 181.88062 0.13517815 1.5772147 0.0
c 233.23143 -2.11843 181.88062 0.13517815 1.5772147 0.0
c 233.43146 -2.13016 181.88062 0.13517815 1.5772147 0.0
c 233.6315 -2.14188 181.88062 0.13517815 1.5772147 0.0
c 233.83153 -2.15361 181.88062 0.13517815 1.5772147 0.0
c 234.03157 -2.16533 181.88062 0.13517815 1.5772147 0.0
c 234.23161 -2.17706 181.88062 0.13517815 1.5772147 0.0
c 234.43164 -2.18879 181.88062 0.13517815 1.5772147 0.0
c 234.63168 -2.20051 181.88062 0.13517815 1.5772147 0.0
c 234.83171 -2.21224 181.88062 0.13517815 1.5772147 0.0
c 235.03175 -2.22396 181.88062 0.13517815 1.5772147 0.0
c 235.23179 -2.23569 181.88062 0.13517815 1.5772147 0.0
c 235.43182 -2.24741 181.88062 0.13517815 1.5772147 0.0
c 235.63186 -2.25914 181.88062 0.13517815 1.5772147 0.0
c 235.83189 -2.27087 181.88062 0.13517815 1.5772147 0.0
c 236.03193 -2.28259 181.88062 0.13517815 1.5772147 0.0
c 236.23197 -2.29432 181.88062 0.13517815 1.5772147 0.0
c 236.432 -2.30604 181.88062 0.13517815 1.5772147 0.0
c 236.63204 -2.31777 181.88062 0.13517815 1.5772147 0.0
c 236.83207 -2.32949 181.88062 0.13517815 1.5772147 0.0
c 237.03211 -2.34122 181.88062 0.13517815 1.5772147 0.0
c 237.23215 -2.35295 181.88062 0.13517815 1.5772147 0.0
c 237.43218 -2.36467 181.88062 0.13517815 1.5772147 0.0
c 237.63222 -2.3764 181.88062 0.13517815 1.5772147 0.0
c 237.83225 -2.38812 181.88062 0.13517815 1.5772147 0.0
c 238.03229 -2.39985 181.88062 0.13517815 1.5772147 0.0
c 238.23233 -2.41157 181.88062 0.13517815 1.5772147 0.0
c 238.43236 -2.4233 181.88062 0.13517815 1.5772147 0.0
c 238.6324 -2.43502 181.88062 0.13517815 1.5772147 0.0
c 238.83244 -2.44675 181.88062 0.13517815 1.5772147 0.0
c 239.03247 -2.45848 181.88062 0.13517815 1.5772147 0.0
c 239.23251 -2.4702 181.88062 0.13517815 1.5772147 0.0
c 239.43254 -2.48193 181.88062 0.13517815 1.5772147 0.0
c 239.63258 -2.49365 181.88062 0.13517815 1.5772147 0.0
c 239.83262 -2.50538 181.88062 0.13517815 1.5772147 0.0
c 240.03265 -2.5171 181.88062 0.13517815 1.5772147 0.0
c 240.23269 -2.52883 181.88062 0.13517815 1.5772147 0.0
c 240.43272 -2.54056 181.88062 0.13517815 1.5772147 0.0
c 240.63276 -2.55228 181.88062 0.13517815 1.5772147 0.0
c 240.8328 -2.56401 181.88062 0.13517815 1.5772147 0.0
c 241.03283 -2.57573 181.88062 0.13517815 1.5772147 0.0
c 241.23287 -2.58746 181.88062 0.13517815 1.5772147 0.0
c 241.4329 -2.59918 181.88062 0.13517815 1.5772147 0.0
c 241.63294 -2.61091 181.88062 0.13517815 1.5772147 0.0
c 241.83298 -2.62264 181.88062 0.13517815 1.5772147 0.0
c 242.03301 -2.63436 181.88062 0.13517815 1.5772147 0.0
c 242.23305 -2.64609 181.88062 0.13517815 1.5772147 0.0
c 242.43308 -2.65781 181.88062 0.13517815 1.5772147 0.0
c 242.63312 -2.66954 181.88062 0.13517815 1.5772147 0.0
c 242.83316 -2.68126 181.88062 0.13517815 1.5772147 0.0
c 243.03319 -2.69299 181.88062 0.13517815 1.5772147 0.0
c 243.23323 -2.70472 181.88062 0.13517815 1.5772147 0.0
c 243.43326 -2.71644 181.88062 0.13517815 1.5772147 0.0
c 243.6333 -2.72817 181.88062 0.13517815 1.5772147 0.0
c 243.83334 -2.73989 181.88062 0.13517815 1.5772147 0.0
c 244.03337 -2.75162 181.88062 0.13517815 1.5772147 0.0
c 244.23341 -2.76334 181.88062 0.13517815 1.5772147 0.0
c 244.43344 -2.77507 181.88062 0.13517815 1.5772147 0.0
c 244.63348 -2.78679 181.88062 0.13517815 1.5772147 0.0
c 244.83352 -2.79852 181.88062 0.13517815 1.5772147 0.0
c 245.03355 -2.81025 181.88062 0.13517815 1.5772147 0.0
c 245.23359 -2.82197 181.88062 0.13517815 1.5772147 0.0
c 245.43362 -2.8337 181.88062 0.13517815 1.5772147 0.0
c 245.63366 -2.84542 181.88062 0.13517815 1.5772147 0.0
c 245.8337 -2.85715 181.88062 0.13517815 1.5772147 0.0
c 246.03373 -2.86887 181.88062 0.13517815 1.5772147 0.0
c 246.23377 -2.8806 181.88062 0.13517815 1.5772147 0.0
c 246.4338 -2.89233 181.88062 0.13517815 1.5772147 0.0
c 246.63384 -2.90405 181.88062 0.13517815 1.5772147 0.0
c 246.83388 -2.91578 181.88062 0.13517815 1.5772147 0.0
c 247.03391 -2.9275 181.88062 0.13517815 1.5772147 0.0
c 247.23395 -2.93923 181.88062 0.13517815 1.5772147 0.0
c 247.43398 -2.95095 181.88062 0.13517815 1.5772147 0.0
c 247.63402 -2.96268 181.88062 0.13517815 1.5772147 0.0
c 247.83406 -2.97441 181.88062 0.13517815 1.5772147 0.0
c 248.03409 -2.98613 181.88062 0.13517815 1.5772147 0.0
c 248.03409 -2.98613 181.88062 0.13517815 1.5772147 0.0
c 247.93993 -2.98613 182.0654 0.13517815 1.5772147 0.0
c 247.84576 -2.98613 182.25017 0.13517815 1.5772147 0.0
c 247.75159 -2.98613 182.43495 0.13517815 1.5772147 0.0
c 247.65742 -2.98613 182.61972 0.13517815 1.5772147 0.0
c 247.56326 -2.98613 182.8045 0.13517815 1.5772147 0.0
c 247.46909 -2.98613 182.98927 0.13517815 1.5772147 0.0
c 247.37492 -2.98613 183.17405 0.13517815 1.5772147 0.0
c 247.28076 -2.98613 183.35882 0.13517815 1.5772147 0.0
c 247.18659 -2.98613 183.5436 0.13517815 1.5772147 0.0
c 247.09242 -2.98613 183.72837 0.13517815 1.5772147 0.0
c 246.99826 -2.98613 183.91315 0.13517815 1.5772147 0.0
c 246.90409 -2.98613 184.09792 0.13517815 1.5772147 0.0
c 246.80992 -2.98613 184.2827 0.13517815 1.5772147 0.0
c 246.71576 -2.98613 184.46747 0.13517815 1.5772147 0.0
c 246.62159 -2.98613 184.65225 0.13517815 1.5772147 0.0
c 246.52742 -2.98613 184.83702 0.13517815 1.5772147 0.0
c 246.43326 -2.98613 185.0218 0.13517815 1.5772147 0.0
c 246.33909 -2.98613 185.20657 0.13517815 1.5772147 0.0
c 246.24492 -2.98613 185.39135 0.13517815 1.5772147 0.0
c 246.15075 -2.98613 185.57612 0.13517815 1.5772147 0.0
c 246.05659 -2.98613 185.7609 0.13517815 1.5772147 0.0
c 245.96242 -2.98613 185.94567 0.13517815 1.5772147 0.0
c 245.86825 -2.98613 186.13045 0.13517815 1.5772147 0.0
c 245.77409 -2.98613 186.31522 0.13517815 1.5772147 0.0
c 245.67992 -2.98613 186.5 0.13517815 1.5772147 0.0
c 245.58575 -2.98613 186.68477 0.13517815 1.5772147 0.0
c 245.49159 -2.98613 186.86955 0.13517815 1.5772147 0.0
c 245.39742 -2.98613 187.05432 0.13517815 1.5772147 0.0
c 245.30325 -2.98613 187.2391 0.13517815 1.5772147 0.0
c 245.20909 -2.98613 187.42387 0.13517815 1.5772147 0.0
c 245.11492 -2.98613 187.60865 0.13517815 1.5772147 0.0
c 245.02075 -2.98613 187.79342 0.13517815 1.5772147 0.0
c 244.92659 -2.98613 187.9782 0.13517815 1.5772147 0.0
c 244.83242 -2.98613 188.16297 0.13517815 1.5772147 0.0
c 244.73825 -2.98613 188.34775 0.13517815 1.5772147 0.0
c 244.64408 -2.98613 188.53252 0.13517815 1.5772147 0.0
c 244.54992 -2.98613 188.71729 0.13517815 1.5772147 0.0
c 244.45575 -2.98613 188.90207 0.13517815 1.5772147 0.0
c 244.36158 -2.98613 189.08684 0.13517815 1.5772147 0.0
c 244.26742 -2.98613 189.27162 0.13517815 1.5772147 0.0
c 244.17325 -2.98613 189.45639 0.13517815 1.5772147 0.0
c 244.07908 -2.98613 189.64117 0.13517815 1.5772147 0.0
c 243.98492 -2.98613 189.82594 0.13517815 1.5772147 0.0
c 243.89075 -2.98613 190.01072 0.13517815 1.5772147 0.0
c 243.79658 -2.98613 190.19549 0.13517815 1.5772147 0.0
c 243.70242 -2.98613 190.38027 0.13517815 1.5772147 0.0
c 243.60825 -2.98613 190.56504 0.13517815 1.5772147 0.0
c 243.51408 -2.98613 190.74982 0.13517815 1.5772147 0.0
c 243.41992 -2.98613 190.93459 0.13517815 1.5772147 0.0
c 243.32575 -2.98613 191.11937 0.13517815 1.5772147 0.0
c 243.23158 -2.98613 191.30414 0.13517815 1.5772147 0.0
c 243.13742 -2.98613 191.48892 0.13517815 1.5772147 0.0
c 243.04325 -2.98613 191.67369 0.13517815 1.5772147 0.0
c 242.94908 -2.98613 191.85847 0.13517815 1.5772147 0.0
c 242.85491 -2.98613 192.04324 0.13517815 1.5772147 0.0
c 242.76075 -2.98613 192.22802 0.13517815 1.5772147 0.0
c 242.66658 -2.98613 192.41279 0.13517815 1.5772147 0.0
c 242.57241 -2.98613 192.59757 0.13517815 1.5772147 0.0
c 242.47825 -2.98613 192.78234 0.13517815 1.5772147 0.0
c 242.38408 -2.98613 192.96712 0.13517815 1.5772147 0.0
c 242.28991 -2.98613 193.15189 0.13517815 1.5772147 0.0
c 242.19575 -2.98613 193.33667 0.13517815 1.5772147 0.0
c 242.10158 -2.98613 193.52144 0.13517815 1.5772147 0.0
c 242.00741 -2.98613 193.70622 0.13517815 1.5772147 0.0
c 241.91325 -2.98613 193.89099 0.13517815 1.5772147 0.0
c 241.81908 -2.98613 194.07577 0.13517815 1.5772147 0.0
c 241.72491 -2.98613 194.26054 0.13517815 1.5772147 0.0
c 241.63075 -2.98613 194.44532 0.13517815 1.5772147 0.0
c 241.53658 -2.98613 194.63009 0.13517815 1.5772147 0.0
c 241.44241 -2.98613 194.81487 0.13517815 1.5772147 0.0
c 241.34824 -2.98613 194.99964 0.13517815 1.5772147 0.0
c 241.25408 -2.98613 195.18442 0.13517815 1.5772147 0.0
c 241.15991 -2.98613 195.36919 0.13517815 1.5772147 0.0
c 241.06574 -2.98613 195.55397 0.13517815 1.5772147 0.0
c 240.97158 -2.98613 195.73874 0.13517815 1.5772147 0.0
c 240.87741 -2.98613 195.92352 0.13517815 1.5772147 0.0
c 240.78324 -2.98613 196.10829 0.13517815 1.5772147 0.0
c 240.68908 -2.98613 196.29307 0.13517815 1.5772147 0.0
c 240.59491 -2.98613 196.47784 0.13517815 1.5772147 0.0
c 240.50074 -2.98613 196.66262 0.13517815 1.5772147 0.0
c 240.40658 -2.98613 196.84739 0.13517815 1.5772147 0.0
c 240.31241 -2.98613 197.03217 0.13517815 1.5772147 0.0
c 240.21824 -2.98613 197.21694 0.13517815 1.5772147 0.0
c 240.12408 -2.98613 197.40172 0.13517815 1.5772147 0.0
c 240.02991 -2.98613 197.58649 0.13517815 1.5772147 0.0
c 239.93574 -2.98613 197.77127 0.13517815 1.5772147 0.0
c 239.84158 -2.98613 197.95604 0.13517815 1.5772147 0.0
c 239.74741 -2.98613 198.14082 0.13517815 1.5772147 0.0
c 239.65324 -2.98613 198.32559 0.13517815 1.5772147 0.0
c 239.55907 -2.98613 198.51037 0.13517815 1.5772147 0.0
c 239.46491 -2.98613 198.69514 0.13517815 1.5772147 0.0
c 239.37074 -2.98613 198.87992 0.13517815 1.5772147 0.0
c 239.27657 -2.98613 199.06469 0.13517815 1.5772147 0.0
c 239.18241 -2.98613 199.24947 0.13517815 1.5772147 0.0
c 239.08824 -2.98613 199.43424 0.13517815 1.5772147 0.0
c 238.99407 -2.98613 199.61901 0.13517815 1.5772147 0.0
c 238.89991 -2.98613 199.80379 0.13517815 1.5772147 0.0
c 238.80574 -2.98613 199.98856 0.13517815 1.5772147 0.0
c 238.71157 -2.98613 200.17334 0.13517815 1.5772147 0.0
c 238.61741 -2.98613 200.35811 0.13517815 1.5772147 0.0
c 238.52324 -2.98613 200.54289 0.13517815 1.5772147 0.0
c 238.42907 -2.98613 200.72766 0.13517815 1.5772147 0.0
c 238.33491 -2.98613 200.91244 0.13517815 1.5772147 0.0
c 238.24074 -2.98613 201.09721 0.13517815 1.5772147 0.0
c 238.14657 -2.98613 201.28199 0.13517815 1.5772147 0.0
c 238.0524 -2.98613 201.46676 0.13517815 1.5772147 0.0
c 237.95824 -2.98613 201.65154 0.13517815 1.5772147 0.0
c 237.86407 -2.98613 201.83631 0.13517815 1.5772147 0.0
c 237.7699 -2.98613 202.02109 0.13517815 1.5772147 0.0
c 237.67574 -2.98613 202.20586 0.13517815 1.5772147 0.0
c 237.58157 -2.98613 202.39064 0.13517815 1.5772147 0.0
c 237.4874 -2.98613 202.57541 0.13517815 1.5772147 0.0
c 237.39324 -2.98613 202.76019 0.13517815 1.5772147 0.0
c 237.29907 -2.98613 202.94496 0.13517815 1.5772147 0.0
c 237.2049 -2.98613 203.12974 0.13517815 1.5772147 0.0
c 237.11074 -2.98613 203.31451 0.13517815 1.5772147 0.0
c 237.01657 -2.98613 203.49929 0.13517815 1.5772147 0.0
c 236.9224 -2.98613 203.68406 0.13517815 1.5772147 0.0
c 236.82824 -2.98613 203.86884 0.13517815 1.5772147 0.0
c 236.73407 -2.98613 204.05361 0.13517815 1.5772147 0.0
c 236.6399 -2.98613 204.23839 0.13517815 1.5772147 0.0
c 236.54573 -2.98613 204.42316 0.13517815 1.5772147 0.0
c 236.45157 -2.98613 204.60794 0.13517815 1.5772147 0.0
c 236.3574 -2.98613 204.79271 0.13517815 1.5772147 0.0
c 236.26323 -2.98613 204.97749 0.13517815 1.5772147 0.0
c 236.16907 -2.98613 205.16226 0.13517815 1.5772147 0.0
c 236.0749 -2.98613 205.34704 0.13517815 1.5772147 0.0
c 235.98073 -2.98613 205.53181 0.13517815 1.5772147 0.0
c 235.88657 -2.98613 205.71659 0.13517815 1.5772147 0.0
c 235.7924 -2.98613 205.90136 0.13517815 1.5772147 0.0
c 235.7924 -2.98613 205.90136 0.13517815 1.5772147 0.0
c 235.7924 -2.98613 205.90136 0.13718829 1.5772147 0.0
c 235.7924 -2.98613 205.90136 0.13919843 1.5772147 0.0
c 235.7924 -2.98613 205.90136 0.14120858 1.5772147 0.0
c 235.7924 -2.98613 205.90136 0.14321872 1.5772147 0.0
c 235.7924 -2.98613 205.90136 0.14522886 1.5772147 0.0
c 235.7924 -2.98613 205.90136 0.147239 1.5772147 0.0
c 235.7924 -2.98613 205.90136 0.14924914 1.5772147 0.0
c 235.7924 -2.98613 205.90136 0.15125929 1.5772147 0.0
c 235.7924 -2.98613 205.90136 0.15326943 1.5772147 0.0
c 235.7924 -2.98613 205.90136 0.15527957 1.5772147 0.0
c 235.7924 -2.98613 205.90136 0.15728971 1.5772147 0.0
c 235.7924 -2.98613 205.90136 0.15929985 1.5772147 0.0
c 235.7924 -2.98613 205.90136 0.16131 1.5772147 0.0
c 235.7924 -2.98613 205.90136 0.16332014 1.5772147 0.0
c 235.7924 -2.98613 205.90136 0.16533028 1.5772147 0.0
c 235.7924 -2.98613 205.90136 0.16734042 1.5772147 0.0
c 235.7924 -2.98613 205.90136 0.16935057 1.5772147 0.0
c 235.7924 -2.98613 205.90136 0.17136071 1.5772147 0.0
c 235.7924 -2.98613 205.90136 0.17337085 1.5772147 0.0
c 235.7924 -2.98613 205.90136 0.17538099 1.5772147 0.0
c 235.7924 -2.98613 205.90136 0.17739113 1.5772147 0.0
c 235.7924 -2.98613 205.90136 0.17940128 1.5772147 0.0
c 235.7924 -2.98613 205.90136 0.18141142 1.5772147 0.0
c 235.7924 -2.98613 205.90136 0.18342156 1.5772147 0.0
c 235.7924 -2.98613 205.90136 0.1854317 1.5772147 0.0
c 235.7924 -2.98613 205.90136 0.18744184 1.5772147 0.0
c 235.7924 -2.98613 205.90136 0.18945199 1.5772147 0.0
c 235.7924 -2.98613 205.90136 0.19146213 1.5772147 0.0
c 235.7924 -2.98613 205.90136 0.19347227 1.5772147 0.0
c 235.7924 -2.98613 205.90136 0.19548241 1.5772147 0.0
c 235.7924 -2.98613 205.90136 0.19749255 1.5772147 0.0
c 235.7924 -2.98613 205.90136 0.1995027 1.5772147 0.0
c 235.7924 -2.98613 205.90136 0.20151284 1.5772147 0.0
c 235.7924 -2.98613 205.90136 0.20352298 1.5772147 0.0
c 235.7924 -2.98613 205.90136 0.20553312 1.5772147 0.0
c 235.7924 -2.98613 205.90136 0.20754326 1.5772147 0.0
c 235.7924 -2.98613 205.90136 0.20955341 1.5772147 0.0
c 235.7924 -2.98613 205.90136 0.21156355 1.5772147 0.0
c 235.7924 -2.98613 205.90136 0.21357369 1.5772147 0.0
c 235.7924 -2.98613 205.90136 0.21558383 1.5772147 0.0
c 235.7924 -2.98613 205.90136 0.21759398 1.5772147 0.0
c 235.7924 -2.98613 205.90136 0.21960412 1.5772147 0.0
c 235.7924 -2.98613 205.90136 0.22161426 1.5772147 0.0
c 235.7924 -2.98613 205.90136 0.2236244 1.5772147 0.0
c 235.7924 -2.98613 205.90136 0.22563454 1.5772147 0.0
c 235.7924 -2.98613 205.90136 0.22764469 1.5772147 0.0
c 235.7924 -2.98613 205.90136 0.22965483 1.5772147 0.0
c 235.7924 -2.98613 205.90136 0.23166497 1.5772147 0.0
c 235.7924 -2.98613 205.90136 0.23367511 1.5772147 0.0
c 235.7924 -2.98613 205.90136 0.23568525 1.5772147 0.0
c 235.7924 -2.98613 205.90136 0.2376954 1.5772147 0.0
c 235.7924 -2.98613 205.90136 0.23970554 1.5772147 0.0
c 235.7924 -2.98613 205.90136 0.24171568 1.5772147 0.0
c 235.7924 -2.98613 205.90136 0.24372582 1.5772147 0.0
c 235.7924 -2.98613 205.90136 0.24573596 1.5772147 0.0
c 235.7924 -2.98613 205.90136 0.24774611 1.5772147 0.0
c 235.7924 -2.98613 205.90136 0.24975625 1.5772147 0.0
c 235.7924 -2.98613 205.90136 0.25176639 1.5772147 0.0
c 235.7924 -2.98613 205.90136 0.25377653 1.5772147 0.0
c 235.7924 -2.98613 205.90136 0.25578668 1.5772147 0.0
c 235.7924 -2.98613 205.90136 0.25779682 1.5772147 0.0
c 235.7924 -2.98613 205.90136 0.25980696 1.5772147 0.0
c 235.7924 -2.98613 205.90136 0.2618171 1.5772147 0.0
c 235.7924 -2.98613 205.90136 0.26382724 1.5772147 0.0
c 235.7924 -2.98613 205.90136 0.26583739 1.5772147 0.0
c 235.7924 -2.98613 205.90136 0.26784753 1.5772147 0.0
c 235.7924 -2.98613 205.90136 0.26985767 1.5772147 0.0
c 235.7924 -2.98613 205.90136 0.27186781 1.5772147 0.0
c 235.7924 -2.98613 205.90136 0.27387795 1.5772147 0.0
c 235.7924 -2.98613 205.90136 0.2758881 1.5772147 0.0
c 235.7924 -2.98613 205.90136 0.27789824 1.5772147 0.0
c 235.7924 -2.98613 205.90136 0.27990838 1.5772147 0.0
c 235.7924 -2.98613 205.90136 0.28191852 1.5772147 0.0
c 235.7924 -2.98613 205.90136 0.28392866 1.5772147 0.0
c 235.7924 -2.98613 205.90136 0.28593881 1.5772147 0.0
c 235.7924 -2.98613 205.90136 0.28794895 1.5772147 0.0
c 235.7924 -2.98613 205.90136 0.28995909 1.5772147 0.0
c 235.7924 -2.98613 205.90136 0.29196923 1.5772147 0.0
c 235.7924 -2.98613 205.90136 0.29397937 1.5772147 0.0
c 235.7924 -2.98613 205.90136 0.29598952 1.5772147 0.0
c 235.7924 -2.98613 205.90136 0.29799966 1.5772147 0.0
c 235.7924 -2.98613 205.90136 0.3000098 1.5772147 0.0
c 235.7924 -2.98613 205.90136 0.30201994 1.5772147 0.0
c 235.7924 -2.98613 205.90136 0.30403008 1.5772147 0.0
c 235.7924 -2.98613 205.90136 0.30604023 1.5772147 0.0
c 235.7924 -2.98613 205.90136 0.30805037 1.5772147 0.0
c 235.7924 -2.98613 205.90136 0.31006051 1.5772147 0.0
c 235.7924 -2.98613 205.90136 0.31207065 1.5772147 0.0
c 235.7924 -2.98613 205.90136 0.3140808 1.5772147 0.0
c 235.7924 -2.98613 205.90136 0.31609094 1.5772147 0.0
c 235.7924 -2.98613 205.90136 0.31810108 1.5772147 0.0
c 235.7924 -2.98613 205.90136 0.32011122 1.5772147 0.0
c 235.7924 -2.98613 205.90136 0.32212136 1.5772147 0.0
c 235.7924 -2.98613 205.90136 0.32413151 1.5772147 0.0
c 235.7924 -2.98613 205.90136 0.32614165 1.5772147 0.0
c 235.7924 -2.98613 205.90136 0.32815179 1.5772147 0.0
c 235.7924 -2.98613 205.90136 0.33016193 1.5772147 0.0
c 235.7924 -2.98613 205.90136 0.33217207 1.5772147 0.0
c 235.7924 -2.98613 205.90136 0.33418222 1.5772147 0.0
c 235.7924 -2.98613 205.90136 0.33619236 1.5772147 0.0
c 235.7924 -2.98613 205.90136 0.3382025 1.5772147 0.0
c 235.7924 -2.98613 205.90136 0.34021264 1.5772147 0.0
c 235.7924 -2.98613 205.90136 0.34222278 1.5772147 0.0
c 235.7924 -2.98613 205.90136 0.34423293 1.5772147 0.0
c 235.7924 -2.98613 205.90136 0.34624307 1.5772147 0.0
c 235.7924 -2.98613 205.90136 0.34825321 1.5772147 0.0
c 235.7924 -2.98613 205.90136 0.35026335 1.5772147 0.0
c 235.7924 -2.98613 205.90136 0.3522735 1.5772147 0.0
c 235.7924 -2.98613 205.90136 0.35428364 1.5772147 0.0
c 235.7924 -2.98613 205.90136 0.35629378 1.5772147 0.0
c 235.7924 -2.98613 205.90136 0.35830392 1.5772147 0.0
c 235.7924 -2.98613 205.90136 0.36031406 1.5772147 0.0
c 235.7924 -2.98613 205.90136 0.36232421 1.5772147 0.0
c 235.7924 -2.98613 205.90136 0.36433435 1.5772147 0.0
c 235.7924 -2.98613 205.90136 0.36634449 1.5772147 0.0
c 235.7924 -2.98613 205.90136 0.36835463 1.5772147 0.0
c 235.7924 -2.98613 205.90136 0.37036477 1.5772147 0.0
c 235.7924 -2.98613 205.90136 0.37237492 1.5772147 0.0
c 235.7924 -2.98613 205.90136 0.37438506 1.5772147 0.0
c 235.7924 -2.98613 205.90136 0.3763952 1.5772147 0.0
c 235.7924 -2.98613 205.90136 0.37840534 1.5772147 0.0
c 235.7924 -2.98613 205.90136 0.38041548 1.5772147 0.0
c 235.7924 -2.98613 205.90136 0.38242563 1.5772147 0.0
c 235.7924 -2.98613 205.90136 0.38443577 1.5772147 0.0
c 235.7924 -2.98613 205.90136 0.38644591 1.5772147 0.0
c 235.7924 -2.98613 205.90136 0.38845605 1.5772147 0.0
c 235.7924 -2.98613 205.90136 0.39046619 1.5772147 0.0
c 235.7924 -2.98613 205.90136 0.39247634 1.5772147 0.0
c 235.7924 -2.98613 205.90136 0.39448648 1.5772147 0.0
c 235.7924 -2.98613 205.90136 0.39649662 1.5772147 0.0
c 235.7924 -2.98613 205.90136 0.39850676 1.5772147 0.0
c 235.7924 -2.98613 205.90136 0.4005169 1.5772147 0.0
c 235.7924 -2.98613 205.90136 0.40252705 1.5772147 0.0
c 235.7924 -2.98613 205.90136 0.40453719 1.5772147 0.0
c 235.7924 -2.98613 205.90136 0.40654733 1.5772147 0.0
c 235.7924 -2.98613 205.90136 0.40855747 1.5772147 0.0
c 235.7924 -2.98613 205.90136 0.41056762 1.5772147 0.0
c 235.7924 -2.98613 205.90136 0.41257776 1.5772147 0.0
c 235.7924 -2.98613 205.90136 0.4145879 1.5772147 0.0
c 235.7924 -2.98613 205.90136 0.41659804 1.5772147 0.0
c 235.7924 -2.98613 205.90136 0.41860818 1.5772147 0.0
c 235.7924 -2.98613 205.90136 0.42061833 1.5772147 0.0
c 235.7924 -2.98613 205.90136 0.42262847 1.5772147 0.0
c 235.7924 -2.98613 205.90136 0.42463861 1.5772147 0.0
c 235.7924 -2.98613 205.90136 0.42664875 1.5772147 0.0
c 235.7924 -2.98613 205.90136 0.42865889 1.5772147 0.0
c 235.7924 -2.98613 205.90136 0.43066904 1.5772147 0.0
c 235.7924 -2.98613 205.90136 0.43267918 1.5772147 0.0
c 235.7924 -2.98613 205.90136 0.43468932 1.5772147 0.0
c 235.7924 -2.98613 205.90136 0.43669946 1.5772147 0.0
c 235.7924 -2.98613 205.90136 0.4387096 1.5772147 0.0
c 235.7924 -2.98613 205.90136 0.44071975 1.5772147 0.0
c 235.7924 -2.98613 205.90136 0.44272989 1.5772147 0.0
c 235.7924 -2.98613 205.90136 0.44474003 1.5772147 0.0
c 235.7924 -2.98613 205.90136 0.44675017 1.5772147 0.0
c 235.7924 -2.98613 205.90136 0.44876031 1.5772147 0.0
c 235.7924 -2.98613 205.90136 0.45077046 1.5772147 0.0
c 235.7924 -2.98613 205.90136 0.4527806 1.5772147 0.0
c 235.7924 -2.98613 205.90136 0.45479074 1.5772147 0.0
c 235.7924 -2.98613 205.90136 0.45680088 1.5772147 0.0
c 235.7924 -2.98613 205.90136 0.45881103 1.5772147 0.0
c 235.7924 -2.98613 205.90136 0.46082117 1.5772147 0.0
c 235.7924 -2.98613 205.90136 0.46283131 1.5772147 0.0
c 235.7924 -2.98613 205.90136 0.46484145 1.5772147 0.0
c 235.7924 -2.98613 205.90136 0.46685159 1.5772147 0.0
c 235.7924 -2.98613 205.90136 0.46886174 1.5772147 0.0
c 235.7924 -2.98613 205.90136 0.47087188 1.5772147 0.0
c 235.7924 -2.98613 205.90136 0.47288202 1.5772147 0.0
c 235.7924 -2.98613 205.90136 0.47489216 1.5772147 0.0
c 235.7924 -2.98613 205.90136 0.4769023 1.5772147 0.0
c 235.7924 -2.98613 205.90136 0.47891245 1.5772147 0.0
c 235.7924 -2.98613 205.90136 0.48092259 1.5772147 0.0
c 235.7924 -2.98613 205.90136 0.48293273 1.5772147 0.0
c 235.7924 -2.98613 205.90136 0.48494287 1.5772147 0.0
c 235.7924 -2.98613 205.90136 0.48695301 1.5772147 0.0
c 235.7924 -2.98613 205.90136 0.48896316 1.5772147 0.0
c 235.7924 -2.98613 205.90136 0.4909733 1.5772147 0.0
c 235.7924 -2.98613 205.90136 0.49298344 1.5772147 0.0
c 235.7924 -2.98613 205.90136 0.49499358 1.5772147 0.0
c 235.7924 -2.98613 205.90136 0.49700372 1.5772147 0.0
c 235.7924 -2.98613 205.90136 0.49901387 1.5772147 0.0
c 235.7924 -2.98613 205.90136 0.50102401 1.5772147 0.0
c 235.7924 -2.98613 205.90136 0.50303415 1.5772147 0.0
c 235.7924 -2.98613 205.90136 0.50504429 1.5772147 0.0
c 235.7924 -2.98613 205.90136 0.50705444 1.5772147 0.0
c 235.7924 -2.98613 205.90136 0.50906458 1.5772147 0.0
c 235.7924 -2.98613 205.90136 0.51107472 1.5772147 0.0
c 235.7924 -2.98613 205.90136 0.51308486 1.5772147 0.0
c 235.7924 -2.98613 205.90136 0.515095 1.5772147 0.0
c 235.7924 -2.98613 205.90136 0.51710515 1.5772147 0.0
c 235.7924 -2.98613 205.90136 0.51911529 1.5772147 0.0
c 235.7924 -2.98613 205.90136 0.52112543 1.5772147 0.0
c 235.7924 -2.98613 205.90136 0.52313557 1.5772147 0.0
c 235.7924 -2.98613 205.90136 0.52514571 1.5772147 0.0
c 235.7924 -2.98613 205.90136 0.52715586 1.5772147 0.0
c 235.7924 -2.98613 205.90136 0.529166 1.5772147 0.0
c 235.7924 -2.98613 205.90136 0.53117614 1.5772147 0.0
c 235.7924 -2.98613 205.90136 0.53318628 1.5772147 0.0
c 235.7924 -2.98613 205.90136 0.53519642 1.5772147 0.0
c 235.7924 -2.98613 205.90136 0.53720657 1.5772147 0.0
c 235.7924 -2.98613 205.90136 0.53921671 1.5772147 0.0
c 235.7924 -2.98613 205.90136 0.54122685 1.5772147 0.0
c 235.7924 -2.98613 205.90136 0.54323699 1.5772147 0.0
c 235.7924 -2.98613 205.90136 0.54524713 1.5772147 0.0
c 235.7924 -2.98613 205.90136 0.54725728 1.5772147 0.0
c 235.7924 -2.98613 205.90136 0.54926742 1.5772147 0.0
c 235.7924 -2.98613 205.90136 0.55127756 1.5772147 0.0
c 235.7924 -2.98613 205.90136 0.5532877 1.5772147 0.0
c 235.7924 -2.98613 205.90136 0.55529785 1.5772147 0.0
c 235.7924 -2.98613 205.90136 0.55730799 1.5772147 0.0
c 235.7924 -2.98613 205.90136 0.55931813 1.5772147 0.0
c 235.7924 -2.98613 205.90136 0.56132827 1.5772147 0.0
c 235.7924 -2.98613 205.90136 0.56333841 1.5772147 0.0
c 235.7924 -2.98613 205.90136 0.56534856 1.5772147 0.0
c 235.7924 -2.98613 205.90136 0.5673587 1.5772147 0.0
c 235.7924 -2.98613 205.90136 0.56936884 1.5772147 0.0
c 235.7924 -2.98613 205.90136 0.57137898 1.5772147 0.0
c 235.7924 -2.98613 205.90136 0.57338912 1.5772147 0.0
c 235.7924 -2.98613 205.90136 0.57539927 1.5772147 0.0
c 235.7924 -2.98613 205.90136 0.57740941 1.5772147 0.0
c 235.7924 -2.98613 205.90136 0.57941955 1.5772147 0.0
c 235.7924 -2.98613 205.90136 0.58142969 1.5772147 0.0
c 235.7924 -2.98613 205.90136 0.58343983 1.5772147 0.0
c 235.7924 -2.98613 205.90136 0.58544998 1.5772147 0.0
c 235.7924 -2.98613 205.90136 0.58746012 1.5772147 0.0
c 235.7924 -2.98613 205.90136 0.58947026 1.5772147 0.0
c 235.7924 -2.98613 205.90136 0.5914804 1.5772147 0.0
c 235.7924 -2.98613 205.90136 0.59349054 1.5772147 0.0
c 235.7924 -2.98613 205.90136 0.59550069 1.5772147 0.0
c 235.7924 -2.98613 205.90136 0.59751083 1.5772147 0.0
c 235.7924 -2.98613 205.90136 0.59952097 1.5772147 0.0
c 235.7924 -2.98613 205.90136 0.60153111 1.5772147 0.0
c 235.7924 -2.98613 205.90136 0.60354126 1.5772147 0.0
c 235.7924 -2.98613 205.90136 0.6055514 1.5772147 0.0
c 235.7924 -2.98613 205.90136 0.60756154 1.5772147 0.0
c 235.7924 -2.98613 205.90136 0.60957168 1.5772147 0.0
c 235.7924 -2.98613 205.90136 0.61158182 1.5772147 0.0
c 235.7924 -2.98613 205.90136 0.61359197 1.5772147 0.0
c 235.7924 -2.98613 205.90136 0.61560211 1.5772147 0.0
c 235.7924 -2.98613 205.90136 0.61761225 1.5772147 0.0
c 235.7924 -2.98613 205.90136 0.61962239 1.5772147 0.0
c 235.7924 -2.98613 205.90136 0.62163253 1.5772147 0.0
c 235.7924 -2.98613 205.90136 0.62364268 1.5772147 0.0
c 235.7924 -2.98613 205.90136 0.62565282 1.5772147 0.0
c 235.7924 -2.98613 205.90136 0.62766296 1.5772147 0.0
c 235.7924 -2.98613 205.90136 0.6296731 1.5772147 0.0
c 235.7924 -2.98613 205.90136 0.63168324 1.5772147 0.0
c 235.7924 -2.98613 205.90136 0.63369339 1.5772147 0.0
c 235.7924 -2.98613 205.90136 0.63570353 1.5772147 0.0
c 235.7924 -2.98613 205.90136 0.63771367 1.5772147 0.0
c 235.7924 -2.98613 205.90136 0.63972381 1.5772147 0.0
c 235.7924 -2.98613 205.90136 0.64173395 1.5772147 0.0
c 235.7924 -2.98613 205.90136 0.6437441 1.5772147 0.0
c 235.7924 -2.98613 205.90136 0.64575424 1.5772147 0.0
c 235.7924 -2.98613 205.90136 0.64776438 1.5772147 0.0
c 235.7924 -2.98613 205.90136 0.64977452 1.5772147 0.0
c 235.7924 -2.98613 205.90136 0.65178467 1.5772147 0.0
c 235.7924 -2.98613 205.90136 0.65379481 1.5772147 0.0
c 235.7924 -2.98613 205.90136 0.65580495 1.5772147 0.0
c 235.7924 -2.98613 205.90136 0.65781509 1.5772147 0.0
c 235.7924 -2.98613 205.90136 0.65982523 1.5772147 0.0
c 235.7924 -2.98613 205.90136 0.66183538 1.5772147 0.0
c 235.7924 -2.98613 205.90136 0.66384552 1.5772147 0.0
c 235.7924 -2.98613 205.90136 0.66585566 1.5772147 0.0
c 235.7924 -2.98613 205.90136 0.6678658 1.5772147 0.0
c 235.7924 -2.98613 205.90136 0.66987594 1.5772147 0.0
c 235.7924 -2.98613 205.90136 0.67188609 1.5772147 0.0
c 235.7924 -2.98613 205.90136 0.67389623 1.5772147 0.0
c 235.7924 -2.98613 205.90136 0.67590637 1.5772147 0.0
c 235.7924 -2.98613 205.90136 0.67791651 1.5772147 0.0
c 235.7924 -2.98613 205.90136 0.67992665 1.5772147 0.0
c 235.7924 -2.98613 205.90136 0.6819368 1.5772147 0.0
c 235.7924 -2.98613 205.90136 0.68394694 1.5772147 0.0
c 235.7924 -2.98613 205.90136 0.68595708 1.5772147 0.0
c 235.7924 -2.98613 205.90136 0.68796722 1.5772147 0.0
c 235.7924 -2.98613 205.90136 0.68997736 1.5772147 0.0
c 235.7924 -2.98613 205.90136 0.69198751 1.5772147 0.0
c 235.7924 -2.98613 205.90136 0.69399765 1.5772147 0.0
c 235.7924 -2.98613 205.90136 0.69600779 1.5772147 0.0
c 235.7924 -2.98613 205.90136 0.69801793 1.5772147 0.0
c 235.7924 -2.98613 205.90136 0.70002808 1.5772147 0.0
c 235.7924 -2.98613 205.90136 0.70203822 1.5772147 0.0
c 235.7924 -2.98613 205.90136 0.70404836 1.5772147 0.0
c 235.7924 -2.98613 205.90136 0.7060585 1.5772147 0.0
c 235.7924 -2.98613 205.90136 0.70806864 1.5772147 0.0
c 235.7924 -2.98613 205.90136 0.71007879 1.5772147 0.0
c 235.7924 -2.98613 205.90136 0.71208893 1.5772147 0.0
c 235.7924 -2.98613 205.90136 0.71409907 1.5772147 0.0
c 235.7924 -2.98613 205.90136 0.71610921 1.5772147 0.0
c 235.7924 -2.98613 205.90136 0.71811935 1.5772147 0.0
c 235.7924 -2.98613 205.90136 0.7201295 1.5772147 0.0
c 235.7924 -2.98613 205.90136 0.72213964 1.5772147 0.0
c 235.7924 -2.98613 205.90136 0.72414978 1.5772147 0.0
c 235.7924 -2.98613 205.90136 0.72615992 1.5772147 0.0
c 235.7924 -2.98613 205.90136 0.72817006 1.5772147 0.0
c 235.7924 -2.98613 205.90136 0.73018021 1.5772147 0.0
c 235.7924 -2.98613 205.90136 0.73219035 1.5772147 0.0
c 235.7924 -2.98613 205.90136 0.73420049 1.5772147 0.0
c 235.7924 -2.98613 205.90136 0.73621063 1.5772147 0.0
c 235.7924 -2.98613 205.90136 0.73822077 1.5772147 0.0
c 235.7924 -2.98613 205.90136 0.74023092 1.5772147 0.0
c 235.7924 -2.98613 205.90136 0.74224106 1.5772147 0.0
c 235.7924 -2.98613 205.90136 0.7442512 1.5772147 0.0
c 235.7924 -2.98613 205.90136 0.74626134 1.5772147 0.0
c 235.7924 -2.98613 205.90136 0.74827149 1.5772147 0.0
c 235.7924 -2.98613 205.90136 0.75028163 1.5772147 0.0
c 235.7924 -2.98613 205.90136 0.75229177 1.5772147 0.0
c 235.7924 -2.98613 205.90136 0.75430191 1.5772147 0.0
c 235.7924 -2.98613 205.90136 0.75631205 1.5772147 0.0
c 235.7924 -2.98613 205.90136 0.7583222 1.5772147 0.0
c 235.7924 -2.98613 205.90136 0.76033234 1.5772147 0.0
c 235.7924 -2.98613 205.90136 0.76234248 1.5772147 0.0
c 235.7924 -2.98613 205.90136 0.76435262 1.5772147 0.0
c 235.7924 -2.98613 205.90136 0.76636276 1.5772147 0.0
c 235.7924 -2.98613 205.90136 0.76837291 1.5772147 0.0
c 235.7924 -2.98613 205.90136 0.77038305 1.5772147 0.0
c 235.7924 -2.98613 205.90136 0.77239319 1.5772147 0.0
c 235.7924 -2.98613 205.90136 0.77440333 1.5772147 0.0
c 235.7924 -2.98613 205.90136 0.77641347 1.5772147 0.0
c 235.7924 -2.98613 205.90136 0.77842362 1.5772147 0.0
c 235.7924 -2.98613 205.90136 0.78043376 1.5772147 0.0
c 235.7924 -2.98613 205.90136 0.7824439 1.5772147 0.0
c 235.7924 -2.98613 205.90136 0.78445404 1.5772147 0.0
c 235.7924 -2.98613 205.90136 0.78646418 1.5772147 0.0
c 235.7924 -2.98613 205.90136 0.78847433 1.5772147 0.0
c 235.7924 -2.98613 205.90136 0.79048447 1.5772147 0.0
c 235.7924 -2.98613 205.90136 0.79249461 1.5772147 0.0
c 235.7924 -2.98613 205.90136 0.79450475 1.5772147 0.0
c 235.7924 -2.98613 205.90136 0.7965149 1.5772147 0.0
c 235.7924 -2.98613 205.90136 0.79852504 1.5772147 0.0
c 235.7924 -2.98613 205.90136 0.80053518 1.5772147 0.0
c 235.7924 -2.98613 205.90136 0.80254532 1.5772147 0.0
c 235.7924 -2.98613 205.90136 0.80455546 1.5772147 0.0
c 235.7924 -2.98613 205.90136 0.80656561 1.5772147 0.0
c 235.7924 -2.98613 205.90136 0.80857575 1.5772147 0.0
c 235.7924 -2.98613 205.90136 0.81058589 1.5772147 0.0
c 235.7924 -2.98613 205.90136 0.81259603 1.5772147 0.0
c 235.7924 -2.98613 205.90136 0.81460617 1.5772147 0.0
c 235.7924 -2.98613 205.90136 0.81661632 1.5772147 0.0
c 235.7924 -2.98613 205.90136 0.81862646 1.5772147 0.0
c 235.7924 -2.98613 205.90136 0.8206366 1.5772147 0.0
c 235.7924 -2.98613 205.90136 0.82264674 1.5772147 0.0
c 235.7924 -2.98613 205.90136 0.82465688 1.5772147 0.0
c 235.7924 -2.98613 205.90136 0.82666703 1.5772147 0.0
c 235.7924 -2.98613 205.90136 0.82867717 1.5772147 0.0
c 235.7924 -2.98613 205.90136 0.83068731 1.5772147 0.0
c 235.7924 -2.98613 205.90136 0.83269745 1.5772147 0.0
c 235.7924 -2.98613 205.90136 0.83470759 1.5772147 0.0
c 235.7924 -2.98613 205.90136 0.83671774 1.5772147 0.0
c 235.7924 -2.98613 205.90136 0.83872788 1.5772147 0.0
c 235.7924 -2.98613 205.90136 0.84073802 1.5772147 0.0
c 235.7924 -2.98613 205.90136 0.84274816 1.5772147 0.0
c 235.7924 -2.98613 205.90136 0.84475831 1.5772147 0.0
c 235.7924 -2.98613 205.90136 0.84676845 1.5772147 0.0
c 235.7924 -2.98613 205.90136 0.84877859 1.5772147 0.0
c 235.7924 -2.98613 205.90136 0.85078873 1.5772147 0.0
c 235.7924 -2.98613 205.90136 0.85279887 1.5772147 0.0
c 235.7924 -2.98613 205.90136 0.85480902 1.5772147 0.0
c 235.7924 -2.98613 205.90136 0.85681916 1.5772147 0.0
c 235.7924 -2.98613 205.90136 0.8588293 1.5772147 0.0
c 235.7924 -2.98613 205.90136 0.8588293 1.5772147 0.0
c 235.7924 -2.98613 205.90136 0.8588293 1.57933531 0.0
c 235.7924 -2.98613 205.90136 0.8588293 1.58145592 0.0
c 235.7924 -2.98613 205.90136 0.8588293 1.58357653 0.0
c 235.7924 -2.98613 205.90136 0.8588293 1.58569714 0.0
c 235.7924 -2.98613 205.90136 0.8588293 1.58781775 0.0
c 235.7924 -2.98613 205.90136 0.8588293 1.58993837 0.0
c 235.7924 -2.98613 205.90136 0.8588293 1.59205898 0.0
c 235.7924 -2.98613 205.90136 0.8588293 1.59417959 0.0
c 235.7924 -2.98613 205.90136 0.8588293 1.5963002 0.0
c 235.7924 -2.98613 205.90136 0.8588293 1.59842081 0.0
c 235.7924 -2.98613 205.90136 0.8588293 1.60054142 0.0
c 235.7924 -2.98613 205.90136 0.8588293 1.60266203 0.0
c 235.7924 -2.98613 205.90136 0.8588293 1.60478264 0.0
c 235.7924 -2.98613 205.90136 0.8588293 1.60690325 0.0
c 235.7924 -2.98613 205.90136 0.8588293 1.60902386 0.0
c 235.7924 -2.98613 205.90136 0.8588293 1.61114447 0.0
c 235.7924 -2.98613 205.90136 0.8588293 1.61326509 0.0
c 235.7924 -2.98613 205.90136 0.8588293 1.6153857 0.0
c 235.7924 -2.98613 205.90136 0.8588293 1.61750631 0.0
c 235.7924 -2.98613 205.90136 0.8588293 1.61962692 0.0
c 235.7924 -2.98613 205.90136 0.8588293 1.62174753 0.0
c 235.7924 -2.98613 205.90136 0.8588293 1.62386814 0.0
c 235.7924 -2.98613 205.90136 0.8588293 1.62598875 0.0
c 235.7924 -2.98613 205.90136 0.8588293 1.62810936 0.0
c 235.7924 -2.98613 205.90136 0.8588293 1.63022997 0.0
c 235.7924 -2.98613 205.90136 0.8588293 1.63235058 0.0
c 235.7924 -2.98613 205.90136 0.8588293 1.63447119 0.0
c 235.7924 -2.98613 205.90136 0.8588293 1.63659181 0.0
c 235.7924 -2.98613 205.90136 0.8588293 1.63871242 0.0
c 235.7924 -2.98613 205.90136 0.8588293 1.64083303 0.0
c 235.7924 -2.98613 205.90136 0.8588293 1.64295364 0.0
c 235.7924 -2.98613 205.90136 0.8588293 1.64507425 0.0
c 235.7924 -2.98613 205.90136 0.8588293 1.64719486 0.0
c 235.7924 -2.98613 205.90136 0.8588293 1.64931547 0.0
c 235.7924 -2.98613 205.90136 0.8588293 1.65143608 0.0
c 235.7924 -2.98613 205.90136 0.8588293 1.65355669 0.0
c 235.7924 -2.98613 205.90136 0.8588293 1.6556773 0.0
c 235.7924 -2.98613 205.90136 0.8588293 1.65779791 0.0
c 235.7924 -2.98613 205.90136 0.8588293 1.65991853 0.0
c 235.7924 -2.98613 205.90136 0.8588293 1.66203914 0.0
c 235.7924 -2.98613 205.90136 0.8588293 1.66415975 0.0
c 235.7924 -2.98613 205.90136 0.8588293 1.66628036 0.0
c 235.7924 -2.98613 205.90136 0.8588293 1.66840097 0.0
c 235.7924 -2.98613 205.90136 0.8588293 1.67052158 0.0
c 235.7924 -2.98613 205.90136 0.8588293 1.67264219 0.0
c 235.7924 -2.98613 205.90136 0.8588293 1.6747628 0.0
c 235.7924 -2.98613 205.90136 0.8588293 1.67688341 0.0
c 235.7924 -2.98613 205.90136 0.8588293 1.67900402 0.0
c 235.7924 -2.98613 205.90136 0.8588293 1.68112463 0.0
c 235.7924 -2.98613 205.90136 0.8588293 1.68324525 0.0
c 235.7924 -2.98613 205.90136 0.8588293 1.68536586 0.0
c 235.7924 -2.98613 205.90136 0.8588293 1.68748647 0.0
c 235.7924 -2.98613 205.90136 0.8588293 1.68960708 0.0
c 235.7924 -2.98613 205.90136 0.8588293 1.69172769 0.0
c 235.7924 -2.98613 205.90136 0.8588293 1.6938483 0.0
c 235.7924 -2.98613 205.90136 0.8588293 1.6938483 0.0
c 236.00488 -2.98613 205.90136 0.8588293 1.67037687 0.0
c 236.21737 -2.98613 205.90136 0.8588293 1.64690544 0.0
c 236.42985 -2.98613 205.90136 0.8588293 1.623434 0.0
c 236.64233 -2.98613 205.90136 0.8588293 1.59996257 0.0
c 236.85482 -2.98613 205.90136 0.8588293 1.57649114 0.0
c 237.0673 -2.98613 205.90136 0.8588293 1.55301971 0.0
c 237.27978 -2.98613 205.90136 0.8588293 1.52954828 0.0
c 237.49226 -2.98613 205.90136 0.8588293 1.50607684 0.0
c 237.70475 -2.98613 205.90136 0.8588293 1.48260541 0.0
c 237.91723 -2.98613 205.90136 0.8588293 1.45913398 0.0
c 238.12971 -2.98613 205.90136 0.8588293 1.43566255 0.0
c 238.3422 -2.98613 205.90136 0.8588293 1.41219112 0.0
c 238.55468 -2.98613 205.90136 0.8588293 1.38871968 0.0
c 238.76716 -2.98613 205.90136 0.8588293 1.36524825 0.0
c 238.97965 -2.98613 205.90136 0.8588293 1.34177682 0.0
c 239.19213 -2.98613 205.90136 0.8588293 1.31830539 0.0
c 239.40461 -2.98613 205.90136 0.8588293 1.29483396 0.0
c 239.6171 -2.98613 205.90136 0.8588293 1.27136252 0.0
c 239.82958 -2.98613 205.90136 0.8588293 1.24789109 0.0
c 240.04206 -2.98613 205.90136 0.8588293 1.22441966 0.0
c 240.25455 -2.98613 205.90136 0.8588293 1.20094823 0.0
c 240.46703 -2.98613 205.90136 0.8588293 1.1774768 0.0
c 240.67951 -2.98613 205.90136 0.8588293 1.15400536 0.0
c 240.89199 -2.98613 205.90136 0.8588293 1.13053393 0.0
c 241.10448 -2.98613 205.90136 0.8588293 1.1070625 0.0
c 241.31696 -2.98613 205.90136 0.8588293 1.08359107 0.0
c 241.52944 -2.98613 205.90136 0.8588293 1.06011964 0.0
c 241.74193 -2.98613 205.90136 0.8588293 1.0366482 0.0
c 241.95441 -2.98613 205.90136 0.8588293 1.01317677 0.0
c 242.16689 -2.98613 205.90136 0.8588293 0.98970534 0.0
c 242.37938 -2.98613 205.90136 0.8588293 0.96623391 0.0
c 242.59186 -2.98613 205.90136 0.8588293 0.94276248 0.0
c 242.80434 -2.98613 205.90136 0.8588293 0.91929104 0.0
c 243.01683 -2.98613 205.90136 0.8588293 0.89581961 0.0
c 243.22931 -2.98613 205.90136 0.8588293 0.87234818 0.0
c 243.44179 -2.98613 205.90136 0.8588293 0.84887675 0.0
c 243.65427 -2.98613 205.90136 0.8588293 0.82540532 0.0
c 243.86676 -2.98613 205.90136 0.8588293 0.80193388 0.0
c 244.07924 -2.98613 205.90136 0.8588293 0.77846245 0.0
c 244.29172 -2.98613 205.90136 0.8588293 0.75499102 0.0
c 244.50421 -2.98613 205.90136 0.8588293 0.73151959 0.0
c 244.71669 -2.98613 205.90136 0.8588293 0.70804816 0.0
c 244.92917 -2.98613 205.90136 0.8588293 0.68457672 0.0
c 245.14166 -2.98613 205.90136 0.8588293 0.66110529 0.0
c 245.35414 -2.98613 205.90136 0.8588293 0.63763386 0.0
c 245.56662 -2.98613 205.90136 0.8588293 0.61416243 0.0
c 245.77911 -2.98613 205.90136 0.8588293 0.590691 0.0
c 245.99159 -2.98613 205.90136 0.8588293 0.56721956 0.0
c 246.20407 -2.98613 205.90136 0.8588293 0.54374813 0.0
c 246.41656 -2.98613 205.90136 0.8588293 0.5202767 0.0
