c 426.95513 0.0 345.98 0.0 0.0 0.0
t 100
c 426.95513 0.0 345.98 0.0 0.0 0.0
t 101
c 426.95513 0.0 345.98 0.0 0.0 0.0
t 102
c 426.95513 0.0 345.98 0.0 0.0 0.0
t 103
c 426.95513 0.0 345.98 0.0 0.0 0.0
t 103
c 426.95513 0.0 345.98 0.0 0.0 0.0
t 105
c 426.95513 0.0 345.98 0.0 0.0 0.0
t 106
c 426.95513 0.0 345.98 0.0 0.0 0.0
t 106
c 426.95513 0.0 345.98 0.0 0.0 0.0
t 108
c 426.95513 0.0 345.98 0.0 0.0 0.0
t 109
c 426.95513 0.0 345.98 0.0 0.0 0.0
t 110
c 426.95513 0.0 345.98 0.0 0.0 0.0
t 111
c 426.95513 0.0 345.98 0.0 0.0 0.0
t 112
c 426.95513 0.0 345.98 0.0 0.0 0.0
t 113
c 426.95513 0.0 345.98 0.0 0.0 0.0
t 114
c 426.95513 0.0 345.98 0.0 0.0 0.0
t 115
c 426.95513 0.0 345.98 0.0 0.0 0.0
t 116
c 426.95513 0.0 345.98 0.0 0.0 0.0
t 117
c 426.95513 0.0 345.98 0.0 0.0 0.0
t 118
c 426.95513 0.0 345.98 0.0 0.0 0.0
t 119
c 426.95513 0.0 345.98 0.0 0.0 0.0
t 120
c 426.95513 0.0 345.98 0.0 0.0 0.0
t 121
c 426.95513 0.0 345.98 0.0 0.0 0.0
t 122
c 426.95513 0.0 345.98 0.0 0.0 0.0
t 123
c 426.95513 0.0 345.98 0.0 0.0 0.0
t 124
c 426.95513 0.0 345.98 0.0 0.0 0.0
t 125
c 426.95513 0.0 345.98 0.0 0.0 0.0
t 126
c 426.95513 0.0 345.98 0.0 0.0 0.0
t 127
c 426.95513 0.0 345.98 0.0 0.0 0.0
t 128
c 426.95513 0.0 345.98 0.0 0.0 0.0
t 129
c 426.95513 0.0 345.98 0.0 0.0 0.0
t 130
c 426.95513 0.0 345.98 0.0 0.0 0.0
t 131
c 426.95513 0.0 345.98 0.0 0.0 0.0
t 132
c 426.95513 0.0 345.98 0.0 0.0 0.0
t 133
c 426.95513 0.0 345.98 0.0 0.0 0.0
t 134
c 426.95513 0.0 345.98 0.0 0.0 0.0
t 135
c 426.95513 0.0 345.98 0.0 0.0 0.0
t 136
c 426.95513 0.0 345.98 0.0 0.0 0.0
t 137
c 426.95513 0.0 345.98 0.0 0.0 0.0
t 138
c 426.95513 0.0 345.98 0.0 0.0 0.0
t 139
c 426.95513 0.0 345.98 0.0 0.0 0.0
t 140
c 426.95513 0.0 345.98 0.0 0.0 0.0
t 140
c 426.95513 0.0 345.98 0.0 0.0 0.0
t 141
c 426.95513 0.0 345.98 0.0 0.0 0.0
t 142
c 426.95513 0.0 345.98 0.0 0.0 0.0
t 143
c 426.95513 0.0 345.98 0.0 0.0 0.0
t 144
c 426.95513 0.0 345.98 0.0 0.0 0.0
t 145
c 426.95513 0.0 345.98 0.0 0.0 0.0
t 146
c 426.95513 0.0 345.98 0.0 0.0 0.0
t 147
c 426.95513 0.0 345.98 0.0 0.0 0.0
t 148
c 426.95513 0.0 345.98 0.0 0.0 0.0
t 149
c 426.95513 0.0 345.98 0.0 0.0 0.0
t 150
c 426.95513 0.0 345.98 0.0 0.0 0.0
t 151
c 426.95513 0.0 345.98 0.0 0.0 0.0
t 152
c 426.95513 0.0 345.98 0.0 0.0 0.0
t 153
c 426.95513 0.0 345.98 0.0 0.0 0.0
t 154
c 426.95513 0.0 345.98 0.0 0.0 0.0
t 155
c 426.95513 0.0 345.98 0.0 0.0 0.0
t 156
c 426.95513 0.0 345.98 0.0 0.0 0.0
t 157
c 426.95513 0.0 345.98 0.0 0.0 0.0
t 158
c 426.95513 0.0 345.98 0.0 0.0 0.0
t 159
c 426.95513 0.0 345.98 -0.00334634 3.148e-05 0.00039159
t 158
c 426.95513 0.0 345.98 -0.00669267 6.297e-05 0.00078319
t 159
c 426.95513 0.0 345.98 -0.01003901 9.445e-05 0.00117478
t 159
c 426.95513 0.0 345.98 -0.01338534 0.00012593 0.00156638
t 159
c 426.95513 0.0 345.98 -0.01673168 0.00015741 0.00195797
t 159
c 426.95513 0.0 345.98 -0.02007801 0.0001889 0.00234956
t 159
c 426.95513 0.0 345.98 -0.02342435 0.00022038 0.00274116
t 159
c 426.95513 0.0 345.98 -0.02677068 0.00025186 0.00313275
t 159
c 426.95513 0.0 345.98 -0.03011702 0.00028335 0.00352435
t 159
c 426.95513 0.0 345.98 -0.03346335 0.00031483 0.00391594
t 159
c 426.95513 0.0 345.98 -0.03680969 0.00034631 0.00430754
t 158
c 426.95513 0.0 345.98 -0.04015602 0.00037779 0.00469913
t 159
c 426.95513 0.0 345.98 -0.04350236 0.00040928 0.00509072
t 159
c 426.95513 0.0 345.98 -0.04684869 0.00044076 0.00548232
t 159
c 426.95513 0.0 345.98 -0.05019503 0.00047224 0.00587391
t 159
c 426.95513 0.0 345.98 -0.05354136 0.00050373 0.00626551
t 159
c 426.95513 0.0 345.98 -0.0568877 0.00053521 0.0066571
t 159
c 426.95513 0.0 345.98 -0.06023403 0.00056669 0.00704869
t 159
c 426.95513 0.0 345.98 -0.06358037 0.00059817 0.00744029
t 159
c 426.95513 0.0 345.98 -0.0669267 0.00062966 0.00783188
t 159
c 426.95513 0.0 345.98 -0.07027304 0.00066114 0.00822348
t 158
c 426.95513 0.0 345.98 -0.07361937 0.00069262 0.00861507
t 159
c 426.95513 0.0 345.98 -0.07696571 0.00072411 0.00900667
t 159
c 426.95513 0.0 345.98 -0.08031204 0.00075559 0.00939826
t 159
c 426.95513 0.0 345.98 -0.08365838 0.00078707 0.00978985
t 159
c 426.95513 0.0 345.98 -0.08700471 0.00081855 0.01018145
t 159
c 426.95513 0.0 345.98 -0.09035105 0.00085004 0.01057304
t 159
c 426.95513 0.0 345.98 -0.09369738 0.00088152 0.01096464
t 159
c 426.95513 0.0 345.98 -0.09704372 0.000913 0.01135623
t 159
c 426.95513 0.0 345.98 -0.10039005 0.00094449 0.01174782
t 159
c 426.95513 0.0 345.98 -0.10373639 0.00097597 0.01213942
t 159
c 426.95513 0.0 345.98 -0.10708272 0.00100745 0.01253101
t 159
c 426.95513 0.0 345.98 -0.11042906 0.00103893 0.01292261
t 159
c 426.95513 0.0 345.98 -0.11377539 0.00107042 0.0133142
t 159
c 426.95513 0.0 345.98 -0.11712173 0.0011019 0.01370579
t 159
c 426.95513 0.0 345.98 -0.12046806 0.00113338 0.01409739
t 159
c 426.95513 0.0 345.98 -0.1238144 0.00116487 0.01448898
t 159
c 426.95513 0.0 345.98 -0.12716073 0.00119635 0.01488058
t 159
c 426.95513 0.0 345.98 -0.13050707 0.00122783 0.01527217
t 159
c 426.95513 0.0 345.98 -0.1338534 0.00125931 0.01566377
t 159
c 426.95513 0.0 345.98 -0.13719974 0.0012908 0.01605536
t 159
c 426.95513 0.0 345.98 -0.14054607 0.00132228 0.01644695
t 159
c 426.95513 0.0 345.98 -0.14389241 0.00135376 0.01683855
t 159
c 426.95513 0.0 345.98 -0.14723874 0.00138525 0.01723014
t 159
c 426.95513 0.0 345.98 -0.15058508 0.00141673 0.01762174
t 159
c 426.95513 0.0 345.98 -0.15393141 0.00144821 0.01801333
t 159
c 426.95513 0.0 345.98 -0.15727775 0.00147969 0.01840492
t 159
c 426.95513 0.0 345.98 -0.16062408 0.00151118 0.01879652
t 159
c 426.95513 0.0 345.98 -0.16397042 0.00154266 0.01918811
t 159
c 426.95513 0.0 345.98 -0.16731675 0.00157414 0.01957971
t 159
c 426.95513 0.0 345.98 -0.17066309 0.00160563 0.0199713
t 159
c 426.95513 0.0 345.98 -0.17400942 0.00163711 0.0203629
t 159
c 426.95513 0.0 345.98 -0.17735576 0.00166859 0.02075449
t 159
c 426.95513 0.0 345.98 -0.18070209 0.00170007 0.02114608
t 159
c 426.95513 0.0 345.98 -0.18404843 0.00173156 0.02153768
t 159
c 426.95513 0.0 345.98 -0.18739476 0.00176304 0.02192927
t 159
c 426.95513 0.0 345.98 -0.1907411 0.00179452 0.02232087
t 159
c 426.95513 0.0 345.98 -0.19408743 0.00182601 0.02271246
t 159
c 426.95513 0.0 345.98 -0.19743377 0.00185749 0.02310405
t 159
c 426.95513 0.0 345.98 -0.2007801 0.00188897 0.02349565
t 159
c 426.95513 0.0 345.98 -0.20412644 0.00192045 0.02388724
t 159
c 426.95513 0.0 345.98 -0.20747277 0.00195194 0.02427884
t 159
c 426.95513 0.0 345.98 -0.21081911 0.00198342 0.02467043
t 159
c 426.95513 0.0 345.98 -0.21416544 0.0020149 0.02506203
t 159
c 426.95513 0.0 345.98 -0.21751178 0.00204639 0.02545362
t 159
c 426.95513 0.0 345.98 -0.22085811 0.00207787 0.02584521
t 159
c 426.95513 0.0 345.98 -0.22420445 0.00210935 0.02623681
t 159
c 426.95513 0.0 345.98 -0.22755078 0.00214083 0.0266284
t 159
c 426.95513 0.0 345.98 -0.23089712 0.00217232 0.02702
t 159
c 426.95513 0.0 345.98 -0.23424345 0.0022038 0.02741159
t 159
c 426.95513 0.0 345.98 -0.23758979 0.00223528 0.02780318
t 159
c 426.95513 0.0 345.98 -0.24093612 0.00226677 0.02819478
t 159
c 426.95513 0.0 345.98 -0.24428246 0.00229825 0.02858637
t 159
c 426.95513 0.0 345.98 -0.24762879 0.00232973 0.02897797
t 159
c 426.95513 0.0 345.98 -0.25097513 0.00236121 0.02936956
t 159
c 426.95513 0.0 345.98 -0.25432146 0.0023927 0.02976115
t 159
c 426.95513 0.0 345.98 -0.2576678 0.00242418 0.03015275
t 159
c 426.95513 0.0 345.98 -0.26101413 0.00245566 0.03054434
t 159
c 426.95513 0.0 345.98 -0.26436047 0.00248715 0.03093594
t 159
c 426.95513 0.0 345.98 -0.2677068 0.00251863 0.03132753
t 159
c 426.95513 0.0 345.98 -0.27105314 0.00255011 0.03171913
t 159
c 426.95513 0.0 345.98 -0.27439947 0.00258159 0.03211072
t 159
c 426.95513 0.0 345.98 -0.27774581 0.00261308 0.03250231
t 159
c 426.95513 0.0 345.98 -0.28109214 0.00264456 0.03289391
t 159
c 426.95513 0.0 345.98 -0.28443848 0.00267604 0.0332855
t 159
c 426.95513 0.0 345.98 -0.28778481 0.00270753 0.0336771
t 159
c 426.95513 0.0 345.98 -0.29113115 0.00273901 0.03406869
t 159
c 426.95513 0.0 345.98 -0.29447748 0.00277049 0.03446028
t 159
c 426.95513 0.0 345.98 -0.29782382 0.00280197 0.03485188
t 159
c 426.95513 0.0 345.98 -0.30117015 0.00283346 0.03524347
t 159
c 426.95513 0.0 345.98 -0.30451649 0.00286494 0.03563507
t 159
c 426.95513 0.0 345.98 -0.30786282 0.00289642 0.03602666
t 159
c 426.95513 0.0 345.98 -0.31120916 0.00292791 0.03641826
t 159
c 426.95513 0.0 345.98 -0.31455549 0.00295939 0.03680985
t 159
c 426.95513 0.0 345.98 -0.31790183 0.00299087 0.03720144
t 159
c 426.95513 0.0 345.98 -0.32124816 0.00302235 0.03759304
t 159
c 426.95513 0.0 345.98 -0.3245945 0.00305384 0.03798463
t 159
c 426.95513 0.0 345.98 -0.32794083 0.00308532 0.03837623
t 159
c 426.95513 0.0 345.98 -0.33128717 0.0031168 0.03876782
t 159
c 426.95513 0.0 345.98 -0.3346335 0.00314829 0.03915941
t 159
c 426.95513 0.0 345.98 -0.33797984 0.00317977 0.03955101
t 159
c 426.95513 0.0 345.98 -0.34132617 0.00321125 0.0399426
t 159
c 426.95513 0.0 345.98 -0.34467251 0.00324273 0.0403342
t 159
c 426.95513 0.0 345.98 -0.34801884 0.00327422 0.04072579
t 159
c 426.95513 0.0 345.98 -0.35136518 0.0033057 0.04111738
t 159
c 426.95513 0.0 345.98 -0.35471151 0.00333718 0.04150898
t 159
c 426.95513 0.0 345.98 -0.35805785 0.00336867 0.04190057
t 159
c 426.95513 0.0 345.98 -0.36140418 0.00340015 0.04229217
t 159
c 426.95513 0.0 345.98 -0.36475052 0.00343163 0.04268376
t 159
c 426.95513 0.0 345.98 -0.36809685 0.00346311 0.04307536
t 159
c 426.95513 0.0 345.98 -0.37144319 0.0034946 0.04346695
t 159
c 426.95513 0.0 345.98 -0.37478952 0.00352608 0.04385854
t 159
c 426.95513 0.0 345.98 -0.37813586 0.00355756 0.04425014
t 159
c 426.95513 0.0 345.98 -0.38148219 0.00358905 0.04464173
t 159
c 426.95513 0.0 345.98 -0.38482853 0.00362053 0.04503333
t 159
c 426.95513 0.0 345.98 -0.38817486 0.00365201 0.04542492
t 159
c 426.95513 0.0 345.98 -0.3915212 0.00368349 0.04581651
t 159
c 426.95513 0.0 345.98 -0.39486753 0.00371498 0.04620811
t 159
c 426.95513 0.0 345.98 -0.39821387 0.00374646 0.0465997
t 159
c 426.95513 0.0 345.98 -0.4015602 0.00377794 0.0469913
t 159
c 426.95513 0.0 345.98 -0.40490654 0.00380943 0.04738289
t 159
c 426.95513 0.0 345.98 -0.40825287 0.00384091 0.04777449
t 159
c 426.95513 0.0 345.98 -0.41159921 0.00387239 0.04816608
t 159
c 426.95513 0.0 345.98 -0.41494554 0.00390387 0.04855767
t 159
c 426.95513 0.0 345.98 -0.41829188 0.00393536 0.04894927
t 159
c 426.95513 0.0 345.98 -0.42163821 0.00396684 0.04934086
t 159
c 426.95513 0.0 345.98 -0.42498455 0.00399832 0.04973246
t 159
c 426.95513 0.0 345.98 -0.42833088 0.00402981 0.05012405
t 159
c 426.95513 0.0 345.98 -0.43167722 0.00406129 0.05051564
t 159
c 426.95513 0.0 345.98 -0.43502355 0.00409277 0.05090724
t 159
c 426.95513 0.0 345.98 -0.43836989 0.00412425 0.05129883
t 159
c 426.95513 0.0 345.98 -0.44171622 0.00415574 0.05169043
t 159
c 426.95513 0.0 345.98 -0.44506256 0.00418722 0.05208202
t 159
c 426.95513 0.0 345.98 -0.44840889 0.0042187 0.05247362
t 159
c 426.95513 0.0 345.98 -0.45175523 0.00425019 0.05286521
t 159
c 426.95513 0.0 345.98 -0.45510156 0.00428167 0.0532568
t 159
c 426.95513 0.0 345.98 -0.4584479 0.00431315 0.0536484
t 159
c 426.95513 0.0 345.98 -0.46179423 0.00434463 0.05403999
t 159
c 426.95513 0.0 345.98 -0.46514057 0.00437612 0.05443159
t 159
c 426.95513 0.0 345.98 -0.4684869 0.0044076 0.05482318
t 159
c 426.95513 0.0 345.98 -0.47183324 0.00443908 0.05521477
t 159
c 426.95513 0.0 345.98 -0.47517957 0.00447057 0.05560637
t 159
c 426.95513 0.0 345.98 -0.47852591 0.00450205 0.05599796
t 159
c 426.95513 0.0 345.98 -0.48187224 0.00453353 0.05638956
t 159
c 426.95513 0.0 345.98 -0.48521858 0.00456501 0.05678115
t 159
c 426.95513 0.0 345.98 -0.48856491 0.0045965 0.05717274
t 159
c 426.95513 0.0 345.98 -0.49191125 0.00462798 0.05756434
t 159
c 426.95513 0.0 345.98 -0.49525758 0.00465946 0.05795593
t 159
c 426.95513 0.0 345.98 -0.49860392 0.00469095 0.05834753
t 159
c 426.95513 0.0 345.98 -0.50195025 0.00472243 0.05873912
t 159
c 426.95513 0.0 345.98 -0.50529659 0.00475391 0.05913072
t 159
c 426.95513 0.0 345.98 -0.50864292 0.00478539 0.05952231
t 159
c 426.95513 0.0 345.98 -0.51198926 0.00481688 0.0599139
t 159
c 426.95513 0.0 345.98 -0.51533559 0.00484836 0.0603055
t 159
c 426.95513 0.0 345.98 -0.51868193 0.00487984 0.06069709
t 159
c 426.95513 0.0 345.98 -0.52202826 0.00491133 0.06108869
t 159
c 426.95513 0.0 345.98 -0.5253746 0.00494281 0.06148028
t 159
c 426.95513 0.0 345.98 -0.52872093 0.00497429 0.06187187
t 159
c 426.95513 0.0 345.98 -0.53206727 0.00500577 0.06226347
t 159
c 426.95513 0.0 345.98 -0.5354136 0.00503726 0.06265506
t 159
c 426.95513 0.0 345.98 -0.53875994 0.00506874 0.06304666
t 159
c 426.95513 0.0 345.98 -0.54210627 0.00510022 0.06343825
t 159
c 426.95513 0.0 345.98 -0.54545261 0.00513171 0.06382985
t 159
c 426.95513 0.0 345.98 -0.54879894 0.00516319 0.06422144
t 159
c 426.95513 0.0 345.98 -0.55214528 0.00519467 0.06461303
t 159
c 426.95513 0.0 345.98 -0.55549161 0.00522615 0.06500463
t 159
c 426.95513 0.0 345.98 -0.55883795 0.00525764 0.06539622
t 159
c 426.95513 0.0 345.98 -0.56218428 0.00528912 0.06578782
t 159
c 426.95513 0.0 345.98 -0.56553062 0.0053206 0.06617941
t 159
c 426.95513 0.0 345.98 -0.56887695 0.00535209 0.066571
t 159
c 426.95513 0.0 345.98 -0.57222329 0.00538357 0.0669626
t 159
c 426.95513 0.0 345.98 -0.57556962 0.00541505 0.06735419
t 159
c 426.95513 0.0 345.98 -0.57891596 0.00544653 0.06774579
t 159
c 426.95513 0.0 345.98 -0.58226229 0.00547802 0.06813738
t 159
c 426.95513 0.0 345.98 -0.58560863 0.0055095 0.06852897
t 159
c 426.95513 0.0 345.98 -0.58895496 0.00554098 0.06892057
t 159
c 426.95513 0.0 345.98 -0.5923013 0.00557247 0.06931216
t 159
c 426.95513 0.0 345.98 -0.59564763 0.00560395 0.06970376
t 159
c 426.95513 0.0 345.98 -0.59899397 0.00563543 0.07009535
t 159
c 426.95513 0.0 345.98 -0.6023403 0.00566691 0.07048695
t 159
c 426.95513 0.0 345.98 -0.60568664 0.0056984 0.07087854
t 159
c 426.95513 0.0 345.98 -0.60903297 0.00572988 0.07127013
t 159
c 426.95513 0.0 345.98 -0.61237931 0.00576136 0.07166173
t 159
c 426.95513 0.0 345.98 -0.61572564 0.00579285 0.07205332
t 159
c 426.95513 0.0 345.98 -0.61907198 0.00582433 0.07244492
t 159
c 426.95513 0.0 345.98 -0.62241831 0.00585581 0.07283651
t 159
c 426.95513 0.0 345.98 -0.62576465 0.00588729 0.0732281
t 159
c 426.95513 0.0 345.98 -0.62911098 0.00591878 0.0736197
t 159
c 426.95513 0.0 345.98 -0.63245732 0.00595026 0.07401129
t 159
c 426.95513 0.0 345.98 -0.63580365 0.00598174 0.07440289
t 159
c 426.95513 0.0 345.98 -0.63914999 0.00601323 0.07479448
t 159
c 426.95513 0.0 345.98 -0.64249632 0.00604471 0.07518608
t 159
c 426.95513 0.0 345.98 -0.64584266 0.00607619 0.07557767
t 159
c 426.95513 0.0 345.98 -0.64918899 0.00610767 0.07596926
t 159
c 426.95513 0.0 345.98 -0.65253533 0.00613916 0.07636086
t 159
c 426.95513 0.0 345.98 -0.65588166 0.00617064 0.07675245
t 159
c 426.95513 0.0 345.98 -0.659228 0.00620212 0.07714405
t 159
c 426.95513 0.0 345.98 -0.66257433 0.00623361 0.07753564
t 159
c 426.95513 0.0 345.98 -0.66592067 0.00626509 0.07792723
t 159
c 426.95513 0.0 345.98 -0.669267 0.00629657 0.07831883
t 159
c 426.95513 0.0 345.98 -0.67261334 0.00632805 0.07871042
t 159
c 426.95513 0.0 345.98 -0.67595967 0.00635954 0.07910202
t 159
c 426.95513 0.0 345.98 -0.67930601 0.00639102 0.07949361
t 159
c 426.95513 0.0 345.98 -0.68265234 0.0064225 0.07988521
t 159
c 426.95513 0.0 345.98 -0.68599868 0.00645399 0.0802768
t 159
c 426.95513 0.0 345.98 -0.68934501 0.00648547 0.08066839
t 159
c 426.95513 0.0 345.98 -0.69269135 0.00651695 0.08105999
t 159
c 426.95513 0.0 345.98 -0.69603768 0.00654843 0.08145158
t 159
c 426.95513 0.0 345.98 -0.69938402 0.00657992 0.08184318
t 159
c 426.95513 0.0 345.98 -0.70273035 0.0066114 0.08223477
t 159
c 426.95513 0.0 345.98 -0.70607669 0.00664288 0.08262636
t 159
c 426.95513 0.0 345.98 -0.70942302 0.00667437 0.08301796
t 159
c 426.95513 0.0 345.98 -0.71276936 0.00670585 0.08340955
t 159
c 426.95513 0.0 345.98 -0.71611569 0.00673733 0.08380115
t 159
c 426.95513 0.0 345.98 -0.71946203 0.00676881 0.08419274
t 159
c 426.95513 0.0 345.98 -0.72280836 0.0068003 0.08458433
t 159
c 426.95513 0.0 345.98 -0.7261547 0.00683178 0.08497593
t 159
c 426.95513 0.0 345.98 -0.72950103 0.00686326 0.08536752
t 159
c 426.95513 0.0 345.98 -0.73284737 0.00689475 0.08575912
t 159
c 426.95513 0.0 345.98 -0.7361937 0.00692623 0.08615071
t 159
c 426.95513 0.0 345.98 -0.73954004 0.00695771 0.08654231
t 159
c 426.95513 0.0 345.98 -0.74288637 0.00698919 0.0869339
t 159
c 426.95513 0.0 345.98 -0.74623271 0.00702068 0.08732549
t 159
c 426.95513 0.0 345.98 -0.74957904 0.00705216 0.08771709
t 159
c 426.95513 0.0 345.98 -0.75292538 0.00708364 0.08810868
t 159
c 426.95513 0.0 345.98 -0.75627171 0.00711513 0.08850028
t 159
c 426.95513 0.0 345.98 -0.75961805 0.00714661 0.08889187
t 159
c 426.95513 0.0 345.98 -0.76296438 0.00717809 0.08928346
t 159
c 426.95513 0.0 345.98 -0.76631072 0.00720957 0.08967506
t 159
c 426.95513 0.0 345.98 -0.76965705 0.00724106 0.09006665
t 159
c 426.95513 0.0 345.98 -0.77300339 0.00727254 0.09045825
t 159
c 426.95513 0.0 345.98 -0.77634972 0.00730402 0.09084984
t 159
c 426.95513 0.0 345.98 -0.77969606 0.00733551 0.09124144
t 159
c 426.95513 0.0 345.98 -0.78304239 0.00736699 0.09163303
t 159
c 426.95513 0.0 345.98 -0.78638873 0.00739847 0.09202462
t 159
c 426.95513 0.0 345.98 -0.78973506 0.00742995 0.09241622
t 159
c 426.95513 0.0 345.98 -0.7930814 0.00746144 0.09280781
t 159
c 426.95513 0.0 345.98 -0.79642773 0.00749292 0.09319941
t 159
c 426.95513 0.0 345.98 -0.79977407 0.0075244 0.093591
t 159
c 426.95513 0.0 345.98 -0.8031204 0.00755589 0.09398259
t 159
c 426.95513 0.0 345.98 -0.80646674 0.00758737 0.09437419
t 159
c 426.95513 0.0 345.98 -0.80981307 0.00761885 0.09476578
t 159
c 426.95513 0.0 345.98 -0.81315941 0.00765033 0.09515738
t 159
c 426.95513 0.0 345.98 -0.81650574 0.00768182 0.09554897
t 159
c 426.95513 0.0 345.98 -0.81985208 0.0077133 0.09594056
t 159
c 426.95513 0.0 345.98 -0.82319841 0.00774478 0.09633216
t 159
c 426.95513 0.0 345.98 -0.82654475 0.00777627 0.09672375
t 159
c 426.95513 0.0 345.98 -0.82989108 0.00780775 0.09711535
t 159
c 426.95513 0.0 345.98 -0.83323742 0.00783923 0.09750694
t 159
c 426.95513 0.0 345.98 -0.83658375 0.00787071 0.09789854
t 159
c 426.95513 0.0 345.98 -0.83993009 0.0079022 0.09829013
t 159
c 426.95513 0.0 345.98 -0.84327642 0.00793368 0.09868172
t 159
c 426.95513 0.0 345.98 -0.84662276 0.00796516 0.09907332
t 159
c 426.95513 0.0 345.98 -0.84996909 0.00799665 0.09946491
t 159
c 426.95513 0.0 345.98 -0.85331543 0.00802813 0.09985651
t 159
c 426.95513 0.0 345.98 -0.85666176 0.00805961 0.1002481
t 159
c 426.95513 0.0 345.98 -0.8600081 0.00809109 0.10063969
t 159
c 426.95513 0.0 345.98 -0.86335443 0.00812258 0.10103129
t 159
c 426.95513 0.0 345.98 -0.86670077 0.00815406 0.10142288
t 159
c 426.95513 0.0 345.98 -0.8700471 0.00818554 0.10181448
t 159
c 426.95513 0.0 345.98 -0.87339344 0.00821703 0.10220607
t 159
c 426.95513 0.0 345.98 -0.87673977 0.00824851 0.10259767
t 159
c 426.95513 0.0 345.98 -0.88008611 0.00827999 0.10298926
t 159
c 426.95513 0.0 345.98 -0.88343244 0.00831147 0.10338085
t 159
c 426.95513 0.0 345.98 -0.88677878 0.00834296 0.10377245
t 159
c 426.95513 0.0 345.98 -0.89012511 0.00837444 0.10416404
t 159
c 426.95513 0.0 345.98 -0.89347145 0.00840592 0.10455564
t 159
c 426.95513 0.0 345.98 -0.89681778 0.00843741 0.10494723
t 159
c 426.95513 0.0 345.98 -0.90016412 0.00846889 0.10533882
t 159
c 426.95513 0.0 345.98 -0.90351045 0.00850037 0.10573042
t 159
c 426.95513 0.0 345.98 -0.90685679 0.00853185 0.10612201
t 159
c 426.95513 0.0 345.98 -0.91020312 0.00856334 0.10651361
t 159
c 426.95513 0.0 345.98 -0.91354946 0.00859482 0.1069052
t 159
c 426.95513 0.0 345.98 -0.91689579 0.0086263 0.1072968
t 159
c 426.95513 0.0 345.98 -0.92024213 0.00865779 0.10768839
t 159
c 426.95513 0.0 345.98 -0.92358846 0.00868927 0.10807998
t 159
c 426.95513 0.0 345.98 -0.9269348 0.00872075 0.10847158
t 159
c 426.95513 0.0 345.98 -0.93028113 0.00875223 0.10886317
t 159
c 426.95513 0.0 345.98 -0.93362747 0.00878372 0.10925477
t 159
c 426.95513 0.0 345.98 -0.9369738 0.0088152 0.10964636
t 159
c 426.95513 0.0 345.98 -0.94032014 0.00884668 0.11003795
t 159
c 426.95513 0.0 345.98 -0.94366647 0.00887817 0.11042955
t 159
c 426.95513 0.0 345.98 -0.94701281 0.00890965 0.11082114
t 159
c 426.95513 0.0 345.98 -0.95035914 0.00894113 0.11121274
t 159
c 426.95513 0.0 345.98 -0.95370548 0.00897261 0.11160433
t 159
c 426.95513 0.0 345.98 -0.95705181 0.0090041 0.11199592
t 159
c 426.95513 0.0 345.98 -0.96039815 0.00903558 0.11238752
t 159
c 426.95513 0.0 345.98 -0.96374448 0.00906706 0.11277911
t 159
c 426.95513 0.0 345.98 -0.96709082 0.00909855 0.11317071
t 159
c 426.95513 0.0 345.98 -0.97043715 0.00913003 0.1135623
t 159
c 426.95513 0.0 345.98 -0.97378349 0.00916151 0.1139539
t 159
c 426.95513 0.0 345.98 -0.97712982 0.00919299 0.11434549
t 159
c 426.95513 0.0 345.98 -0.98047616 0.00922448 0.11473708
t 159
c 426.95513 0.0 345.98 -0.98382249 0.00925596 0.11512868
t 159
c 426.95513 0.0 345.98 -0.98716883 0.00928744 0.11552027
t 159
c 426.95513 0.0 345.98 -0.99051516 0.00931893 0.11591187
t 159
c 426.95513 0.0 345.98 -0.9938615 0.00935041 0.11630346
t 159
c 426.95513 0.0 345.98 -0.99720783 0.00938189 0.11669505
t 159
c 426.95513 0.0 345.98 -1.00055417 0.00941337 0.11708665
t 159
c 426.95513 0.0 345.98 -1.0039005 0.00944486 0.11747824
t 159
c 426.95513 0.0 345.98 -1.00724684 0.00947634 0.11786984
t 159
c 426.95513 0.0 345.98 -1.01059317 0.00950782 0.11826143
t 159
c 426.95513 0.0 345.98 -1.01393951 0.00953931 0.11865303
t 159
c 426.95513 0.0 345.98 -1.01728584 0.00957079 0.11904462
t 159
c 426.95513 0.0 345.98 -1.02063218 0.00960227 0.11943621
t 159
c 426.95513 0.0 345.98 -1.02397851 0.00963375 0.11982781
t 159
c 426.95513 0.0 345.98 -1.02732485 0.00966524 0.1202194
t 159
c 426.95513 0.0 345.98 -1.03067118 0.00969672 0.120611
t 159
c 426.95513 0.0 345.98 -1.03401752 0.0097282 0.12100259
t 159
c 426.95513 0.0 345.98 -1.03736385 0.00975969 0.12139418
t 159
c 426.95513 0.0 345.98 -1.04071019 0.00979117 0.12178578
t 159
c 426.95513 0.0 345.98 -1.04405652 0.00982265 0.12217737
t 159
c 426.95513 0.0 345.98 -1.04740286 0.00985413 0.12256897
t 159
c 426.95513 0.0 345.98 -1.05074919 0.00988562 0.12296056
t 159
c 426.95513 0.0 345.98 -1.05409553 0.0099171 0.12335215
t 159
c 426.95513 0.0 345.98 -1.05744186 0.00994858 0.12374375
t 159
c 426.95513 0.0 345.98 -1.0607882 0.00998007 0.12413534
t 159
c 426.95513 0.0 345.98 -1.06413453 0.01001155 0.12452694
t 159
c 426.95513 0.0 345.98 -1.06748087 0.01004303 0.12491853
t 159
c 426.95513 0.0 345.98 -1.0708272 0.01007451 0.12531013
t 159
c 426.95513 0.0 345.98 -1.07417354 0.010106 0.12570172
t 159
c 426.95513 0.0 345.98 -1.07751987 0.01013748 0.12609331
t 159
c 426.95513 0.0 345.98 -1.08086621 0.01016896 0.12648491
t 159
c 426.95513 0.0 345.98 -1.08421254 0.01020045 0.1268765
t 159
c 426.95513 0.0 345.98 -1.08755888 0.01023193 0.1272681
t 159
c 426.95513 0.0 345.98 -1.09090521 0.01026341 0.12765969
t 159
c 426.95513 0.0 345.98 -1.09425155 0.01029489 0.12805128
t 159
c 426.95513 0.0 345.98 -1.09759788 0.01032638 0.12844288
t 159
c 426.95513 0.0 345.98 -1.10094422 0.01035786 0.12883447
t 159
c 426.95513 0.0 345.98 -1.10429055 0.01038934 0.12922607
t 159
c 426.95513 0.0 345.98 -1.10763689 0.01042083 0.12961766
t 159
c 426.95513 0.0 345.98 -1.11098322 0.01045231 0.13000926
t 159
c 426.95513 0.0 345.98 -1.11432956 0.01048379 0.13040085
t 159
c 426.95513 0.0 345.98 -1.11767589 0.01051527 0.13079244
t 159
c 426.95513 0.0 345.98 -1.12102223 0.01054676 0.13118404
t 159
c 426.95513 0.0 345.98 -1.12436856 0.01057824 0.13157563
t 159
c 426.95513 0.0 345.98 -1.1277149 0.01060972 0.13196723
t 159
c 426.95513 0.0 345.98 -1.13106123 0.01064121 0.13235882
t 159
c 426.95513 0.0 345.98 -1.13440757 0.01067269 0.13275041
t 159
c 426.95513 0.0 345.98 -1.1377539 0.01070417 0.13314201
t 159
c 426.95513 0.0 345.98 -1.14110024 0.01073565 0.1335336
t 159
c 426.95513 0.0 345.98 -1.14444657 0.01076714 0.1339252
t 159
c 426.95513 0.0 345.98 -1.14779291 0.01079862 0.13431679
t 159
c 426.95513 0.0 345.98 -1.15113924 0.0108301 0.13470839
t 159
c 426.95513 0.0 345.98 -1.15448558 0.01086159 0.13509998
t 159
c 426.95513 0.0 345.98 -1.15783191 0.01089307 0.13549157
t 159
c 426.95513 0.0 345.98 -1.16117825 0.01092455 0.13588317
t 159
c 426.95513 0.0 345.98 -1.16452458 0.01095603 0.13627476
t 159
c 426.95513 0.0 345.98 -1.16787092 0.01098752 0.13666636
t 159
c 426.95513 0.0 345.98 -1.17121725 0.011019 0.13705795
t 159
c 426.95513 0.0 345.98 -1.17121725 0.011019 0.13705795
t 159
c 426.95513 0.0 345.98 -1.16786818 0.011019 0.13705795
t 159
c 426.95513 0.0 345.98 -1.16451911 0.011019 0.13705795
t 159
c 426.95513 0.0 345.98 -1.16117004 0.011019 0.13705795
t 158
c 426.95513 0.0 345.98 -1.15782097 0.011019 0.13705795
t 159
c 426.95513 0.0 345.98 -1.1544719 0.011019 0.13705795
t 159
c 426.95513 0.0 345.98 -1.15112283 0.011019 0.13705795
t 159
c 426.95513 0.0 345.98 -1.14777376 0.011019 0.13705795
t 159
c 426.95513 0.0 345.98 -1.14442469 0.011019 0.13705795
t 159
c 426.95513 0.0 345.98 -1.14107562 0.011019 0.13705795
t 159
c 426.95513 0.0 345.98 -1.13772655 0.011019 0.13705795
t 159
c 426.95513 0.0 345.98 -1.13437748 0.011019 0.13705795
t 159
c 426.95513 0.0 345.98 -1.13102841 0.011019 0.13705795
t 159
c 426.95513 0.0 345.98 -1.12767934 0.011019 0.13705795
t 159
c 426.95513 0.0 345.98 -1.12433027 0.011019 0.13705795
t 159
c 426.95513 0.0 345.98 -1.1209812 0.011019 0.13705795
t 159
c 426.95513 0.0 345.98 -1.11763213 0.011019 0.13705795
t 159
c 426.95513 0.0 345.98 -1.11428306 0.011019 0.13705795
t 159
c 426.95513 0.0 345.98 -1.11093399 0.011019 0.13705795
t 159
c 426.95513 0.0 345.98 -1.10758492 0.011019 0.13705795
t 159
c 426.95513 0.0 345.98 -1.10423585 0.011019 0.13705795
t 159
c 426.95513 0.0 345.98 -1.10088678 0.011019 0.13705795
t 159
c 426.95513 0.0 345.98 -1.09753771 0.011019 0.13705795
t 159
c 426.95513 0.0 345.98 -1.09418864 0.011019 0.13705795
t 159
c 426.95513 0.0 345.98 -1.09083957 0.011019 0.13705795
t 159
c 426.95513 0.0 345.98 -1.0874905 0.011019 0.13705795
t 159
c 426.95513 0.0 345.98 -1.08414143 0.011019 0.13705795
t 159
c 426.95513 0.0 345.98 -1.08079236 0.011019 0.13705795
t 159
c 426.95513 0.0 345.98 -1.07744329 0.011019 0.13705795
t 159
c 426.95513 0.0 345.98 -1.07409422 0.011019 0.13705795
t 159
c 426.95513 0.0 345.98 -1.07074515 0.011019 0.13705795
t 159
c 426.95513 0.0 345.98 -1.06739609 0.011019 0.13705795
t 159
c 426.95513 0.0 345.98 -1.06404702 0.011019 0.13705795
t 159
c 426.95513 0.0 345.98 -1.06069795 0.011019 0.13705795
t 159
c 426.95513 0.0 345.98 -1.05734888 0.011019 0.13705795
t 159
c 426.95513 0.0 345.98 -1.05399981 0.011019 0.13705795
t 159
c 426.95513 0.0 345.98 -1.05065074 0.011019 0.13705795
t 159
c 426.95513 0.0 345.98 -1.04730167 0.011019 0.13705795
t 159
c 426.95513 0.0 345.98 -1.0439526 0.011019 0.13705795
t 159
c 426.95513 0.0 345.98 -1.04060353 0.011019 0.13705795
t 159
c 426.95513 0.0 345.98 -1.03725446 0.011019 0.13705795
t 159
c 426.95513 0.0 345.98 -1.03390539 0.011019 0.13705795
t 159
c 426.95513 0.0 345.98 -1.03055632 0.011019 0.13705795
t 159
c 426.95513 0.0 345.98 -1.02720725 0.011019 0.13705795
t 159
c 426.95513 0.0 345.98 -1.02385818 0.011019 0.13705795
t 159
c 426.95513 0.0 345.98 -1.02050911 0.011019 0.13705795
t 159
c 426.95513 0.0 345.98 -1.01716004 0.011019 0.13705795
t 159
c 426.95513 0.0 345.98 -1.01381097 0.011019 0.13705795
t 159
c 426.95513 0.0 345.98 -1.0104619 0.011019 0.13705795
t 159
c 426.95513 0.0 345.98 -1.00711283 0.011019 0.13705795
t 159
c 426.95513 0.0 345.98 -1.00376376 0.011019 0.13705795
t 158
c 426.95513 0.0 345.98 -1.00041469 0.011019 0.13705795
t 159
c 426.95513 0.0 345.98 -0.99706562 0.011019 0.13705795
t 159
c 426.95513 0.0 345.98 -0.99371655 0.011019 0.13705795
t 159
c 426.95513 0.0 345.98 -0.99036748 0.011019 0.13705795
t 159
c 426.95513 0.0 345.98 -0.98701841 0.011019 0.13705795
t 159
c 426.95513 0.0 345.98 -0.98366934 0.011019 0.13705795
t 159
c 426.95513 0.0 345.98 -0.98032027 0.011019 0.13705795
t 159
c 426.95513 0.0 345.98 -0.9769712 0.011019 0.13705795
t 159
c 426.95513 0.0 345.98 -0.97362213 0.011019 0.13705795
t 158
c 426.95513 0.0 345.98 -0.97027306 0.011019 0.13705795
t 159
c 426.95513 0.0 345.98 -0.96692399 0.011019 0.13705795
t 159
c 426.95513 0.0 345.98 -0.96357492 0.011019 0.13705795
t 159
c 426.95513 0.0 345.98 -0.96022585 0.011019 0.13705795
t 159
c 426.95513 0.0 345.98 -0.95687678 0.011019 0.13705795
t 159
c 426.95513 0.0 345.98 -0.95352771 0.011019 0.13705795
t 159
c 426.95513 0.0 345.98 -0.95017864 0.011019 0.13705795
t 159
c 426.95513 0.0 345.98 -0.94682957 0.011019 0.13705795
t 159
c 426.95513 0.0 345.98 -0.9434805 0.011019 0.13705795
t 159
c 426.95513 0.0 345.98 -0.94013143 0.011019 0.13705795
t 159
c 426.95513 0.0 345.98 -0.93678236 0.011019 0.13705795
t 159
c 426.95513 0.0 345.98 -0.93343329 0.011019 0.13705795
t 159
c 426.95513 0.0 345.98 -0.93008422 0.011019 0.13705795
t 159
c 426.95513 0.0 345.98 -0.92673515 0.011019 0.13705795
t 159
c 426.95513 0.0 345.98 -0.92338608 0.011019 0.13705795
t 158
c 426.95513 0.0 345.98 -0.92003701 0.011019 0.13705795
t 159
c 426.95513 0.0 345.98 -0.91668794 0.011019 0.13705795
t 159
c 426.95513 0.0 345.98 -0.91333887 0.011019 0.13705795
t 159
c 426.95513 0.0 345.98 -0.9099898 0.011019 0.13705795
t 159
c 426.95513 0.0 345.98 -0.90664073 0.011019 0.13705795
t 159
c 426.95513 0.0 345.98 -0.90329166 0.011019 0.13705795
t 158
c 426.95513 0.0 345.98 -0.89994259 0.011019 0.13705795
t 159
c 426.95513 0.0 345.98 -0.89659352 0.011019 0.13705795
t 159
c 426.95513 0.0 345.98 -0.89324445 0.011019 0.13705795
t 159
c 426.95513 0.0 345.98 -0.88989538 0.011019 0.13705795
t 159
c 426.95513 0.0 345.98 -0.88654631 0.011019 0.13705795
t 159
c 426.95513 0.0 345.98 -0.88319724 0.011019 0.13705795
t 159
c 426.95513 0.0 345.98 -0.87984817 0.011019 0.13705795
t 159
c 426.95513 0.0 345.98 -0.8764991 0.011019 0.13705795
t 158
c 426.95513 0.0 345.98 -0.87315003 0.011019 0.13705795
t 159
c 426.95513 0.0 345.98 -0.86980096 0.011019 0.13705795
t 159
c 426.95513 0.0 345.98 -0.86645189 0.011019 0.13705795
t 159
c 426.95513 0.0 345.98 -0.86310283 0.011019 0.13705795
t 159
c 426.95513 0.0 345.98 -0.85975376 0.011019 0.13705795
t 159
c 426.95513 0.0 345.98 -0.85640469 0.011019 0.13705795
t 159
c 426.95513 0.0 345.98 -0.85305562 0.011019 0.13705795
t 159
c 426.95513 0.0 345.98 -0.84970655 0.011019 0.13705795
t 158
c 426.95513 0.0 345.98 -0.84635748 0.011019 0.13705795
t 159
c 426.95513 0.0 345.98 -0.84300841 0.011019 0.13705795
t 159
c 426.95513 0.0 345.98 -0.83965934 0.011019 0.13705795
t 159
c 426.95513 0.0 345.98 -0.83631027 0.011019 0.13705795
t 159
c 426.95513 0.0 345.98 -0.8329612 0.011019 0.13705795
t 159
c 426.95513 0.0 345.98 -0.82961213 0.011019 0.13705795
t 159
c 426.95513 0.0 345.98 -0.82626306 0.011019 0.13705795
t 159
c 426.95513 0.0 345.98 -0.82291399 0.011019 0.13705795
t 158
c 426.95513 0.0 345.98 -0.81956492 0.011019 0.13705795
t 159
c 426.95513 0.0 345.98 -0.81621585 0.011019 0.13705795
t 159
c 426.95513 0.0 345.98 -0.81286678 0.011019 0.13705795
t 159
c 426.95513 0.0 345.98 -0.80951771 0.011019 0.13705795
t 159
c 426.95513 0.0 345.98 -0.80616864 0.011019 0.13705795
t 159
c 426.95513 0.0 345.98 -0.80281957 0.011019 0.13705795
t 159
c 426.95513 0.0 345.98 -0.7994705 0.011019 0.13705795
t 159
c 426.95513 0.0 345.98 -0.79612143 0.011019 0.13705795
t 158
c 426.95513 0.0 345.98 -0.79277236 0.011019 0.13705795
t 159
c 426.95513 0.0 345.98 -0.78942329 0.011019 0.13705795
t 159
c 426.95513 0.0 345.98 -0.78607422 0.011019 0.13705795
t 159
c 426.95513 0.0 345.98 -0.78272515 0.011019 0.13705795
t 159
c 426.95513 0.0 345.98 -0.77937608 0.011019 0.13705795
t 159
c 426.95513 0.0 345.98 -0.77602701 0.011019 0.13705795
t 159
c 426.95513 0.0 345.98 -0.77267794 0.011019 0.13705795
t 159
c 426.95513 0.0 345.98 -0.76932887 0.011019 0.13705795
t 159
c 426.95513 0.0 345.98 -0.7659798 0.011019 0.13705795
t 159
c 426.95513 0.0 345.98 -0.76263073 0.011019 0.13705795
t 159
c 426.95513 0.0 345.98 -0.75928166 0.011019 0.13705795
t 159
c 426.95513 0.0 345.98 -0.75593259 0.011019 0.13705795
t 159
c 426.95513 0.0 345.98 -0.75258352 0.011019 0.13705795
t 159
c 426.95513 0.0 345.98 -0.74923445 0.011019 0.13705795
t 159
c 426.95513 0.0 345.98 -0.74588538 0.011019 0.13705795
t 159
c 426.95513 0.0 345.98 -0.74253631 0.011019 0.13705795
t 159
c 426.95513 0.0 345.98 -0.73918724 0.011019 0.13705795
t 159
c 426.95513 0.0 345.98 -0.73583817 0.011019 0.13705795
t 159
c 426.95513 0.0 345.98 -0.7324891 0.011019 0.13705795
t 159
c 426.95513 0.0 345.98 -0.72914003 0.011019 0.13705795
t 159
c 426.95513 0.0 345.98 -0.72579096 0.011019 0.13705795
t 159
c 426.95513 0.0 345.98 -0.72244189 0.011019 0.13705795
t 159
c 426.95513 0.0 345.98 -0.71909282 0.011019 0.13705795
t 159
c 426.95513 0.0 345.98 -0.71574375 0.011019 0.13705795
t 159
c 426.95513 0.0 345.98 -0.71239468 0.011019 0.13705795
t 159
c 426.95513 0.0 345.98 -0.70904561 0.011019 0.13705795
t 159
c 426.95513 0.0 345.98 -0.70569654 0.011019 0.13705795
t 159
c 426.95513 0.0 345.98 -0.70234747 0.011019 0.13705795
t 159
c 426.95513 0.0 345.98 -0.6989984 0.011019 0.13705795
t 159
c 426.95513 0.0 345.98 -0.69564933 0.011019 0.13705795
t 159
c 426.95513 0.0 345.98 -0.69230026 0.011019 0.13705795
t 159
c 426.95513 0.0 345.98 -0.68895119 0.011019 0.13705795
t 159
c 426.95513 0.0 345.98 -0.68560212 0.011019 0.13705795
t 159
c 426.95513 0.0 345.98 -0.68225305 0.011019 0.13705795
t 159
c 426.95513 0.0 345.98 -0.67890398 0.011019 0.13705795
t 159
c 426.95513 0.0 345.98 -0.67555491 0.011019 0.13705795
t 159
c 426.95513 0.0 345.98 -0.67220584 0.011019 0.13705795
t 159
c 426.95513 0.0 345.98 -0.66885677 0.011019 0.13705795
t 159
c 426.95513 0.0 345.98 -0.6655077 0.011019 0.13705795
t 159
c 426.95513 0.0 345.98 -0.66215863 0.011019 0.13705795
t 159
c 426.95513 0.0 345.98 -0.65880957 0.011019 0.13705795
t 159
c 426.95513 0.0 345.98 -0.6554605 0.011019 0.13705795
t 159
c 426.95513 0.0 345.98 -0.65211143 0.011019 0.13705795
t 159
c 426.95513 0.0 345.98 -0.64876236 0.011019 0.13705795
t 159
c 426.95513 0.0 345.98 -0.64541329 0.011019 0.13705795
t 159
c 426.95513 0.0 345.98 -0.64206422 0.011019 0.13705795
t 159
c 426.95513 0.0 345.98 -0.63871515 0.011019 0.13705795
t 159
c 426.95513 0.0 345.98 -0.63536608 0.011019 0.13705795
t 159
c 426.95513 0.0 345.98 -0.63201701 0.011019 0.13705795
t 159
c 426.95513 0.0 345.98 -0.62866794 0.011019 0.13705795
t 159
c 426.95513 0.0 345.98 -0.62531887 0.011019 0.13705795
t 159
c 426.95513 0.0 345.98 -0.6219698 0.011019 0.13705795
t 159
c 426.95513 0.0 345.98 -0.61862073 0.011019 0.13705795
t 159
c 426.95513 0.0 345.98 -0.61527166 0.011019 0.13705795
t 159
c 426.95513 0.0 345.98 -0.61192259 0.011019 0.13705795
t 159
c 426.95513 0.0 345.98 -0.60857352 0.011019 0.13705795
t 159
c 426.95513 0.0 345.98 -0.60522445 0.011019 0.13705795
t 159
c 426.95513 0.0 345.98 -0.60187538 0.011019 0.13705795
t 159
c 426.95513 0.0 345.98 -0.59852631 0.011019 0.13705795
t 159
c 426.95513 0.0 345.98 -0.59517724 0.011019 0.13705795
t 159
c 426.95513 0.0 345.98 -0.59182817 0.011019 0.13705795
t 159
c 426.95513 0.0 345.98 -0.5884791 0.011019 0.13705795
t 159
c 426.95513 0.0 345.98 -0.58513003 0.011019 0.13705795
t 159
c 426.95513 0.0 345.98 -0.58178096 0.011019 0.13705795
t 159
c 426.95513 0.0 345.98 -0.57843189 0.011019 0.13705795
t 159
c 426.95513 0.0 345.98 -0.57508282 0.011019 0.13705795
t 159
c 426.95513 0.0 345.98 -0.57173375 0.011019 0.13705795
t 159
c 426.95513 0.0 345.98 -0.56838468 0.011019 0.13705795
t 159
c 426.95513 0.0 345.98 -0.56503561 0.011019 0.13705795
t 159
c 426.95513 0.0 345.98 -0.56168654 0.011019 0.13705795
t 159
c 426.95513 0.0 345.98 -0.55833747 0.011019 0.13705795
t 159
c 426.95513 0.0 345.98 -0.5549884 0.011019 0.13705795
t 159
c 426.95513 0.0 345.98 -0.55163933 0.011019 0.13705795
t 159
c 426.95513 0.0 345.98 -0.54829026 0.011019 0.13705795
t 159
c 426.95513 0.0 345.98 -0.54494119 0.011019 0.13705795
t 159
c 426.95513 0.0 345.98 -0.54159212 0.011019 0.13705795
t 159
c 426.95513 0.0 345.98 -0.53824305 0.011019 0.13705795
t 159
c 426.95513 0.0 345.98 -0.53489398 0.011019 0.13705795
t 159
c 426.95513 0.0 345.98 -0.53154491 0.011019 0.13705795
t 159
c 426.95513 0.0 345.98 -0.52819584 0.011019 0.13705795
t 159
c 426.95513 0.0 345.98 -0.52484677 0.011019 0.13705795
t 159
c 426.95513 0.0 345.98 -0.5214977 0.011019 0.13705795
t 159
c 426.95513 0.0 345.98 -0.51814863 0.011019 0.13705795
t 159
c 426.95513 0.0 345.98 -0.51479956 0.011019 0.13705795
t 159
c 426.95513 0.0 345.98 -0.51145049 0.011019 0.13705795
t 159
c 426.95513 0.0 345.98 -0.50810142 0.011019 0.13705795
t 159
c 426.95513 0.0 345.98 -0.50475235 0.011019 0.13705795
t 159
c 426.95513 0.0 345.98 -0.50140328 0.011019 0.13705795
t 159
c 426.95513 0.0 345.98 -0.49805421 0.011019 0.13705795
t 159
c 426.95513 0.0 345.98 -0.49470514 0.011019 0.13705795
t 159
c 426.95513 0.0 345.98 -0.49135607 0.011019 0.13705795
t 159
c 426.95513 0.0 345.98 -0.488007 0.011019 0.13705795
t 159
c 426.95513 0.0 345.98 -0.48465793 0.011019 0.13705795
t 159
c 426.95513 0.0 345.98 -0.48130886 0.011019 0.13705795
t 159
c 426.95513 0.0 345.98 -0.47795979 0.011019 0.13705795
t 159
c 426.95513 0.0 345.98 -0.47461072 0.011019 0.13705795
t 159
c 426.95513 0.0 345.98 -0.47126165 0.011019 0.13705795
t 159
c 426.95513 0.0 345.98 -0.46791258 0.011019 0.13705795
t 159
c 426.95513 0.0 345.98 -0.46456351 0.011019 0.13705795
t 159
c 426.95513 0.0 345.98 -0.46121444 0.011019 0.13705795
t 159
c 426.95513 0.0 345.98 -0.45786537 0.011019 0.13705795
t 159
c 426.95513 0.0 345.98 -0.45451631 0.011019 0.13705795
t 159
c 426.95513 0.0 345.98 -0.45116724 0.011019 0.13705795
t 159
c 426.95513 0.0 345.98 -0.44781817 0.011019 0.13705795
t 159
c 426.95513 0.0 345.98 -0.4444691 0.011019 0.13705795
t 159
c 426.95513 0.0 345.98 -0.44112003 0.011019 0.13705795
t 159
c 426.95513 0.0 345.98 -0.43777096 0.011019 0.13705795
t 159
c 426.95513 0.0 345.98 -0.43442189 0.011019 0.13705795
t 159
c 426.95513 0.0 345.98 -0.43107282 0.011019 0.13705795
t 159
c 426.95513 0.0 345.98 -0.42772375 0.011019 0.13705795
t 159
c 426.95513 0.0 345.98 -0.42437468 0.011019 0.13705795
t 159
c 426.95513 0.0 345.98 -0.42102561 0.011019 0.13705795
t 159
c 426.95513 0.0 345.98 -0.41767654 0.011019 0.13705795
t 159
c 426.95513 0.0 345.98 -0.41432747 0.011019 0.13705795
t 159
c 426.95513 0.0 345.98 -0.4109784 0.011019 0.13705795
t 159
c 426.95513 0.0 345.98 -0.40762933 0.011019 0.13705795
t 159
c 426.95513 0.0 345.98 -0.40428026 0.011019 0.13705795
t 159
c 426.95513 0.0 345.98 -0.40093119 0.011019 0.13705795
t 159
c 426.95513 0.0 345.98 -0.39758212 0.011019 0.13705795
t 159
c 426.95513 0.0 345.98 -0.39423305 0.011019 0.13705795
t 159
c 426.95513 0.0 345.98 -0.39088398 0.011019 0.13705795
t 159
c 426.95513 0.0 345.98 -0.38753491 0.011019 0.13705795
t 159
c 426.95513 0.0 345.98 -0.38418584 0.011019 0.13705795
t 159
c 426.95513 0.0 345.98 -0.38083677 0.011019 0.13705795
t 159
c 426.95513 0.0 345.98 -0.3774877 0.011019 0.13705795
t 159
c 426.95513 0.0 345.98 -0.37413863 0.011019 0.13705795
t 159
c 426.95513 0.0 345.98 -0.37078956 0.011019 0.13705795
t 159
c 426.95513 0.0 345.98 -0.36744049 0.011019 0.13705795
t 159
c 426.95513 0.0 345.98 -0.36409142 0.011019 0.13705795
t 159
c 426.95513 0.0 345.98 -0.36074235 0.011019 0.13705795
t 159
c 426.95513 0.0 345.98 -0.35739328 0.011019 0.13705795
t 159
c 426.95513 0.0 345.98 -0.35404421 0.011019 0.13705795
t 159
c 426.95513 0.0 345.98 -0.35069514 0.011019 0.13705795
t 159
c 426.95513 0.0 345.98 -0.34734607 0.011019 0.13705795
t 159
c 426.95513 0.0 345.98 -0.343997 0.011019 0.13705795
t 159
c 426.95513 0.0 345.98 -0.34064793 0.011019 0.13705795
t 159
c 426.95513 0.0 345.98 -0.33729886 0.011019 0.13705795
t 159
c 426.95513 0.0 345.98 -0.33394979 0.011019 0.13705795
t 159
c 426.95513 0.0 345.98 -0.33060072 0.011019 0.13705795
t 159
c 426.95513 0.0 345.98 -0.32725165 0.011019 0.13705795
t 159
c 426.95513 0.0 345.98 -0.32390258 0.011019 0.13705795
t 159
c 426.95513 0.0 345.98 -0.32055351 0.011019 0.13705795
t 159
c 426.95513 0.0 345.98 -0.31720444 0.011019 0.13705795
t 159
c 426.95513 0.0 345.98 -0.31385537 0.011019 0.13705795
t 159
c 426.95513 0.0 345.98 -0.3105063 0.011019 0.13705795
t 159
c 426.95513 0.0 345.98 -0.30715723 0.011019 0.13705795
t 159
c 426.95513 0.0 345.98 -0.30380816 0.011019 0.13705795
t 159
c 426.95513 0.0 345.98 -0.30045909 0.011019 0.13705795
t 159
c 426.95513 0.0 345.98 -0.29711002 0.011019 0.13705795
t 159
c 426.95513 0.0 345.98 -0.29376095 0.011019 0.13705795
t 159
c 426.95513 0.0 345.98 -0.29041188 0.011019 0.13705795
t 159
c 426.95513 0.0 345.98 -0.28706281 0.011019 0.13705795
t 159
c 426.95513 0.0 345.98 -0.28371374 0.011019 0.13705795
t 159
c 426.95513 0.0 345.98 -0.28036467 0.011019 0.13705795
t 159
c 426.95513 0.0 345.98 -0.2770156 0.011019 0.13705795
t 159
c 426.95513 0.0 345.98 -0.27366653 0.011019 0.13705795
t 159
c 426.95513 0.0 345.98 -0.27031746 0.011019 0.13705795
t 159
c 426.95513 0.0 345.98 -0.26696839 0.011019 0.13705795
t 159
c 426.95513 0.0 345.98 -0.26361932 0.011019 0.13705795
t 159
c 426.95513 0.0 345.98 -0.26027025 0.011019 0.13705795
t 159
c 426.95513 0.0 345.98 -0.25692118 0.011019 0.13705795
t 159
c 426.95513 0.0 345.98 -0.25357211 0.011019 0.13705795
t 159
c 426.95513 0.0 345.98 -0.25022305 0.011019 0.13705795
t 159
c 426.95513 0.0 345.98 -0.24687398 0.011019 0.13705795
t 159
c 426.95513 0.0 345.98 -0.24352491 0.011019 0.13705795
t 159
c 426.95513 0.0 345.98 -0.24017584 0.011019 0.13705795
t 159
c 426.95513 0.0 345.98 -0.23682677 0.011019 0.13705795
t 159
c 426.95513 0.0 345.98 -0.2334777 0.011019 0.13705795
t 159
c 426.95513 0.0 345.98 -0.23012863 0.011019 0.13705795
t 159
c 426.95513 0.0 345.98 -0.22677956 0.011019 0.13705795
t 159
c 426.95513 0.0 345.98 -0.22343049 0.011019 0.13705795
t 159
c 426.95513 0.0 345.98 -0.22008142 0.011019 0.13705795
t 159
c 426.95513 0.0 345.98 -0.21673235 0.011019 0.13705795
t 159
c 426.95513 0.0 345.98 -0.21338328 0.011019 0.13705795
t 159
c 426.95513 0.0 345.98 -0.21003421 0.011019 0.13705795
t 159
c 426.95513 0.0 345.98 -0.20668514 0.011019 0.13705795
t 159
c 426.95513 0.0 345.98 -0.20333607 0.011019 0.13705795
t 159
c 426.95513 0.0 345.98 -0.199987 0.011019 0.13705795
t 159
c 426.95513 0.0 345.98 -0.19663793 0.011019 0.13705795
t 159
c 426.95513 0.0 345.98 -0.19328886 0.011019 0.13705795
t 159
c 426.95513 0.0 345.98 -0.18993979 0.011019 0.13705795
t 159
c 426.95513 0.0 345.98 -0.18659072 0.011019 0.13705795
t 159
c 426.95513 0.0 345.98 -0.18324165 0.011019 0.13705795
t 159
c 426.95513 0.0 345.98 -0.17989258 0.011019 0.13705795
t 159
c 426.95513 0.0 345.98 -0.17654351 0.011019 0.13705795
t 159
c 426.95513 0.0 345.98 -0.17319444 0.011019 0.13705795
t 159
c 426.95513 0.0 345.98 -0.16984537 0.011019 0.13705795
t 159
c 426.95513 0.0 345.98 -0.1664963 0.011019 0.13705795
t 159
c 426.95513 0.0 345.98 -0.16314723 0.011019 0.13705795
t 159
c 426.95513 0.0 345.98 -0.15979816 0.011019 0.13705795
t 159
c 426.95513 0.0 345.98 -0.15644909 0.011019 0.13705795
t 159
c 426.95513 0.0 345.98 -0.15310002 0.011019 0.13705795
t 159
c 426.95513 0.0 345.98 -0.14975095 0.011019 0.13705795
t 159
c 426.95513 0.0 345.98 -0.14640188 0.011019 0.13705795
t 159
c 426.95513 0.0 345.98 -0.14305281 0.011019 0.13705795
t 159
c 426.95513 0.0 345.98 -0.13970374 0.011019 0.13705795
t 159
c 426.95513 0.0 345.98 -0.13635467 0.011019 0.13705795
t 159
c 426.95513 0.0 345.98 -0.1330056 0.011019 0.13705795
t 159
c 426.95513 0.0 345.98 -0.12965653 0.011019 0.13705795
t 159
c 426.95513 0.0 345.98 -0.12630746 0.011019 0.13705795
t 159
c 426.95513 0.0 345.98 -0.12295839 0.011019 0.13705795
t 159
c 426.95513 0.0 345.98 -0.11960932 0.011019 0.13705795
t 159
c 426.95513 0.0 345.98 -0.11626025 0.011019 0.13705795
t 159
c 426.95513 0.0 345.98 -0.11291118 0.011019 0.13705795
t 159
c 426.95513 0.0 345.98 -0.10956211 0.011019 0.13705795
t 159
c 426.95513 0.0 345.98 -0.10621304 0.011019 0.13705795
t 159
c 426.95513 0.0 345.98 -0.10286397 0.011019 0.13705795
t 159
c 426.95513 0.0 345.98 -0.0995149 0.011019 0.13705795
t 159
c 426.95513 0.0 345.98 -0.09616583 0.011019 0.13705795
t 159
c 426.95513 0.0 345.98 -0.09281676 0.011019 0.13705795
t 159
c 426.95513 0.0 345.98 -0.08946769 0.011019 0.13705795
t 159
c 426.95513 0.0 345.98 -0.08611862 0.011019 0.13705795
t 159
c 426.95513 0.0 345.98 -0.08276955 0.011019 0.13705795
t 159
c 426.95513 0.0 345.98 -0.07942048 0.011019 0.13705795
t 159
c 426.95513 0.0 345.98 -0.07607141 0.011019 0.13705795
t 159
c 426.95513 0.0 345.98 -0.07272234 0.011019 0.13705795
t 159
c 426.95513 0.0 345.98 -0.06937327 0.011019 0.13705795
t 159
c 426.95513 0.0 345.98 -0.0660242 0.011019 0.13705795
t 159
c 426.95513 0.0 345.98 -0.06267513 0.011019 0.13705795
t 159
c 426.95513 0.0 345.98 -0.05932606 0.011019 0.13705795
t 159
c 426.95513 0.0 345.98 -0.05597699 0.011019 0.13705795
t 159
c 426.95513 0.0 345.98 -0.05262792 0.011019 0.13705795
t 159
c 426.95513 0.0 345.98 -0.04927885 0.011019 0.13705795
t 159
c 426.95513 0.0 345.98 -0.04592979 0.011019 0.13705795
t 159
c 426.95513 0.0 345.98 -0.04258072 0.011019 0.13705795
t 159
c 426.95513 0.0 345.98 -0.03923165 0.011019 0.13705795
t 159
c 426.95513 0.0 345.98 -0.03588258 0.011019 0.13705795
t 159
c 426.95513 0.0 345.98 -0.03253351 0.011019 0.13705795
t 159
c 426.95513 0.0 345.98 -0.02918444 0.011019 0.13705795
t 159
c 426.95513 0.0 345.98 -0.02583537 0.011019 0.13705795
t 159
c 426.95513 0.0 345.98 -0.0224863 0.011019 0.13705795
t 159
c 426.95513 0.0 345.98 -0.01913723 0.011019 0.13705795
t 159
c 426.95513 0.0 345.98 -0.01578816 0.011019 0.13705795
t 159
c 426.95513 0.0 345.98 -0.01243909 0.011019 0.13705795
t 159
c 426.95513 0.0 345.98 -0.00909002 0.011019 0.13705795
t 159
c 426.95513 0.0 345.98 -0.00574095 0.011019 0.13705795
t 159
c 426.95513 0.0 345.98 -0.00239188 0.011019 0.13705795
t 159
c 426.95513 0.0 345.98 0.00095719 0.011019 0.13705795
t 159
c 426.95513 0.0 345.98 0.00430626 0.011019 0.13705795
t 159
c 426.95513 0.0 345.98 0.00765533 0.011019 0.13705795
t 159
c 426.95513 0.0 345.98 0.0110044 0.011019 0.13705795
t 159
c 426.95513 0.0 345.98 0.01435347 0.011019 0.13705795
t 159
c 426.95513 0.0 345.98 0.01770254 0.011019 0.13705795
t 159
c 426.95513 0.0 345.98 0.02105161 0.011019 0.13705795
t 159
c 426.95513 0.0 345.98 0.02440068 0.011019 0.13705795
t 159
c 426.95513 0.0 345.98 0.02774975 0.011019 0.13705795
t 159
c 426.95513 0.0 345.98 0.03109882 0.011019 0.13705795
t 159
c 426.95513 0.0 345.98 0.03444789 0.011019 0.13705795
t 159
c 426.95513 0.0 345.98 0.03779696 0.011019 0.13705795
t 159
c 426.95513 0.0 345.98 0.04114603 0.011019 0.13705795
t 159
c 426.95513 0.0 345.98 0.0444951 0.011019 0.13705795
t 159
c 426.95513 0.0 345.98 0.04784417 0.011019 0.13705795
t 159
c 426.95513 0.0 345.98 0.05119324 0.011019 0.13705795
t 159
c 426.95513 0.0 345.98 0.05454231 0.011019 0.13705795
t 159
c 426.95513 0.0 345.98 0.05789138 0.011019 0.13705795
t 159
c 426.95513 0.0 345.98 0.06124045 0.011019 0.13705795
t 159
c 426.95513 0.0 345.98 0.06458952 0.011019 0.13705795
t 159
c 426.95513 0.0 345.98 0.06793859 0.011019 0.13705795
t 159
c 426.95513 0.0 345.98 0.07128766 0.011019 0.13705795
t 159
c 426.95513 0.0 345.98 0.07463673 0.011019 0.13705795
t 159
c 426.95513 0.0 345.98 0.0779858 0.011019 0.13705795
t 159
c 426.95513 0.0 345.98 0.08133487 0.011019 0.13705795
t 159
c 426.95513 0.0 345.98 0.08468394 0.011019 0.13705795
t 159
c 426.95513 0.0 345.98 0.08803301 0.011019 0.13705795
t 159
c 426.95513 0.0 345.98 0.09138208 0.011019 0.13705795
t 159
c 426.95513 0.0 345.98 0.09473115 0.011019 0.13705795
t 159
c 426.95513 0.0 345.98 0.09808022 0.011019 0.13705795
t 159
c 426.95513 0.0 345.98 0.10142929 0.011019 0.13705795
t 159
c 426.95513 0.0 345.98 0.10477836 0.011019 0.13705795
t 159
c 426.95513 0.0 345.98 0.10812743 0.011019 0.13705795
t 159
c 426.95513 0.0 345.98 0.1114765 0.011019 0.13705795
t 159
c 426.95513 0.0 345.98 0.11482557 0.011019 0.13705795
t 159
c 426.95513 0.0 345.98 0.11817464 0.011019 0.13705795
t 159
c 426.95513 0.0 345.98 0.12152371 0.011019 0.13705795
t 159
c 426.95513 0.0 345.98 0.12487278 0.011019 0.13705795
t 159
c 426.95513 0.0 345.98 0.12822185 0.011019 0.13705795
t 159
c 426.95513 0.0 345.98 0.13157092 0.011019 0.13705795
t 159
c 426.95513 0.0 345.98 0.13491999 0.011019 0.13705795
t 159
c 426.95513 0.0 345.98 0.13826906 0.011019 0.13705795
t 159
c 426.95513 0.0 345.98 0.14161813 0.011019 0.13705795
t 159
c 426.95513 0.0 345.98 0.1449672 0.011019 0.13705795
t 159
c 426.95513 0.0 345.98 0.14831627 0.011019 0.13705795
t 159
c 426.95513 0.0 345.98 0.15166534 0.011019 0.13705795
t 159
c 426.95513 0.0 345.98 0.15501441 0.011019 0.13705795
t 159
c 426.95513 0.0 345.98 0.15836347 0.011019 0.13705795
t 159
c 426.95513 0.0 345.98 0.16171254 0.011019 0.13705795
t 159
c 426.95513 0.0 345.98 0.16506161 0.011019 0.13705795
t 159
c 426.95513 0.0 345.98 0.16841068 0.011019 0.13705795
t 159
c 426.95513 0.0 345.98 0.17175975 0.011019 0.13705795
t 159
c 426.95513 0.0 345.98 0.17510882 0.011019 0.13705795
t 159
c 426.95513 0.0 345.98 0.17845789 0.011019 0.13705795
t 159
c 426.95513 0.0 345.98 0.18180696 0.011019 0.13705795
t 159
c 426.95513 0.0 345.98 0.18515603 0.011019 0.13705795
t 159
c 426.95513 0.0 345.98 0.1885051 0.011019 0.13705795
t 159
c 426.95513 0.0 345.98 0.19185417 0.011019 0.13705795
t 159
c 426.95513 0.0 345.98 0.19520324 0.011019 0.13705795
t 159
c 426.95513 0.0 345.98 0.19855231 0.011019 0.13705795
t 159
c 426.95513 0.0 345.98 0.20190138 0.011019 0.13705795
t 159
c 426.95513 0.0 345.98 0.20525045 0.011019 0.13705795
t 159
c 426.95513 0.0 345.98 0.20859952 0.011019 0.13705795
t 159
c 426.95513 0.0 345.98 0.21194859 0.011019 0.13705795
t 159
c 426.95513 0.0 345.98 0.21529766 0.011019 0.13705795
t 159
c 426.95513 0.0 345.98 0.21864673 0.011019 0.13705795
t 159
c 426.95513 0.0 345.98 0.2219958 0.011019 0.13705795
t 159
c 426.95513 0.0 345.98 0.22534487 0.011019 0.13705795
t 159
c 426.95513 0.0 345.98 0.22869394 0.011019 0.13705795
t 159
c 426.95513 0.0 345.98 0.23204301 0.011019 0.13705795
t 159
c 426.95513 0.0 345.98 0.23539208 0.011019 0.13705795
t 159
c 426.95513 0.0 345.98 0.23874115 0.011019 0.13705795
t 159
c 426.95513 0.0 345.98 0.24209022 0.011019 0.13705795
t 159
c 426.95513 0.0 345.98 0.24543929 0.011019 0.13705795
t 159
c 426.95513 0.0 345.98 0.24878836 0.011019 0.13705795
t 159
c 426.95513 0.0 345.98 0.25213743 0.011019 0.13705795
t 159
c 426.95513 0.0 345.98 0.2554865 0.011019 0.13705795
t 159
c 426.95513 0.0 345.98 0.25883557 0.011019 0.13705795
t 159
c 426.95513 0.0 345.98 0.26218464 0.011019 0.13705795
t 159
c 426.95513 0.0 345.98 0.26553371 0.011019 0.13705795
t 159
c 426.95513 0.0 345.98 0.26888278 0.011019 0.13705795
t 159
c 426.95513 0.0 345.98 0.27223185 0.011019 0.13705795
t 159
c 426.95513 0.0 345.98 0.27558092 0.011019 0.13705795
t 159
c 426.95513 0.0 345.98 0.27892999 0.011019 0.13705795
t 159
c 426.95513 0.0 345.98 0.28227906 0.011019 0.13705795
t 159
c 426.95513 0.0 345.98 0.28562813 0.011019 0.13705795
t 159
c 426.95513 0.0 345.98 0.2889772 0.011019 0.13705795
t 159
c 426.95513 0.0 345.98 0.29232627 0.011019 0.13705795
t 159
c 426.95513 0.0 345.98 0.29567534 0.011019 0.13705795
t 159
c 426.95513 0.0 345.98 0.29902441 0.011019 0.13705795
t 159
c 426.95513 0.0 345.98 0.30237348 0.011019 0.13705795
t 159
c 426.95513 0.0 345.98 0.30572255 0.011019 0.13705795
t 159
c 426.95513 0.0 345.98 0.30907162 0.011019 0.13705795
t 159
c 426.95513 0.0 345.98 0.31242069 0.011019 0.13705795
t 159
c 426.95513 0.0 345.98 0.31576976 0.011019 0.13705795
t 159
c 426.95513 0.0 345.98 0.31911883 0.011019 0.13705795
t 159
c 426.95513 0.0 345.98 0.3224679 0.011019 0.13705795
t 159
c 426.95513 0.0 345.98 0.32581697 0.011019 0.13705795
t 159
c 426.95513 0.0 345.98 0.32916604 0.011019 0.13705795
t 159
c 426.95513 0.0 345.98 0.33251511 0.011019 0.13705795
t 159
c 426.95513 0.0 345.98 0.33586418 0.011019 0.13705795
t 159
c 426.95513 0.0 345.98 0.33921325 0.011019 0.13705795
t 159
c 426.95513 0.0 345.98 0.34256232 0.011019 0.13705795
t 159
c 426.95513 0.0 345.98 0.34591139 0.011019 0.13705795
t 159
c 426.95513 0.0 345.98 0.34926046 0.011019 0.13705795
t 159
c 426.95513 0.0 345.98 0.35260953 0.011019 0.13705795
t 159
c 426.95513 0.0 345.98 0.3559586 0.011019 0.13705795
t 159
c 426.95513 0.0 345.98 0.35930767 0.011019 0.13705795
t 159
c 426.95513 0.0 345.98 0.36265673 0.011019 0.13705795
t 159
c 426.95513 0.0 345.98 0.3660058 0.011019 0.13705795
t 159
c 426.95513 0.0 345.98 0.36935487 0.011019 0.13705795
t 159
c 426.95513 0.0 345.98 0.37270394 0.011019 0.13705795
t 159
c 426.95513 0.0 345.98 0.37605301 0.011019 0.13705795
t 159
c 426.95513 0.0 345.98 0.37940208 0.011019 0.13705795
t 159
c 426.95513 0.0 345.98 0.38275115 0.011019 0.13705795
t 159
c 426.95513 0.0 345.98 0.38610022 0.011019 0.13705795
t 159
c 426.95513 0.0 345.98 0.38944929 0.011019 0.13705795
t 159
c 426.95513 0.0 345.98 0.39279836 0.011019 0.13705795
t 159
c 426.95513 0.0 345.98 0.39614743 0.011019 0.13705795
t 159
c 426.95513 0.0 345.98 0.3994965 0.011019 0.13705795
t 159
c 426.95513 0.0 345.98 0.40284557 0.011019 0.13705795
t 159
c 426.95513 0.0 345.98 0.40619464 0.011019 0.13705795
t 159
c 426.95513 0.0 345.98 0.40954371 0.011019 0.13705795
t 159
c 426.95513 0.0 345.98 0.41289278 0.011019 0.13705795
t 159
c 426.95513 0.0 345.98 0.41624185 0.011019 0.13705795
t 159
c 426.95513 0.0 345.98 0.41959092 0.011019 0.13705795
t 159
c 426.95513 0.0 345.98 0.42293999 0.011019 0.13705795
t 159
c 426.95513 0.0 345.98 0.42628906 0.011019 0.13705795
t 159
c 426.95513 0.0 345.98 0.42963813 0.011019 0.13705795
t 159
c 426.95513 0.0 345.98 0.4329872 0.011019 0.13705795
t 159
c 426.95513 0.0 345.98 0.43633627 0.011019 0.13705795
t 159
c 426.95513 0.0 345.98 0.43968534 0.011019 0.13705795
t 159
c 426.95513 0.0 345.98 0.44303441 0.011019 0.13705795
t 159
c 426.95513 0.0 345.98 0.44638348 0.011019 0.13705795
t 159
c 426.95513 0.0 345.98 0.44973255 0.011019 0.13705795
t 159
c 426.95513 0.0 345.98 0.45308162 0.011019 0.13705795
t 159
c 426.95513 0.0 345.98 0.45643069 0.011019 0.13705795
t 159
c 426.95513 0.0 345.98 0.45977976 0.011019 0.13705795
t 159
c 426.95513 0.0 345.98 0.46312883 0.011019 0.13705795
t 159
c 426.95513 0.0 345.98 0.4664779 0.011019 0.13705795
t 159
c 426.95513 0.0 345.98 0.46982697 0.011019 0.13705795
t 159
c 426.95513 0.0 345.98 0.47317604 0.011019 0.13705795
t 159
c 426.95513 0.0 345.98 0.47652511 0.011019 0.13705795
t 159
c 426.95513 0.0 345.98 0.47987418 0.011019 0.13705795
t 159
c 426.95513 0.0 345.98 0.48322325 0.011019 0.13705795
t 159
c 426.95513 0.0 345.98 0.48657232 0.011019 0.13705795
t 159
c 426.95513 0.0 345.98 0.48992139 0.011019 0.13705795
t 159
c 426.95513 0.0 345.98 0.49327046 0.011019 0.13705795
t 159
c 426.95513 0.0 345.98 0.49661953 0.011019 0.13705795
t 159
c 426.95513 0.0 345.98 0.4999686 0.011019 0.13705795
t 159
c 426.95513 0.0 345.98 0.50331767 0.011019 0.13705795
t 159
c 426.95513 0.0 345.98 0.50666674 0.011019 0.13705795
t 159
c 426.95513 0.0 345.98 0.51001581 0.011019 0.13705795
t 159
c 426.95513 0.0 345.98 0.51336488 0.011019 0.13705795
t 159
c 426.95513 0.0 345.98 0.51671395 0.011019 0.13705795
t 159
c 426.95513 0.0 345.98 0.52006302 0.011019 0.13705795
t 159
c 426.95513 0.0 345.98 0.52341209 0.011019 0.13705795
t 159
c 426.95513 0.0 345.98 0.52676116 0.011019 0.13705795
t 159
c 426.95513 0.0 345.98 0.53011023 0.011019 0.13705795
t 159
c 426.95513 0.0 345.98 0.5334593 0.011019 0.13705795
t 159
c 426.95513 0.0 345.98 0.53680837 0.011019 0.13705795
t 159
c 426.95513 0.0 345.98 0.54015744 0.011019 0.13705795
t 159
c 426.95513 0.0 345.98 0.54350651 0.011019 0.13705795
t 159
c 426.95513 0.0 345.98 0.54685558 0.011019 0.13705795
t 159
c 426.95513 0.0 345.98 0.55020465 0.011019 0.13705795
t 159
c 426.95513 0.0 345.98 0.55355372 0.011019 0.13705795
t 159
c 426.95513 0.0 345.98 0.55690279 0.011019 0.13705795
t 159
c 426.95513 0.0 345.98 0.56025186 0.011019 0.13705795
t 159
c 426.95513 0.0 345.98 0.56360093 0.011019 0.13705795
t 159
c 426.95513 0.0 345.98 0.56694999 0.011019 0.13705795
t 159
c 426.95513 0.0 345.98 0.57029906 0.011019 0.13705795
t 159
c 426.95513 0.0 345.98 0.57364813 0.011019 0.13705795
t 159
c 426.95513 0.0 345.98 0.5769972 0.011019 0.13705795
t 159
c 426.95513 0.0 345.98 0.58034627 0.011019 0.13705795
t 159
c 426.95513 0.0 345.98 0.58369534 0.011019 0.13705795
t 159
c 426.95513 0.0 345.98 0.58704441 0.011019 0.13705795
t 159
c 426.95513 0.0 345.98 0.59039348 0.011019 0.13705795
t 159
c 426.95513 0.0 345.98 0.59374255 0.011019 0.13705795
t 159
c 426.95513 0.0 345.98 0.59709162 0.011019 0.13705795
t 159
c 426.95513 0.0 345.98 0.60044069 0.011019 0.13705795
t 159
c 426.95513 0.0 345.98 0.60378976 0.011019 0.13705795
t 159
c 426.95513 0.0 345.98 0.60713883 0.011019 0.13705795
t 159
c 426.95513 0.0 345.98 0.6104879 0.011019 0.13705795
t 159
c 426.95513 0.0 345.98 0.61383697 0.011019 0.13705795
t 159
c 426.95513 0.0 345.98 0.61718604 0.011019 0.13705795
t 159
c 426.95513 0.0 345.98 0.62053511 0.011019 0.13705795
t 159
c 426.95513 0.0 345.98 0.62388418 0.011019 0.13705795
t 159
c 426.95513 0.0 345.98 0.62723325 0.011019 0.13705795
t 159
c 426.95513 0.0 345.98 0.63058232 0.011019 0.13705795
t 159
c 426.95513 0.0 345.98 0.63393139 0.011019 0.13705795
t 159
c 426.95513 0.0 345.98 0.63728046 0.011019 0.13705795
t 159
c 426.95513 0.0 345.98 0.64062953 0.011019 0.13705795
t 159
c 426.95513 0.0 345.98 0.6439786 0.011019 0.13705795
t 159
c 426.95513 0.0 345.98 0.64732767 0.011019 0.13705795
t 159
c 426.95513 0.0 345.98 0.65067674 0.011019 0.13705795
t 159
c 426.95513 0.0 345.98 0.65402581 0.011019 0.13705795
t 159
c 426.95513 0.0 345.98 0.65737488 0.011019 0.13705795
t 159
c 426.95513 0.0 345.98 0.66072395 0.011019 0.13705795
t 159
c 426.95513 0.0 345.98 0.66407302 0.011019 0.13705795
t 159
c 426.95513 0.0 345.98 0.66742209 0.011019 0.13705795
t 159
c 426.95513 0.0 345.98 0.67077116 0.011019 0.13705795
t 159
c 426.95513 0.0 345.98 0.67412023 0.011019 0.13705795
t 159
c 426.95513 0.0 345.98 0.6774693 0.011019 0.13705795
t 159
c 426.95513 0.0 345.98 0.68081837 0.011019 0.13705795
t 159
c 426.95513 0.0 345.98 0.68416744 0.011019 0.13705795
t 159
c 426.95513 0.0 345.98 0.68751651 0.011019 0.13705795
t 159
c 426.95513 0.0 345.98 0.69086558 0.011019 0.13705795
t 159
c 426.95513 0.0 345.98 0.69421465 0.011019 0.13705795
t 159
c 426.95513 0.0 345.98 0.69756372 0.011019 0.13705795
t 159
c 426.95513 0.0 345.98 0.70091279 0.011019 0.13705795
t 159
c 426.95513 0.0 345.98 0.70426186 0.011019 0.13705795
t 159
c 426.95513 0.0 345.98 0.70761093 0.011019 0.13705795
t 159
c 426.95513 0.0 345.98 0.71096 0.011019 0.13705795
t 159
c 426.95513 0.0 345.98 0.71430907 0.011019 0.13705795
t 159
c 426.95513 0.0 345.98 0.71765814 0.011019 0.13705795
t 159
c 426.95513 0.0 345.98 0.72100721 0.011019 0.13705795
t 159
c 426.95513 0.0 345.98 0.72435628 0.011019 0.13705795
t 159
c 426.95513 0.0 345.98 0.72770535 0.011019 0.13705795
t 159
c 426.95513 0.0 345.98 0.73105442 0.011019 0.13705795
t 159
c 426.95513 0.0 345.98 0.73440349 0.011019 0.13705795
t 159
c 426.95513 0.0 345.98 0.73775256 0.011019 0.13705795
t 159
c 426.95513 0.0 345.98 0.74110163 0.011019 0.13705795
t 159
c 426.95513 0.0 345.98 0.7444507 0.011019 0.13705795
t 159
c 426.95513 0.0 345.98 0.74779977 0.011019 0.13705795
t 159
c 426.95513 0.0 345.98 0.75114884 0.011019 0.13705795
t 159
c 426.95513 0.0 345.98 0.75449791 0.011019 0.13705795
t 159
c 426.95513 0.0 345.98 0.75784698 0.011019 0.13705795
t 159
c 426.95513 0.0 345.98 0.76119605 0.011019 0.13705795
t 159
c 426.95513 0.0 345.98 0.76454512 0.011019 0.13705795
t 159
c 426.95513 0.0 345.98 0.76789419 0.011019 0.13705795
t 159
c 426.95513 0.0 345.98 0.77124325 0.011019 0.13705795
t 159
c 426.95513 0.0 345.98 0.77459232 0.011019 0.13705795
t 159
c 426.95513 0.0 345.98 0.77794139 0.011019 0.13705795
t 159
c 426.95513 0.0 345.98 0.78129046 0.011019 0.13705795
t 159
c 426.95513 0.0 345.98 0.78463953 0.011019 0.13705795
t 159
c 426.95513 0.0 345.98 0.7879886 0.011019 0.13705795
t 159
c 426.95513 0.0 345.98 0.79133767 0.011019 0.13705795
t 159
c 426.95513 0.0 345.98 0.79468674 0.011019 0.13705795
t 159
c 426.95513 0.0 345.98 0.79803581 0.011019 0.13705795
t 159
c 426.95513 0.0 345.98 0.80138488 0.011019 0.13705795
t 159
c 426.95513 0.0 345.98 0.80473395 0.011019 0.13705795
t 159
c 426.95513 0.0 345.98 0.80808302 0.011019 0.13705795
t 159
c 426.95513 0.0 345.98 0.81143209 0.011019 0.13705795
t 159
c 426.95513 0.0 345.98 0.81478116 0.011019 0.13705795
t 159
c 426.95513 0.0 345.98 0.81813023 0.011019 0.13705795
t 159
c 426.95513 0.0 345.98 0.8214793 0.011019 0.13705795
t 159
c 426.95513 0.0 345.98 0.82482837 0.011019 0.13705795
t 159
c 426.95513 0.0 345.98 0.82817744 0.011019 0.13705795
t 159
c 426.95513 0.0 345.98 0.83152651 0.011019 0.13705795
t 159
c 426.95513 0.0 345.98 0.83487558 0.011019 0.13705795
t 159
c 426.95513 0.0 345.98 0.83822465 0.011019 0.13705795
t 159
c 426.95513 0.0 345.98 0.84157372 0.011019 0.13705795
t 159
c 426.95513 0.0 345.98 0.84492279 0.011019 0.13705795
t 159
c 426.95513 0.0 345.98 0.84827186 0.011019 0.13705795
t 159
c 426.95513 0.0 345.98 0.85162093 0.011019 0.13705795
t 159
c 426.95513 0.0 345.98 0.85497 0.011019 0.13705795
t 159
c 426.95513 0.0 345.98 0.85831907 0.011019 0.13705795
t 159
c 426.95513 0.0 345.98 0.86166814 0.011019 0.13705795
t 159
c 426.95513 0.0 345.98 0.86501721 0.011019 0.13705795
t 159
c 426.95513 0.0 345.98 0.86836628 0.011019 0.13705795
t 159
c 426.95513 0.0 345.98 0.87171535 0.011019 0.13705795
t 159
