c 326.0 0.0 334.0 0.0 0.0 0.0
c 326.0 0.0 334.0 0.00200847 0.0 0.0
c 326.0 0.0 334.0 0.00401694 0.0 0.0
c 326.0 0.0 334.0 0.0060254 0.0 0.0
c 326.0 0.0 334.0 0.00803387 0.0 0.0
c 326.0 0.0 334.0 0.01004234 0.0 0.0
c 326.0 0.0 334.0 0.01205081 0.0 0.0
c 326.0 0.0 334.0 0.01405928 0.0 0.0
c 326.0 0.0 334.0 0.01606774 0.0 0.0
c 326.0 0.0 334.0 0.01807621 0.0 0.0
c 326.0 0.0 334.0 0.02008468 0.0 0.0
c 326.0 0.0 334.0 0.02209315 0.0 0.0
c 326.0 0.0 334.0 0.02410162 0.0 0.0
c 326.0 0.0 334.0 0.02611008 0.0 0.0
c 326.0 0.0 334.0 0.02811855 0.0 0.0
c 326.0 0.0 334.0 0.03012702 0.0 0.0
c 326.0 0.0 334.0 0.03213549 0.0 0.0
c 326.0 0.0 334.0 0.03414396 0.0 0.0
c 326.0 0.0 334.0 0.03615242 0.0 0.0
c 326.0 0.0 334.0 0.03816089 0.0 0.0
c 326.0 0.0 334.0 0.04016936 0.0 0.0
c 326.0 0.0 334.0 0.04217783 0.0 0.0
c 326.0 0.0 334.0 0.04418629 0.0 0.0
c 326.0 0.0 334.0 0.04619476 0.0 0.0
c 326.0 0.0 334.0 0.04820323 0.0 0.0
c 326.0 0.0 334.0 0.0502117 0.0 0.0
c 326.0 0.0 334.0 0.05222017 0.0 0.0
c 326.0 0.0 334.0 0.05422863 0.0 0.0
c 326.0 0.0 334.0 0.0562371 0.0 0.0
c 326.0 0.0 334.0 0.05824557 0.0 0.0
c 326.0 0.0 334.0 0.06025404 0.0 0.0
c 326.0 0.0 334.0 0.06226251 0.0 0.0
c 326.0 0.0 334.0 0.06427097 0.0 0.0
c 326.0 0.0 334.0 0.06627944 0.0 0.0
c 326.0 0.0 334.0 0.06828791 0.0 0.0
c 326.0 0.0 334.0 0.07029638 0.0 0.0
c 326.0 0.0 334.0 0.07230485 0.0 0.0
c 326.0 0.0 334.0 0.07431331 0.0 0.0
c 326.0 0.0 334.0 0.07632178 0.0 0.0
c 326.0 0.0 334.0 0.07833025 0.0 0.0
c 326.0 0.0 334.0 0.08033872 0.0 0.0
c 326.0 0.0 334.0 0.08234719 0.0 0.0
c 326.0 0.0 334.0 0.08435565 0.0 0.0
c 326.0 0.0 334.0 0.08636412 0.0 0.0
c 326.0 0.0 334.0 0.08837259 0.0 0.0
c 326.0 0.0 334.0 0.09038106 0.0 0.0
c 326.0 0.0 334.0 0.09238953 0.0 0.0
c 326.0 0.0 334.0 0.09439799 0.0 0.0
c 326.0 0.0 334.0 0.09640646 0.0 0.0
c 326.0 0.0 334.0 0.09841493 0.0 0.0
c 326.0 0.0 334.0 0.1004234 0.0 0.0
c 326.0 0.0 334.0 0.10243187 0.0 0.0
c 326.0 0.0 334.0 0.10444033 0.0 0.0
c 326.0 0.0 334.0 0.1064488 0.0 0.0
c 326.0 0.0 334.0 0.10845727 0.0 0.0
c 326.0 0.0 334.0 0.11046574 0.0 0.0
c 326.0 0.0 334.0 0.1124742 0.0 0.0
c 326.0 0.0 334.0 0.11448267 0.0 0.0
c 326.0 0.0 334.0 0.11649114 0.0 0.0
c 326.0 0.0 334.0 0.11849961 0.0 0.0
c 326.0 0.0 334.0 0.12050808 0.0 0.0
c 326.0 0.0 334.0 0.12251654 0.0 0.0
c 326.0 0.0 334.0 0.12452501 0.0 0.0
c 326.0 0.0 334.0 0.12653348 0.0 0.0
c 326.0 0.0 334.0 0.12854195 0.0 0.0
c 326.0 0.0 334.0 0.13055042 0.0 0.0
c 326.0 0.0 334.0 0.13255888 0.0 0.0
c 326.0 0.0 334.0 0.13456735 0.0 0.0
c 326.0 0.0 334.0 0.13657582 0.0 0.0
c 326.0 0.0 334.0 0.13858429 0.0 0.0
c 326.0 0.0 334.0 0.14059276 0.0 0.0
c 326.0 0.0 334.0 0.14260122 0.0 0.0
c 326.0 0.0 334.0 0.14460969 0.0 0.0
c 326.0 0.0 334.0 0.14661816 0.0 0.0
c 326.0 0.0 334.0 0.14862663 0.0 0.0
c 326.0 0.0 334.0 0.1506351 0.0 0.0
c 326.0 0.0 334.0 0.15264356 0.0 0.0
c 326.0 0.0 334.0 0.15465203 0.0 0.0
c 326.0 0.0 334.0 0.1566605 0.0 0.0
c 326.0 0.0 334.0 0.15866897 0.0 0.0
c 326.0 0.0 334.0 0.16067744 0.0 0.0
c 326.0 0.0 334.0 0.1626859 0.0 0.0
c 326.0 0.0 334.0 0.16469437 0.0 0.0
c 326.0 0.0 334.0 0.16670284 0.0 0.0
c 326.0 0.0 334.0 0.16871131 0.0 0.0
c 326.0 0.0 334.0 0.17071978 0.0 0.0
c 326.0 0.0 334.0 0.17272824 0.0 0.0
c 326.0 0.0 334.0 0.17473671 0.0 0.0
c 326.0 0.0 334.0 0.17674518 0.0 0.0
c 326.0 0.0 334.0 0.17875365 0.0 0.0
c 326.0 0.0 334.0 0.18076211 0.0 0.0
c 326.0 0.0 334.0 0.18277058 0.0 0.0
c 326.0 0.0 334.0 0.18477905 0.0 0.0
c 326.0 0.0 334.0 0.18678752 0.0 0.0
c 326.0 0.0 334.0 0.18879599 0.0 0.0
c 326.0 0.0 334.0 0.19080445 0.0 0.0
c 326.0 0.0 334.0 0.19281292 0.0 0.0
c 326.0 0.0 334.0 0.19482139 0.0 0.0
c 326.0 0.0 334.0 0.19682986 0.0 0.0
c 326.0 0.0 334.0 0.19883833 0.0 0.0
c 326.0 0.0 334.0 0.20084679 0.0 0.0
c 326.0 0.0 334.0 0.20285526 0.0 0.0
c 326.0 0.0 334.0 0.20486373 0.0 0.0
c 326.0 0.0 334.0 0.2068722 0.0 0.0
c 326.0 0.0 334.0 0.20888067 0.0 0.0
c 326.0 0.0 334.0 0.21088913 0.0 0.0
c 326.0 0.0 334.0 0.2128976 0.0 0.0
c 326.0 0.0 334.0 0.21490607 0.0 0.0
c 326.0 0.0 334.0 0.21691454 0.0 0.0
c 326.0 0.0 334.0 0.21892301 0.0 0.0
c 326.0 0.0 334.0 0.22093147 0.0 0.0
c 326.0 0.0 334.0 0.22293994 0.0 0.0
c 326.0 0.0 334.0 0.22494841 0.0 0.0
c 326.0 0.0 334.0 0.22695688 0.0 0.0
c 326.0 0.0 334.0 0.22896535 0.0 0.0
c 326.0 0.0 334.0 0.23097381 0.0 0.0
c 326.0 0.0 334.0 0.23298228 0.0 0.0
c 326.0 0.0 334.0 0.23499075 0.0 0.0
c 326.0 0.0 334.0 0.23699922 0.0 0.0
c 326.0 0.0 334.0 0.23900769 0.0 0.0
c 326.0 0.0 334.0 0.24101615 0.0 0.0
c 326.0 0.0 334.0 0.24302462 0.0 0.0
c 326.0 0.0 334.0 0.24503309 0.0 0.0
c 326.0 0.0 334.0 0.24704156 0.0 0.0
c 326.0 0.0 334.0 0.24905003 0.0 0.0
c 326.0 0.0 334.0 0.25105849 0.0 0.0
c 326.0 0.0 334.0 0.25306696 0.0 0.0
c 326.0 0.0 334.0 0.25507543 0.0 0.0
c 326.0 0.0 334.0 0.2570839 0.0 0.0
c 326.0 0.0 334.0 0.25909236 0.0 0.0
c 326.0 0.0 334.0 0.26110083 0.0 0.0
c 326.0 0.0 334.0 0.2631093 0.0 0.0
c 326.0 0.0 334.0 0.26511777 0.0 0.0
c 326.0 0.0 334.0 0.26712624 0.0 0.0
c 326.0 0.0 334.0 0.2691347 0.0 0.0
c 326.0 0.0 334.0 0.27114317 0.0 0.0
c 326.0 0.0 334.0 0.27315164 0.0 0.0
c 326.0 0.0 334.0 0.27516011 0.0 0.0
c 326.0 0.0 334.0 0.27716858 0.0 0.0
c 326.0 0.0 334.0 0.27917704 0.0 0.0
c 326.0 0.0 334.0 0.28118551 0.0 0.0
c 326.0 0.0 334.0 0.28319398 0.0 0.0
c 326.0 0.0 334.0 0.28520245 0.0 0.0
c 326.0 0.0 334.0 0.28721092 0.0 0.0
c 326.0 0.0 334.0 0.28921938 0.0 0.0
c 326.0 0.0 334.0 0.29122785 0.0 0.0
c 326.0 0.0 334.0 0.29323632 0.0 0.0
c 326.0 0.0 334.0 0.29524479 0.0 0.0
c 326.0 0.0 334.0 0.29725326 0.0 0.0
c 326.0 0.0 334.0 0.29926172 0.0 0.0
c 326.0 0.0 334.0 0.30127019 0.0 0.0
c 326.0 0.0 334.0 0.30327866 0.0 0.0
c 326.0 0.0 334.0 0.30528713 0.0 0.0
c 326.0 0.0 334.0 0.3072956 0.0 0.0
c 326.0 0.0 334.0 0.30930406 0.0 0.0
c 326.0 0.0 334.0 0.31131253 0.0 0.0
c 326.0 0.0 334.0 0.313321 0.0 0.0
c 326.0 0.0 334.0 0.31532947 0.0 0.0
c 326.0 0.0 334.0 0.31733794 0.0 0.0
c 326.0 0.0 334.0 0.3193464 0.0 0.0
c 326.0 0.0 334.0 0.32135487 0.0 0.0
c 326.0 0.0 334.0 0.32336334 0.0 0.0
c 326.0 0.0 334.0 0.32537181 0.0 0.0
c 326.0 0.0 334.0 0.32738027 0.0 0.0
c 326.0 0.0 334.0 0.32938874 0.0 0.0
c 326.0 0.0 334.0 0.33139721 0.0 0.0
c 326.0 0.0 334.0 0.33340568 0.0 0.0
c 326.0 0.0 334.0 0.33541415 0.0 0.0
c 326.0 0.0 334.0 0.33742261 0.0 0.0
c 326.0 0.0 334.0 0.33943108 0.0 0.0
c 326.0 0.0 334.0 0.34143955 0.0 0.0
c 326.0 0.0 334.0 0.34344802 0.0 0.0
c 326.0 0.0 334.0 0.34545649 0.0 0.0
c 326.0 0.0 334.0 0.34746495 0.0 0.0
c 326.0 0.0 334.0 0.34947342 0.0 0.0
c 326.0 0.0 334.0 0.35148189 0.0 0.0
c 326.0 0.0 334.0 0.35349036 0.0 0.0
c 326.0 0.0 334.0 0.35549883 0.0 0.0
c 326.0 0.0 334.0 0.35750729 0.0 0.0
c 326.0 0.0 334.0 0.35951576 0.0 0.0
c 326.0 0.0 334.0 0.36152423 0.0 0.0
c 326.0 0.0 334.0 0.3635327 0.0 0.0
c 326.0 0.0 334.0 0.36554117 0.0 0.0
c 326.0 0.0 334.0 0.36754963 0.0 0.0
c 326.0 0.0 334.0 0.3695581 0.0 0.0
c 326.0 0.0 334.0 0.37156657 0.0 0.0
c 326.0 0.0 334.0 0.37357504 0.0 0.0
c 326.0 0.0 334.0 0.37558351 0.0 0.0
c 326.0 0.0 334.0 0.37759197 0.0 0.0
c 326.0 0.0 334.0 0.37960044 0.0 0.0
c 326.0 0.0 334.0 0.38160891 0.0 0.0
c 326.0 0.0 334.0 0.38361738 0.0 0.0
c 326.0 0.0 334.0 0.38562585 0.0 0.0
c 326.0 0.0 334.0 0.38763431 0.0 0.0
c 326.0 0.0 334.0 0.38964278 0.0 0.0
c 326.0 0.0 334.0 0.39165125 0.0 0.0
c 326.0 0.0 334.0 0.39365972 0.0 0.0
c 326.0 0.0 334.0 0.39566819 0.0 0.0
c 326.0 0.0 334.0 0.39767665 0.0 0.0
c 326.0 0.0 334.0 0.39968512 0.0 0.0
c 326.0 0.0 334.0 0.40169359 0.0 0.0
c 326.0 0.0 334.0 0.40370206 0.0 0.0
c 326.0 0.0 334.0 0.40571052 0.0 0.0
c 326.0 0.0 334.0 0.40771899 0.0 0.0
c 326.0 0.0 334.0 0.40972746 0.0 0.0
c 326.0 0.0 334.0 0.41173593 0.0 0.0
c 326.0 0.0 334.0 0.4137444 0.0 0.0
c 326.0 0.0 334.0 0.41575286 0.0 0.0
c 326.0 0.0 334.0 0.41776133 0.0 0.0
c 326.0 0.0 334.0 0.4197698 0.0 0.0
c 326.0 0.0 334.0 0.42177827 0.0 0.0
c 326.0 0.0 334.0 0.42378674 0.0 0.0
c 326.0 0.0 334.0 0.4257952 0.0 0.0
c 326.0 0.0 334.0 0.42780367 0.0 0.0
c 326.0 0.0 334.0 0.42981214 0.0 0.0
c 326.0 0.0 334.0 0.43182061 0.0 0.0
c 326.0 0.0 334.0 0.43382908 0.0 0.0
c 326.0 0.0 334.0 0.43583754 0.0 0.0
c 326.0 0.0 334.0 0.43784601 0.0 0.0
c 326.0 0.0 334.0 0.43985448 0.0 0.0
c 326.0 0.0 334.0 0.44186295 0.0 0.0
c 326.0 0.0 334.0 0.44387142 0.0 0.0
c 326.0 0.0 334.0 0.44587988 0.0 0.0
c 326.0 0.0 334.0 0.44788835 0.0 0.0
c 326.0 0.0 334.0 0.44989682 0.0 0.0
c 326.0 0.0 334.0 0.45190529 0.0 0.0
c 326.0 0.0 334.0 0.45391376 0.0 0.0
c 326.0 0.0 334.0 0.45592222 0.0 0.0
c 326.0 0.0 334.0 0.45793069 0.0 0.0
c 326.0 0.0 334.0 0.45993916 0.0 0.0
c 326.0 0.0 334.0 0.46194763 0.0 0.0
c 326.0 0.0 334.0 0.4639561 0.0 0.0
c 326.0 0.0 334.0 0.46596456 0.0 0.0
c 326.0 0.0 334.0 0.46797303 0.0 0.0
c 326.0 0.0 334.0 0.4699815 0.0 0.0
c 326.0 0.0 334.0 0.47198997 0.0 0.0
c 326.0 0.0 334.0 0.47399843 0.0 0.0
c 326.0 0.0 334.0 0.4760069 0.0 0.0
c 326.0 0.0 334.0 0.47801537 0.0 0.0
c 326.0 0.0 334.0 0.48002384 0.0 0.0
c 326.0 0.0 334.0 0.48203231 0.0 0.0
c 326.0 0.0 334.0 0.48404077 0.0 0.0
c 326.0 0.0 334.0 0.48604924 0.0 0.0
c 326.0 0.0 334.0 0.48805771 0.0 0.0
c 326.0 0.0 334.0 0.49006618 0.0 0.0
c 326.0 0.0 334.0 0.49207465 0.0 0.0
c 326.0 0.0 334.0 0.49408311 0.0 0.0
c 326.0 0.0 334.0 0.49609158 0.0 0.0
c 326.0 0.0 334.0 0.49810005 0.0 0.0
c 326.0 0.0 334.0 0.50010852 0.0 0.0
c 326.0 0.0 334.0 0.50211699 0.0 0.0
c 326.0 0.0 334.0 0.50412545 0.0 0.0
c 326.0 0.0 334.0 0.50613392 0.0 0.0
c 326.0 0.0 334.0 0.50814239 0.0 0.0
c 326.0 0.0 334.0 0.51015086 0.0 0.0
c 326.0 0.0 334.0 0.51215933 0.0 0.0
c 326.0 0.0 334.0 0.51416779 0.0 0.0
c 326.0 0.0 334.0 0.51617626 0.0 0.0
c 326.0 0.0 334.0 0.51818473 0.0 0.0
c 326.0 0.0 334.0 0.5201932 0.0 0.0
c 326.0 0.0 334.0 0.52220167 0.0 0.0
c 326.0 0.0 334.0 0.52421013 0.0 0.0
c 326.0 0.0 334.0 0.5262186 0.0 0.0
c 326.0 0.0 334.0 0.52822707 0.0 0.0
c 326.0 0.0 334.0 0.53023554 0.0 0.0
c 326.0 0.0 334.0 0.53224401 0.0 0.0
c 326.0 0.0 334.0 0.53425247 0.0 0.0
c 326.0 0.0 334.0 0.53626094 0.0 0.0
c 326.0 0.0 334.0 0.53826941 0.0 0.0
c 326.0 0.0 334.0 0.54027788 0.0 0.0
c 326.0 0.0 334.0 0.54228635 0.0 0.0
c 326.0 0.0 334.0 0.54429481 0.0 0.0
c 326.0 0.0 334.0 0.54630328 0.0 0.0
c 326.0 0.0 334.0 0.54831175 0.0 0.0
c 326.0 0.0 334.0 0.55032022 0.0 0.0
c 326.0 0.0 334.0 0.55232868 0.0 0.0
c 326.0 0.0 334.0 0.55433715 0.0 0.0
c 326.0 0.0 334.0 0.55634562 0.0 0.0
c 326.0 0.0 334.0 0.55835409 0.0 0.0
c 326.0 0.0 334.0 0.56036256 0.0 0.0
c 326.0 0.0 334.0 0.56237102 0.0 0.0
c 326.0 0.0 334.0 0.56437949 0.0 0.0
c 326.0 0.0 334.0 0.56638796 0.0 0.0
c 326.0 0.0 334.0 0.56839643 0.0 0.0
c 326.0 0.0 334.0 0.5704049 0.0 0.0
c 326.0 0.0 334.0 0.57241336 0.0 0.0
c 326.0 0.0 334.0 0.57442183 0.0 0.0
c 326.0 0.0 334.0 0.5764303 0.0 0.0
c 326.0 0.0 334.0 0.57843877 0.0 0.0
c 326.0 0.0 334.0 0.58044724 0.0 0.0
c 326.0 0.0 334.0 0.5824557 0.0 0.0
c 326.0 0.0 334.0 0.58446417 0.0 0.0
c 326.0 0.0 334.0 0.58647264 0.0 0.0
c 326.0 0.0 334.0 0.58848111 0.0 0.0
c 326.0 0.0 334.0 0.59048958 0.0 0.0
c 326.0 0.0 334.0 0.59249804 0.0 0.0
c 326.0 0.0 334.0 0.59450651 0.0 0.0
c 326.0 0.0 334.0 0.59651498 0.0 0.0
c 326.0 0.0 334.0 0.59852345 0.0 0.0
c 326.0 0.0 334.0 0.60053192 0.0 0.0
c 326.0 0.0 334.0 0.60254038 0.0 0.0
c 326.0 0.0 334.0 0.60454885 0.0 0.0
c 326.0 0.0 334.0 0.60655732 0.0 0.0
c 326.0 0.0 334.0 0.60856579 0.0 0.0
c 326.0 0.0 334.0 0.61057426 0.0 0.0
c 326.0 0.0 334.0 0.61258272 0.0 0.0
c 326.0 0.0 334.0 0.61459119 0.0 0.0
c 326.0 0.0 334.0 0.61659966 0.0 0.0
c 326.0 0.0 334.0 0.61860813 0.0 0.0
c 326.0 0.0 334.0 0.62061659 0.0 0.0
c 326.0 0.0 334.0 0.62262506 0.0 0.0
c 326.0 0.0 334.0 0.62463353 0.0 0.0
c 326.0 0.0 334.0 0.626642 0.0 0.0
c 326.0 0.0 334.0 0.62865047 0.0 0.0
c 326.0 0.0 334.0 0.63065893 0.0 0.0
c 326.0 0.0 334.0 0.6326674 0.0 0.0
c 326.0 0.0 334.0 0.63467587 0.0 0.0
c 326.0 0.0 334.0 0.63668434 0.0 0.0
c 326.0 0.0 334.0 0.63869281 0.0 0.0
c 326.0 0.0 334.0 0.64070127 0.0 0.0
c 326.0 0.0 334.0 0.64270974 0.0 0.0
c 326.0 0.0 334.0 0.64471821 0.0 0.0
c 326.0 0.0 334.0 0.64672668 0.0 0.0
c 326.0 0.0 334.0 0.64873515 0.0 0.0
c 326.0 0.0 334.0 0.65074361 0.0 0.0
c 326.0 0.0 334.0 0.65275208 0.0 0.0
c 326.0 0.0 334.0 0.65476055 0.0 0.0
c 326.0 0.0 334.0 0.65676902 0.0 0.0
c 326.0 0.0 334.0 0.65877749 0.0 0.0
c 326.0 0.0 334.0 0.66078595 0.0 0.0
c 326.0 0.0 334.0 0.66279442 0.0 0.0
c 326.0 0.0 334.0 0.66480289 0.0 0.0
c 326.0 0.0 334.0 0.66681136 0.0 0.0
c 326.0 0.0 334.0 0.66881983 0.0 0.0
c 326.0 0.0 334.0 0.67082829 0.0 0.0
c 326.0 0.0 334.0 0.67283676 0.0 0.0
c 326.0 0.0 334.0 0.67484523 0.0 0.0
c 326.0 0.0 334.0 0.6768537 0.0 0.0
c 326.0 0.0 334.0 0.67886217 0.0 0.0
c 326.0 0.0 334.0 0.68087063 0.0 0.0
c 326.0 0.0 334.0 0.6828791 0.0 0.0
c 326.0 0.0 334.0 0.68488757 0.0 0.0
c 326.0 0.0 334.0 0.68689604 0.0 0.0
c 326.0 0.0 334.0 0.6889045 0.0 0.0
c 326.0 0.0 334.0 0.69091297 0.0 0.0
c 326.0 0.0 334.0 0.69292144 0.0 0.0
c 326.0 0.0 334.0 0.69492991 0.0 0.0
c 326.0 0.0 334.0 0.69693838 0.0 0.0
c 326.0 0.0 334.0 0.69894684 0.0 0.0
c 326.0 0.0 334.0 0.70095531 0.0 0.0
c 326.0 0.0 334.0 0.70296378 0.0 0.0
c 326.0 0.0 334.0 0.70497225 0.0 0.0
c 326.0 0.0 334.0 0.70698072 0.0 0.0
c 326.0 0.0 334.0 0.70898918 0.0 0.0
c 326.0 0.0 334.0 0.71099765 0.0 0.0
c 326.0 0.0 334.0 0.71300612 0.0 0.0
c 326.0 0.0 334.0 0.71501459 0.0 0.0
c 326.0 0.0 334.0 0.71702306 0.0 0.0
c 326.0 0.0 334.0 0.71903152 0.0 0.0
c 326.0 0.0 334.0 0.72103999 0.0 0.0
c 326.0 0.0 334.0 0.72304846 0.0 0.0
c 326.0 0.0 334.0 0.72505693 0.0 0.0
c 326.0 0.0 334.0 0.7270654 0.0 0.0
c 326.0 0.0 334.0 0.72907386 0.0 0.0
c 326.0 0.0 334.0 0.73108233 0.0 0.0
c 326.0 0.0 334.0 0.7330908 0.0 0.0
c 326.0 0.0 334.0 0.73509927 0.0 0.0
c 326.0 0.0 334.0 0.73710774 0.0 0.0
c 326.0 0.0 334.0 0.7391162 0.0 0.0
c 326.0 0.0 334.0 0.74112467 0.0 0.0
c 326.0 0.0 334.0 0.74313314 0.0 0.0
c 326.0 0.0 334.0 0.74514161 0.0 0.0
c 326.0 0.0 334.0 0.74715008 0.0 0.0
c 326.0 0.0 334.0 0.74915854 0.0 0.0
c 326.0 0.0 334.0 0.75116701 0.0 0.0
c 326.0 0.0 334.0 0.75317548 0.0 0.0
c 326.0 0.0 334.0 0.75518395 0.0 0.0
c 326.0 0.0 334.0 0.75719242 0.0 0.0
c 326.0 0.0 334.0 0.75920088 0.0 0.0
c 326.0 0.0 334.0 0.76120935 0.0 0.0
c 326.0 0.0 334.0 0.76321782 0.0 0.0
c 326.0 0.0 334.0 0.76522629 0.0 0.0
c 326.0 0.0 334.0 0.76723475 0.0 0.0
c 326.0 0.0 334.0 0.76924322 0.0 0.0
c 326.0 0.0 334.0 0.77125169 0.0 0.0
c 326.0 0.0 334.0 0.77326016 0.0 0.0
c 326.0 0.0 334.0 0.77526863 0.0 0.0
c 326.0 0.0 334.0 0.77727709 0.0 0.0
c 326.0 0.0 334.0 0.77928556 0.0 0.0
c 326.0 0.0 334.0 0.78129403 0.0 0.0
c 326.0 0.0 334.0 0.7833025 0.0 0.0
c 326.0 0.0 334.0 0.78531097 0.0 0.0
c 326.0 0.0 334.0 0.78731943 0.0 0.0
c 326.0 0.0 334.0 0.7893279 0.0 0.0
c 326.0 0.0 334.0 0.79133637 0.0 0.0
c 326.0 0.0 334.0 0.79334484 0.0 0.0
c 326.0 0.0 334.0 0.79535331 0.0 0.0
c 326.0 0.0 334.0 0.79736177 0.0 0.0
c 326.0 0.0 334.0 0.79937024 0.0 0.0
c 326.0 0.0 334.0 0.80137871 0.0 0.0
c 326.0 0.0 334.0 0.80338718 0.0 0.0
c 326.0 0.0 334.0 0.80539565 0.0 0.0
c 326.0 0.0 334.0 0.80740411 0.0 0.0
c 326.0 0.0 334.0 0.80941258 0.0 0.0
c 326.0 0.0 334.0 0.81142105 0.0 0.0
c 326.0 0.0 334.0 0.81342952 0.0 0.0
c 326.0 0.0 334.0 0.81543799 0.0 0.0
c 326.0 0.0 334.0 0.81744645 0.0 0.0
c 326.0 0.0 334.0 0.81945492 0.0 0.0
c 326.0 0.0 334.0 0.82146339 0.0 0.0
c 326.0 0.0 334.0 0.82347186 0.0 0.0
c 326.0 0.0 334.0 0.82548033 0.0 0.0
c 326.0 0.0 334.0 0.82748879 0.0 0.0
c 326.0 0.0 334.0 0.82949726 0.0 0.0
c 326.0 0.0 334.0 0.83150573 0.0 0.0
c 326.0 0.0 334.0 0.8335142 0.0 0.0
c 326.0 0.0 334.0 0.83552266 0.0 0.0
c 326.0 0.0 334.0 0.83753113 0.0 0.0
c 326.0 0.0 334.0 0.8395396 0.0 0.0
c 326.0 0.0 334.0 0.84154807 0.0 0.0
c 326.0 0.0 334.0 0.84355654 0.0 0.0
c 326.0 0.0 334.0 0.845565 0.0 0.0
c 326.0 0.0 334.0 0.84757347 0.0 0.0
c 326.0 0.0 334.0 0.84958194 0.0 0.0
c 326.0 0.0 334.0 0.85159041 0.0 0.0
c 326.0 0.0 334.0 0.85359888 0.0 0.0
c 326.0 0.0 334.0 0.85560734 0.0 0.0
c 326.0 0.0 334.0 0.85761581 0.0 0.0
c 326.0 0.0 334.0 0.85962428 0.0 0.0
c 326.0 0.0 334.0 0.86163275 0.0 0.0
c 326.0 0.0 334.0 0.86364122 0.0 0.0
c 326.0 0.0 334.0 0.86564968 0.0 0.0
c 326.0 0.0 334.0 0.86765815 0.0 0.0
c 326.0 0.0 334.0 0.86966662 0.0 0.0
c 326.0 0.0 334.0 0.87167509 0.0 0.0
c 326.0 0.0 334.0 0.87368356 0.0 0.0
c 326.0 0.0 334.0 0.87569202 0.0 0.0
c 326.0 0.0 334.0 0.87770049 0.0 0.0
c 326.0 0.0 334.0 0.87970896 0.0 0.0
c 326.0 0.0 334.0 0.88171743 0.0 0.0
c 326.0 0.0 334.0 0.8837259 0.0 0.0
c 326.0 0.0 334.0 0.88573436 0.0 0.0
c 326.0 0.0 334.0 0.88774283 0.0 0.0
c 326.0 0.0 334.0 0.8897513 0.0 0.0
c 326.0 0.0 334.0 0.89175977 0.0 0.0
c 326.0 0.0 334.0 0.89376824 0.0 0.0
c 326.0 0.0 334.0 0.8957767 0.0 0.0
c 326.0 0.0 334.0 0.89778517 0.0 0.0
c 326.0 0.0 334.0 0.89979364 0.0 0.0
c 326.0 0.0 334.0 0.90180211 0.0 0.0
c 326.0 0.0 334.0 0.90381058 0.0 0.0
c 326.0 0.0 334.0 0.90581904 0.0 0.0
c 326.0 0.0 334.0 0.90782751 0.0 0.0
c 326.0 0.0 334.0 0.90983598 0.0 0.0
c 326.0 0.0 334.0 0.91184445 0.0 0.0
c 326.0 0.0 334.0 0.91385291 0.0 0.0
c 326.0 0.0 334.0 0.91586138 0.0 0.0
c 326.0 0.0 334.0 0.91786985 0.0 0.0
c 326.0 0.0 334.0 0.91987832 0.0 0.0
c 326.0 0.0 334.0 0.92188679 0.0 0.0
c 326.0 0.0 334.0 0.92389525 0.0 0.0
c 326.0 0.0 334.0 0.92590372 0.0 0.0
c 326.0 0.0 334.0 0.92791219 0.0 0.0
c 326.0 0.0 334.0 0.92992066 0.0 0.0
c 326.0 0.0 334.0 0.93192913 0.0 0.0
c 326.0 0.0 334.0 0.93393759 0.0 0.0
c 326.0 0.0 334.0 0.93594606 0.0 0.0
c 326.0 0.0 334.0 0.93795453 0.0 0.0
c 326.0 0.0 334.0 0.939963 0.0 0.0
c 326.0 0.0 334.0 0.94197147 0.0 0.0
c 326.0 0.0 334.0 0.94397993 0.0 0.0
c 326.0 0.0 334.0 0.9459884 0.0 0.0
c 326.0 0.0 334.0 0.94799687 0.0 0.0
c 326.0 0.0 334.0 0.95000534 0.0 0.0
c 326.0 0.0 334.0 0.95201381 0.0 0.0
c 326.0 0.0 334.0 0.95402227 0.0 0.0
c 326.0 0.0 334.0 0.95603074 0.0 0.0
c 326.0 0.0 334.0 0.95803921 0.0 0.0
c 326.0 0.0 334.0 0.96004768 0.0 0.0
c 326.0 0.0 334.0 0.96205615 0.0 0.0
c 326.0 0.0 334.0 0.96406461 0.0 0.0
c 326.0 0.0 334.0 0.96607308 0.0 0.0
c 326.0 0.0 334.0 0.96808155 0.0 0.0
c 326.0 0.0 334.0 0.97009002 0.0 0.0
c 326.0 0.0 334.0 0.97209849 0.0 0.0
c 326.0 0.0 334.0 0.97410695 0.0 0.0
c 326.0 0.0 334.0 0.97611542 0.0 0.0
c 326.0 0.0 334.0 0.97812389 0.0 0.0
c 326.0 0.0 334.0 0.98013236 0.0 0.0
c 326.0 0.0 334.0 0.98214082 0.0 0.0
c 326.0 0.0 334.0 0.98414929 0.0 0.0
c 326.0 0.0 334.0 0.98615776 0.0 0.0
c 326.0 0.0 334.0 0.98816623 0.0 0.0
c 326.0 0.0 334.0 0.9901747 0.0 0.0
c 326.0 0.0 334.0 0.99218316 0.0 0.0
c 326.0 0.0 334.0 0.99419163 0.0 0.0
c 326.0 0.0 334.0 0.9962001 0.0 0.0
c 326.0 0.0 334.0 0.99820857 0.0 0.0
c 326.0 0.0 334.0 1.00021704 0.0 0.0
c 326.0 0.0 334.0 1.0022255 0.0 0.0
c 326.0 0.0 334.0 1.00423397 0.0 0.0
c 326.0 0.0 334.0 1.00624244 0.0 0.0
c 326.0 0.0 334.0 1.00825091 0.0 0.0
c 326.0 0.0 334.0 1.01025938 0.0 0.0
c 326.0 0.0 334.0 1.01226784 0.0 0.0
c 326.0 0.0 334.0 1.01427631 0.0 0.0
c 326.0 0.0 334.0 1.01628478 0.0 0.0
c 326.0 0.0 334.0 1.01829325 0.0 0.0
c 326.0 0.0 334.0 1.02030172 0.0 0.0
c 326.0 0.0 334.0 1.02231018 0.0 0.0
c 326.0 0.0 334.0 1.02431865 0.0 0.0
c 326.0 0.0 334.0 1.02632712 0.0 0.0
c 326.0 0.0 334.0 1.02833559 0.0 0.0
c 326.0 0.0 334.0 1.03034406 0.0 0.0
c 326.0 0.0 334.0 1.03235252 0.0 0.0
c 326.0 0.0 334.0 1.03436099 0.0 0.0
c 326.0 0.0 334.0 1.03636946 0.0 0.0
c 326.0 0.0 334.0 1.03837793 0.0 0.0
c 326.0 0.0 334.0 1.0403864 0.0 0.0
c 326.0 0.0 334.0 1.04239486 0.0 0.0
c 326.0 0.0 334.0 1.04440333 0.0 0.0
c 326.0 0.0 334.0 1.0464118 0.0 0.0
c 326.0 0.0 334.0 1.04842027 0.0 0.0
c 326.0 0.0 334.0 1.05042873 0.0 0.0
c 326.0 0.0 334.0 1.0524372 0.0 0.0
c 326.0 0.0 334.0 1.05444567 0.0 0.0
c 326.0 0.0 334.0 1.05645414 0.0 0.0
c 326.0 0.0 334.0 1.05846261 0.0 0.0
c 326.0 0.0 334.0 1.06047107 0.0 0.0
c 326.0 0.0 334.0 1.06247954 0.0 0.0
c 326.0 0.0 334.0 1.06448801 0.0 0.0
c 326.0 0.0 334.0 1.06649648 0.0 0.0
c 326.0 0.0 334.0 1.06850495 0.0 0.0
c 326.0 0.0 334.0 1.07051341 0.0 0.0
c 326.0 0.0 334.0 1.07252188 0.0 0.0
c 326.0 0.0 334.0 1.07453035 0.0 0.0
c 326.0 0.0 334.0 1.07653882 0.0 0.0
c 326.0 0.0 334.0 1.07854729 0.0 0.0
c 326.0 0.0 334.0 1.08055575 0.0 0.0
c 326.0 0.0 334.0 1.08256422 0.0 0.0
c 326.0 0.0 334.0 1.08457269 0.0 0.0
c 326.0 0.0 334.0 1.08658116 0.0 0.0
c 326.0 0.0 334.0 1.08858963 0.0 0.0
c 326.0 0.0 334.0 1.09059809 0.0 0.0
c 326.0 0.0 334.0 1.09260656 0.0 0.0
c 326.0 0.0 334.0 1.09461503 0.0 0.0
c 326.0 0.0 334.0 1.0966235 0.0 0.0
c 326.0 0.0 334.0 1.09863197 0.0 0.0
c 326.0 0.0 334.0 1.10064043 0.0 0.0
c 326.0 0.0 334.0 1.1026489 0.0 0.0
c 326.0 0.0 334.0 1.10465737 0.0 0.0
c 326.0 0.0 334.0 1.10666584 0.0 0.0
c 326.0 0.0 334.0 1.10867431 0.0 0.0
c 326.0 0.0 334.0 1.11068277 0.0 0.0
c 326.0 0.0 334.0 1.11269124 0.0 0.0
c 326.0 0.0 334.0 1.11469971 0.0 0.0
c 326.0 0.0 334.0 1.11670818 0.0 0.0
c 326.0 0.0 334.0 1.11871665 0.0 0.0
c 326.0 0.0 334.0 1.12072511 0.0 0.0
c 326.0 0.0 334.0 1.12273358 0.0 0.0
c 326.0 0.0 334.0 1.12474205 0.0 0.0
c 326.0 0.0 334.0 1.12675052 0.0 0.0
c 326.0 0.0 334.0 1.12875898 0.0 0.0
c 326.0 0.0 334.0 1.13076745 0.0 0.0
c 326.0 0.0 334.0 1.13277592 0.0 0.0
c 326.0 0.0 334.0 1.13478439 0.0 0.0
c 326.0 0.0 334.0 1.13679286 0.0 0.0
c 326.0 0.0 334.0 1.13880132 0.0 0.0
c 326.0 0.0 334.0 1.14080979 0.0 0.0
c 326.0 0.0 334.0 1.14281826 0.0 0.0
c 326.0 0.0 334.0 1.14482673 0.0 0.0
c 326.0 0.0 334.0 1.1468352 0.0 0.0
c 326.0 0.0 334.0 1.14884366 0.0 0.0
c 326.0 0.0 334.0 1.15085213 0.0 0.0
c 326.0 0.0 334.0 1.1528606 0.0 0.0
c 326.0 0.0 334.0 1.15486907 0.0 0.0
c 326.0 0.0 334.0 1.15687754 0.0 0.0
c 326.0 0.0 334.0 1.158886 0.0 0.0
c 326.0 0.0 334.0 1.16089447 0.0 0.0
c 326.0 0.0 334.0 1.16290294 0.0 0.0
c 326.0 0.0 334.0 1.16491141 0.0 0.0
c 326.0 0.0 334.0 1.16691988 0.0 0.0
c 326.0 0.0 334.0 1.16892834 0.0 0.0
c 326.0 0.0 334.0 1.17093681 0.0 0.0
c 326.0 0.0 334.0 1.17294528 0.0 0.0
c 326.0 0.0 334.0 1.17495375 0.0 0.0
c 326.0 0.0 334.0 1.17696222 0.0 0.0
c 326.0 0.0 334.0 1.17897068 0.0 0.0
c 326.0 0.0 334.0 1.18097915 0.0 0.0
c 326.0 0.0 334.0 1.18298762 0.0 0.0
c 326.0 0.0 334.0 1.18499609 0.0 0.0
c 326.0 0.0 334.0 1.18700456 0.0 0.0
c 326.0 0.0 334.0 1.18901302 0.0 0.0
c 326.0 0.0 334.0 1.19102149 0.0 0.0
c 326.0 0.0 334.0 1.19302996 0.0 0.0
c 326.0 0.0 334.0 1.19503843 0.0 0.0
c 326.0 0.0 334.0 1.19704689 0.0 0.0
c 326.0 0.0 334.0 1.19905536 0.0 0.0
c 326.0 0.0 334.0 1.20106383 0.0 0.0
c 326.0 0.0 334.0 1.2030723 0.0 0.0
c 326.0 0.0 334.0 1.20508077 0.0 0.0
c 326.0 0.0 334.0 1.20708923 0.0 0.0
c 326.0 0.0 334.0 1.2090977 0.0 0.0
c 326.0 0.0 334.0 1.21110617 0.0 0.0
c 326.0 0.0 334.0 1.21311464 0.0 0.0
c 326.0 0.0 334.0 1.21512311 0.0 0.0
c 326.0 0.0 334.0 1.21713157 0.0 0.0
c 326.0 0.0 334.0 1.21914004 0.0 0.0
c 326.0 0.0 334.0 1.22114851 0.0 0.0
c 326.0 0.0 334.0 1.22315698 0.0 0.0
c 326.0 0.0 334.0 1.22516545 0.0 0.0
c 326.0 0.0 334.0 1.22717391 0.0 0.0
c 326.0 0.0 334.0 1.22918238 0.0 0.0
c 326.0 0.0 334.0 1.23119085 0.0 0.0
c 326.0 0.0 334.0 1.23319932 0.0 0.0
c 326.0 0.0 334.0 1.23520779 0.0 0.0
c 326.0 0.0 334.0 1.23721625 0.0 0.0
c 326.0 0.0 334.0 1.23922472 0.0 0.0
c 326.0 0.0 334.0 1.24123319 0.0 0.0
c 326.0 0.0 334.0 1.24324166 0.0 0.0
c 326.0 0.0 334.0 1.24525013 0.0 0.0
c 326.0 0.0 334.0 1.24725859 0.0 0.0
c 326.0 0.0 334.0 1.24926706 0.0 0.0
c 326.0 0.0 334.0 1.25127553 0.0 0.0
c 326.0 0.0 334.0 1.253284 0.0 0.0
c 326.0 0.0 334.0 1.25529247 0.0 0.0
c 326.0 0.0 334.0 1.25730093 0.0 0.0
c 326.0 0.0 334.0 1.2593094 0.0 0.0
c 326.0 0.0 334.0 1.26131787 0.0 0.0
c 326.0 0.0 334.0 1.26332634 0.0 0.0
c 326.0 0.0 334.0 1.2653348 0.0 0.0
c 326.0 0.0 334.0 1.26734327 0.0 0.0
c 326.0 0.0 334.0 1.26935174 0.0 0.0
c 326.0 0.0 334.0 1.27136021 0.0 0.0
c 326.0 0.0 334.0 1.27336868 0.0 0.0
c 326.0 0.0 334.0 1.27537714 0.0 0.0
c 326.0 0.0 334.0 1.27738561 0.0 0.0
c 326.0 0.0 334.0 1.27939408 0.0 0.0
c 326.0 0.0 334.0 1.28140255 0.0 0.0
c 326.0 0.0 334.0 1.28341102 0.0 0.0
c 326.0 0.0 334.0 1.28541948 0.0 0.0
c 326.0 0.0 334.0 1.28742795 0.0 0.0
c 326.0 0.0 334.0 1.28943642 0.0 0.0
c 326.0 0.0 334.0 1.29144489 0.0 0.0
c 326.0 0.0 334.0 1.29345336 0.0 0.0
c 326.0 0.0 334.0 1.29546182 0.0 0.0
c 326.0 0.0 334.0 1.29747029 0.0 0.0
c 326.0 0.0 334.0 1.29947876 0.0 0.0
c 326.0 0.0 334.0 1.30148723 0.0 0.0
c 326.0 0.0 334.0 1.3034957 0.0 0.0
c 326.0 0.0 334.0 1.30550416 0.0 0.0
c 326.0 0.0 334.0 1.30751263 0.0 0.0
c 326.0 0.0 334.0 1.3095211 0.0 0.0
c 326.0 0.0 334.0 1.31152957 0.0 0.0
c 326.0 0.0 334.0 1.31353804 0.0 0.0
c 326.0 0.0 334.0 1.3155465 0.0 0.0
c 326.0 0.0 334.0 1.31755497 0.0 0.0
c 326.0 0.0 334.0 1.31956344 0.0 0.0
c 326.0 0.0 334.0 1.32157191 0.0 0.0
c 326.0 0.0 334.0 1.32358038 0.0 0.0
c 326.0 0.0 334.0 1.32558884 0.0 0.0
c 326.0 0.0 334.0 1.32759731 0.0 0.0
c 326.0 0.0 334.0 1.32960578 0.0 0.0
c 326.0 0.0 334.0 1.33161425 0.0 0.0
c 326.0 0.0 334.0 1.33362272 0.0 0.0
c 326.0 0.0 334.0 1.33563118 0.0 0.0
c 326.0 0.0 334.0 1.33763965 0.0 0.0
c 326.0 0.0 334.0 1.33964812 0.0 0.0
c 326.0 0.0 334.0 1.34165659 0.0 0.0
c 326.0 0.0 334.0 1.34366505 0.0 0.0
c 326.0 0.0 334.0 1.34567352 0.0 0.0
c 326.0 0.0 334.0 1.34768199 0.0 0.0
c 326.0 0.0 334.0 1.34969046 0.0 0.0
c 326.0 0.0 334.0 1.35169893 0.0 0.0
c 326.0 0.0 334.0 1.35370739 0.0 0.0
c 326.0 0.0 334.0 1.35571586 0.0 0.0
c 326.0 0.0 334.0 1.35772433 0.0 0.0
c 326.0 0.0 334.0 1.3597328 0.0 0.0
c 326.0 0.0 334.0 1.36174127 0.0 0.0
c 326.0 0.0 334.0 1.36374973 0.0 0.0
c 326.0 0.0 334.0 1.3657582 0.0 0.0
c 326.0 0.0 334.0 1.36776667 0.0 0.0
c 326.0 0.0 334.0 1.36977514 0.0 0.0
c 326.0 0.0 334.0 1.37178361 0.0 0.0
c 326.0 0.0 334.0 1.37379207 0.0 0.0
c 326.0 0.0 334.0 1.37580054 0.0 0.0
c 326.0 0.0 334.0 1.37780901 0.0 0.0
c 326.0 0.0 334.0 1.37981748 0.0 0.0
c 326.0 0.0 334.0 1.38182595 0.0 0.0
c 326.0 0.0 334.0 1.38383441 0.0 0.0
c 326.0 0.0 334.0 1.38584288 0.0 0.0
c 326.0 0.0 334.0 1.38785135 0.0 0.0
c 326.0 0.0 334.0 1.38985982 0.0 0.0
c 326.0 0.0 334.0 1.39186829 0.0 0.0
c 326.0 0.0 334.0 1.39387675 0.0 0.0
c 326.0 0.0 334.0 1.39588522 0.0 0.0
c 326.0 0.0 334.0 1.39789369 0.0 0.0
c 326.0 0.0 334.0 1.39990216 0.0 0.0
c 326.0 0.0 334.0 1.40191063 0.0 0.0
c 326.0 0.0 334.0 1.40391909 0.0 0.0
c 326.0 0.0 334.0 1.40592756 0.0 0.0
c 326.0 0.0 334.0 1.40793603 0.0 0.0
c 326.0 0.0 334.0 1.4099445 0.0 0.0
c 326.0 0.0 334.0 1.41195296 0.0 0.0
c 326.0 0.0 334.0 1.41396143 0.0 0.0
c 326.0 0.0 334.0 1.4159699 0.0 0.0
c 326.0 0.0 334.0 1.41797837 0.0 0.0
c 326.0 0.0 334.0 1.41998684 0.0 0.0
c 326.0 0.0 334.0 1.4219953 0.0 0.0
c 326.0 0.0 334.0 1.42400377 0.0 0.0
c 326.0 0.0 334.0 1.42601224 0.0 0.0
c 326.0 0.0 334.0 1.42802071 0.0 0.0
c 326.0 0.0 334.0 1.43002918 0.0 0.0
c 326.0 0.0 334.0 1.43203764 0.0 0.0
c 326.0 0.0 334.0 1.43404611 0.0 0.0
c 326.0 0.0 334.0 1.43605458 0.0 0.0
c 326.0 0.0 334.0 1.43806305 0.0 0.0
c 326.0 0.0 334.0 1.44007152 0.0 0.0
c 326.0 0.0 334.0 1.44207998 0.0 0.0
c 326.0 0.0 334.0 1.44408845 0.0 0.0
c 326.0 0.0 334.0 1.44609692 0.0 0.0
c 326.0 0.0 334.0 1.44810539 0.0 0.0
c 326.0 0.0 334.0 1.45011386 0.0 0.0
c 326.0 0.0 334.0 1.45212232 0.0 0.0
c 326.0 0.0 334.0 1.45413079 0.0 0.0
c 326.0 0.0 334.0 1.45613926 0.0 0.0
c 326.0 0.0 334.0 1.45814773 0.0 0.0
c 326.0 0.0 334.0 1.4601562 0.0 0.0
c 326.0 0.0 334.0 1.46216466 0.0 0.0
c 326.0 0.0 334.0 1.46417313 0.0 0.0
c 326.0 0.0 334.0 1.4661816 0.0 0.0
c 326.0 0.0 334.0 1.46819007 0.0 0.0
c 326.0 0.0 334.0 1.47019854 0.0 0.0
c 326.0 0.0 334.0 1.472207 0.0 0.0
c 326.0 0.0 334.0 1.47421547 0.0 0.0
c 326.0 0.0 334.0 1.47622394 0.0 0.0
c 326.0 0.0 334.0 1.47823241 0.0 0.0
c 326.0 0.0 334.0 1.48024088 0.0 0.0
c 326.0 0.0 334.0 1.48224934 0.0 0.0
c 326.0 0.0 334.0 1.48425781 0.0 0.0
c 326.0 0.0 334.0 1.48626628 0.0 0.0
c 326.0 0.0 334.0 1.48827475 0.0 0.0
c 326.0 0.0 334.0 1.49028321 0.0 0.0
c 326.0 0.0 334.0 1.49229168 0.0 0.0
c 326.0 0.0 334.0 1.49430015 0.0 0.0
c 326.0 0.0 334.0 1.49630862 0.0 0.0
c 326.0 0.0 334.0 1.49831709 0.0 0.0
c 326.0 0.0 334.0 1.50032555 0.0 0.0
c 326.0 0.0 334.0 1.50233402 0.0 0.0
c 326.0 0.0 334.0 1.50434249 0.0 0.0
c 326.0 0.0 334.0 1.50635096 0.0 0.0
c 326.0 0.0 334.0 1.50835943 0.0 0.0
c 326.0 0.0 334.0 1.51036789 0.0 0.0
c 326.0 0.0 334.0 1.51237636 0.0 0.0
c 326.0 0.0 334.0 1.51438483 0.0 0.0
c 326.0 0.0 334.0 1.5163933 0.0 0.0
c 326.0 0.0 334.0 1.51840177 0.0 0.0
c 326.0 0.0 334.0 1.52041023 0.0 0.0
c 326.0 0.0 334.0 1.5224187 0.0 0.0
c 326.0 0.0 334.0 1.52442717 0.0 0.0
c 326.0 0.0 334.0 1.52643564 0.0 0.0
c 326.0 0.0 334.0 1.52844411 0.0 0.0
c 326.0 0.0 334.0 1.53045257 0.0 0.0
c 326.0 0.0 334.0 1.53246104 0.0 0.0
c 326.0 0.0 334.0 1.53446951 0.0 0.0
c 326.0 0.0 334.0 1.53647798 0.0 0.0
c 326.0 0.0 334.0 1.53848645 0.0 0.0
c 326.0 0.0 334.0 1.54049491 0.0 0.0
c 326.0 0.0 334.0 1.54250338 0.0 0.0
c 326.0 0.0 334.0 1.54451185 0.0 0.0
c 326.0 0.0 334.0 1.54652032 0.0 0.0
c 326.0 0.0 334.0 1.54852879 0.0 0.0
c 326.0 0.0 334.0 1.55053725 0.0 0.0
c 326.0 0.0 334.0 1.55254572 0.0 0.0
c 326.0 0.0 334.0 1.55455419 0.0 0.0
c 326.0 0.0 334.0 1.55656266 0.0 0.0
c 326.0 0.0 334.0 1.55857112 0.0 0.0
c 326.0 0.0 334.0 1.56057959 0.0 0.0
c 326.0 0.0 334.0 1.56258806 0.0 0.0
c 326.0 0.0 334.0 1.56459653 0.0 0.0
c 326.0 0.0 334.0 1.566605 0.0 0.0
c 326.0 0.0 334.0 1.56861346 0.0 0.0
c 326.0 0.0 334.0 1.57062193 0.0 0.0
c 326.0 0.0 334.0 1.5726304 0.0 0.0
c 326.0 0.0 334.0 1.57463887 0.0 0.0
c 326.0 0.0 334.0 1.57664734 0.0 0.0
c 326.0 0.0 334.0 1.5786558 0.0 0.0
c 326.0 0.0 334.0 1.58066427 0.0 0.0
c 326.0 0.0 334.0 1.58267274 0.0 0.0
c 326.0 0.0 334.0 1.58468121 0.0 0.0
c 326.0 0.0 334.0 1.58668968 0.0 0.0
c 326.0 0.0 334.0 1.58869814 0.0 0.0
c 326.0 0.0 334.0 1.59070661 0.0 0.0
c 326.0 0.0 334.0 1.59271508 0.0 0.0
c 326.0 0.0 334.0 1.59472355 0.0 0.0
c 326.0 0.0 334.0 1.59673202 0.0 0.0
c 326.0 0.0 334.0 1.59874048 0.0 0.0
c 326.0 0.0 334.0 1.60074895 0.0 0.0
c 326.0 0.0 334.0 1.60275742 0.0 0.0
c 326.0 0.0 334.0 1.60476589 0.0 0.0
c 326.0 0.0 334.0 1.60677436 0.0 0.0
c 326.0 0.0 334.0 1.60878282 0.0 0.0
c 326.0 0.0 334.0 1.61079129 0.0 0.0
c 326.0 0.0 334.0 1.61279976 0.0 0.0
c 326.0 0.0 334.0 1.61480823 0.0 0.0
c 326.0 0.0 334.0 1.6168167 0.0 0.0
c 326.0 0.0 334.0 1.61882516 0.0 0.0
c 326.0 0.0 334.0 1.62083363 0.0 0.0
c 326.0 0.0 334.0 1.6228421 0.0 0.0
c 326.0 0.0 334.0 1.62485057 0.0 0.0
c 326.0 0.0 334.0 1.62685903 0.0 0.0
c 326.0 0.0 334.0 1.6288675 0.0 0.0
c 326.0 0.0 334.0 1.63087597 0.0 0.0
c 326.0 0.0 334.0 1.63288444 0.0 0.0
c 326.0 0.0 334.0 1.63489291 0.0 0.0
c 326.0 0.0 334.0 1.63690137 0.0 0.0
c 326.0 0.0 334.0 1.63890984 0.0 0.0
c 326.0 0.0 334.0 1.64091831 0.0 0.0
c 326.0 0.0 334.0 1.64292678 0.0 0.0
c 326.0 0.0 334.0 1.64493525 0.0 0.0
c 326.0 0.0 334.0 1.64694371 0.0 0.0
c 326.0 0.0 334.0 1.64895218 0.0 0.0
c 326.0 0.0 334.0 1.65096065 0.0 0.0
c 326.0 0.0 334.0 1.65296912 0.0 0.0
c 326.0 0.0 334.0 1.65497759 0.0 0.0
c 326.0 0.0 334.0 1.65698605 0.0 0.0
c 326.0 0.0 334.0 1.65899452 0.0 0.0
c 326.0 0.0 334.0 1.66100299 0.0 0.0
c 326.0 0.0 334.0 1.66301146 0.0 0.0
c 326.0 0.0 334.0 1.66501993 0.0 0.0
c 326.0 0.0 334.0 1.66702839 0.0 0.0
c 326.0 0.0 334.0 1.66903686 0.0 0.0
c 326.0 0.0 334.0 1.67104533 0.0 0.0
c 326.0 0.0 334.0 1.6730538 0.0 0.0
c 326.0 0.0 334.0 1.67506227 0.0 0.0
c 326.0 0.0 334.0 1.67707073 0.0 0.0
c 326.0 0.0 334.0 1.6790792 0.0 0.0
c 326.0 0.0 334.0 1.68108767 0.0 0.0
c 326.0 0.0 334.0 1.68309614 0.0 0.0
c 326.0 0.0 334.0 1.68510461 0.0 0.0
c 326.0 0.0 334.0 1.68711307 0.0 0.0
c 326.0 0.0 334.0 1.68912154 0.0 0.0
c 326.0 0.0 334.0 1.69113001 0.0 0.0
c 326.0 0.0 334.0 1.69313848 0.0 0.0
c 326.0 0.0 334.0 1.69514695 0.0 0.0
c 326.0 0.0 334.0 1.69715541 0.0 0.0
c 326.0 0.0 334.0 1.69916388 0.0 0.0
c 326.0 0.0 334.0 1.70117235 0.0 0.0
c 326.0 0.0 334.0 1.70318082 0.0 0.0
c 326.0 0.0 334.0 1.70518928 0.0 0.0
c 326.0 0.0 334.0 1.70719775 0.0 0.0
c 326.0 0.0 334.0 1.70920622 0.0 0.0
c 326.0 0.0 334.0 1.71121469 0.0 0.0
c 326.0 0.0 334.0 1.71322316 0.0 0.0
c 326.0 0.0 334.0 1.71523162 0.0 0.0
c 326.0 0.0 334.0 1.71724009 0.0 0.0
c 326.0 0.0 334.0 1.71924856 0.0 0.0
c 326.0 0.0 334.0 1.72125703 0.0 0.0
c 326.0 0.0 334.0 1.7232655 0.0 0.0
c 326.0 0.0 334.0 1.72527396 0.0 0.0
c 326.0 0.0 334.0 1.72728243 0.0 0.0
c 326.0 0.0 334.0 1.7292909 0.0 0.0
c 326.0 0.0 334.0 1.73129937 0.0 0.0
c 326.0 0.0 334.0 1.73330784 0.0 0.0
c 326.0 0.0 334.0 1.7353163 0.0 0.0
c 326.0 0.0 334.0 1.73732477 0.0 0.0
c 326.0 0.0 334.0 1.73933324 0.0 0.0
c 326.0 0.0 334.0 1.74134171 0.0 0.0
c 326.0 0.0 334.0 1.74335018 0.0 0.0
c 326.0 0.0 334.0 1.74535864 0.0 0.0
c 326.0 0.0 334.0 1.74736711 0.0 0.0
c 326.0 0.0 334.0 1.74937558 0.0 0.0
c 326.0 0.0 334.0 1.75138405 0.0 0.0
c 326.0 0.0 334.0 1.75339252 0.0 0.0
c 326.0 0.0 334.0 1.75540098 0.0 0.0
c 326.0 0.0 334.0 1.75740945 0.0 0.0
c 326.0 0.0 334.0 1.75941792 0.0 0.0
c 326.0 0.0 334.0 1.76142639 0.0 0.0
c 326.0 0.0 334.0 1.76343486 0.0 0.0
c 326.0 0.0 334.0 1.76544332 0.0 0.0
c 326.0 0.0 334.0 1.76745179 0.0 0.0
c 326.0 0.0 334.0 1.76946026 0.0 0.0
c 326.0 0.0 334.0 1.77146873 0.0 0.0
c 326.0 0.0 334.0 1.77347719 0.0 0.0
c 326.0 0.0 334.0 1.77548566 0.0 0.0
c 326.0 0.0 334.0 1.77749413 0.0 0.0
c 326.0 0.0 334.0 1.7795026 0.0 0.0
c 326.0 0.0 334.0 1.78151107 0.0 0.0
c 326.0 0.0 334.0 1.78351953 0.0 0.0
c 326.0 0.0 334.0 1.785528 0.0 0.0
c 326.0 0.0 334.0 1.78753647 0.0 0.0
c 326.0 0.0 334.0 1.78954494 0.0 0.0
c 326.0 0.0 334.0 1.79155341 0.0 0.0
c 326.0 0.0 334.0 1.79356187 0.0 0.0
c 326.0 0.0 334.0 1.79557034 0.0 0.0
c 326.0 0.0 334.0 1.79757881 0.0 0.0
c 326.0 0.0 334.0 1.79958728 0.0 0.0
c 326.0 0.0 334.0 1.80159575 0.0 0.0
c 326.0 0.0 334.0 1.80360421 0.0 0.0
c 326.0 0.0 334.0 1.80561268 0.0 0.0
c 326.0 0.0 334.0 1.80762115 0.0 0.0
