c 326.0 0.0 334.0 0.0 0.27748895 0.0
c 326.0 0.0 334.0 0.0 0.27546994 0.0
c 326.0 0.0 334.0 0.0 0.27345093 0.0
c 326.0 0.0 334.0 0.0 0.27143193 0.0
c 326.0 0.0 334.0 0.0 0.26941292 0.0
c 326.0 0.0 334.0 0.0 0.26739391 0.0
c 326.0 0.0 334.0 0.0 0.2653749 0.0
c 326.0 0.0 334.0 0.0 0.2633559 0.0
c 326.0 0.0 334.0 0.0 0.26133689 0.0
c 326.0 0.0 334.0 0.0 0.25931788 0.0
c 326.0 0.0 334.0 0.0 0.25729887 0.0
c 326.0 0.0 334.0 0.0 0.25527987 0.0
c 326.0 0.0 334.0 0.0 0.25326086 0.0
c 326.0 0.0 334.0 0.0 0.25124185 0.0
c 326.0 0.0 334.0 0.0 0.24922284 0.0
c 326.0 0.0 334.0 0.0 0.24720384 0.0
c 326.0 0.0 334.0 0.0 0.24518483 0.0
c 326.0 0.0 334.0 0.0 0.24316582 0.0
c 326.0 0.0 334.0 0.0 0.24114681 0.0
c 326.0 0.0 334.0 0.0 0.23912781 0.0
c 326.0 0.0 334.0 0.0 0.2371088 0.0
c 326.0 0.0 334.0 0.0 0.23508979 0.0
c 326.0 0.0 334.0 0.0 0.23307078 0.0
c 326.0 0.0 334.0 0.0 0.23105178 0.0
c 326.0 0.0 334.0 0.0 0.22903277 0.0
c 326.0 0.0 334.0 0.0 0.22701376 0.0
c 326.0 0.0 334.0 0.0 0.22499475 0.0
c 326.0 0.0 334.0 0.0 0.22297575 0.0
c 326.0 0.0 334.0 0.0 0.22095674 0.0
c 326.0 0.0 334.0 0.0 0.21893773 0.0
c 326.0 0.0 334.0 0.0 0.21691872 0.0
c 326.0 0.0 334.0 0.0 0.21489972 0.0
c 326.0 0.0 334.0 0.0 0.21288071 0.0
c 326.0 0.0 334.0 0.0 0.2108617 0.0
c 326.0 0.0 334.0 0.0 0.20884269 0.0
c 326.0 0.0 334.0 0.0 0.20682369 0.0
c 326.0 0.0 334.0 0.0 0.20480468 0.0
c 326.0 0.0 334.0 0.0 0.20278567 0.0
c 326.0 0.0 334.0 0.0 0.20076666 0.0
c 326.0 0.0 334.0 0.0 0.19874766 0.0
c 326.0 0.0 334.0 0.0 0.19672865 0.0
c 326.0 0.0 334.0 0.0 0.19470964 0.0
c 326.0 0.0 334.0 0.0 0.19269063 0.0
c 326.0 0.0 334.0 0.0 0.19067163 0.0
c 326.0 0.0 334.0 0.0 0.18865262 0.0
c 326.0 0.0 334.0 0.0 0.18663361 0.0
c 326.0 0.0 334.0 0.0 0.1846146 0.0
c 326.0 0.0 334.0 0.0 0.1825956 0.0
c 326.0 0.0 334.0 0.0 0.18057659 0.0
c 326.0 0.0 334.0 0.0 0.17855758 0.0
c 326.0 0.0 334.0 0.0 0.17653857 0.0
c 326.0 0.0 334.0 0.0 0.17451957 0.0
c 326.0 0.0 334.0 0.0 0.17250056 0.0
c 326.0 0.0 334.0 0.0 0.17048155 0.0
c 326.0 0.0 334.0 0.0 0.16846254 0.0
c 326.0 0.0 334.0 0.0 0.16644353 0.0
c 326.0 0.0 334.0 0.0 0.16442453 0.0
c 326.0 0.0 334.0 0.0 0.16240552 0.0
c 326.0 0.0 334.0 0.0 0.16038651 0.0
c 326.0 0.0 334.0 0.0 0.1583675 0.0
c 326.0 0.0 334.0 0.0 0.1563485 0.0
c 326.0 0.0 334.0 0.0 0.15432949 0.0
c 326.0 0.0 334.0 0.0 0.15231048 0.0
c 326.0 0.0 334.0 0.0 0.15029147 0.0
c 326.0 0.0 334.0 0.0 0.14827247 0.0
c 326.0 0.0 334.0 0.0 0.14625346 0.0
c 326.0 0.0 334.0 0.0 0.14423445 0.0
c 326.0 0.0 334.0 0.0 0.14221544 0.0
c 326.0 0.0 334.0 0.0 0.14019644 0.0
c 326.0 0.0 334.0 0.0 0.13817743 0.0
c 326.0 0.0 334.0 0.0 0.13615842 0.0
c 326.0 0.0 334.0 0.0 0.13413941 0.0
c 326.0 0.0 334.0 0.0 0.13212041 0.0
c 326.0 0.0 334.0 0.0 0.1301014 0.0
c 326.0 0.0 334.0 0.0 0.12808239 0.0
c 326.0 0.0 334.0 0.0 0.12606338 0.0
c 326.0 0.0 334.0 0.0 0.12404438 0.0
c 326.0 0.0 334.0 0.0 0.12202537 0.0
c 326.0 0.0 334.0 0.0 0.12000636 0.0
c 326.0 0.0 334.0 0.0 0.11798735 0.0
c 326.0 0.0 334.0 0.0 0.11596835 0.0
c 326.0 0.0 334.0 0.0 0.11394934 0.0
c 326.0 0.0 334.0 0.0 0.11193033 0.0
c 326.0 0.0 334.0 0.0 0.10991132 0.0
c 326.0 0.0 334.0 0.0 0.10789232 0.0
c 326.0 0.0 334.0 0.0 0.10587331 0.0
c 326.0 0.0 334.0 0.0 0.1038543 0.0
c 326.0 0.0 334.0 0.0 0.10183529 0.0
c 326.0 0.0 334.0 0.0 0.09981629 0.0
c 326.0 0.0 334.0 0.0 0.09779728 0.0
c 326.0 0.0 334.0 0.0 0.09577827 0.0
c 326.0 0.0 334.0 0.0 0.09375926 0.0
c 326.0 0.0 334.0 0.0 0.09174026 0.0
c 326.0 0.0 334.0 0.0 0.08972125 0.0
c 326.0 0.0 334.0 0.0 0.08770224 0.0
c 326.0 0.0 334.0 0.0 0.08568323 0.0
c 326.0 0.0 334.0 0.0 0.08366423 0.0
c 326.0 0.0 334.0 0.0 0.08164522 0.0
c 326.0 0.0 334.0 0.0 0.07962621 0.0
c 326.0 0.0 334.0 0.0 0.0776072 0.0
c 326.0 0.0 334.0 0.0 0.0755882 0.0
c 326.0 0.0 334.0 0.0 0.07356919 0.0
c 326.0 0.0 334.0 0.0 0.07155018 0.0
c 326.0 0.0 334.0 0.0 0.06953117 0.0
c 326.0 0.0 334.0 0.0 0.06751217 0.0
c 326.0 0.0 334.0 0.0 0.06549316 0.0
c 326.0 0.0 334.0 0.0 0.06347415 0.0
c 326.0 0.0 334.0 0.0 0.06145514 0.0
c 326.0 0.0 334.0 0.0 0.05943613 0.0
c 326.0 0.0 334.0 0.0 0.05741713 0.0
c 326.0 0.0 334.0 0.0 0.05539812 0.0
c 326.0 0.0 334.0 0.0 0.05337911 0.0
c 326.0 0.0 334.0 0.0 0.0513601 0.0
c 326.0 0.0 334.0 0.0 0.0493411 0.0
c 326.0 0.0 334.0 0.0 0.04732209 0.0
c 326.0 0.0 334.0 0.0 0.04530308 0.0
c 326.0 0.0 334.0 0.0 0.04328407 0.0
c 326.0 0.0 334.0 0.0 0.04126507 0.0
c 326.0 0.0 334.0 0.0 0.03924606 0.0
c 326.0 0.0 334.0 0.0 0.03722705 0.0
c 326.0 0.0 334.0 0.0 0.03520804 0.0
c 326.0 0.0 334.0 0.0 0.03318904 0.0
c 326.0 0.0 334.0 0.0 0.03117003 0.0
c 326.0 0.0 334.0 0.0 0.02915102 0.0
c 326.0 0.0 334.0 0.0 0.02713201 0.0
c 326.0 0.0 334.0 0.0 0.02511301 0.0
c 326.0 0.0 334.0 0.0 0.023094 0.0
c 326.0 0.0 334.0 0.0 0.02107499 0.0
c 326.0 0.0 334.0 0.0 0.01905598 0.0
c 326.0 0.0 334.0 0.0 0.01703698 0.0
c 326.0 0.0 334.0 0.0 0.01501797 0.0
c 326.0 0.0 334.0 0.0 0.01299896 0.0
c 326.0 0.0 334.0 0.0 0.01097995 0.0
c 326.0 0.0 334.0 0.0 0.00896095 0.0
c 326.0 0.0 334.0 0.0 0.00694194 0.0
c 326.0 0.0 334.0 0.0 0.00492293 0.0
c 326.0 0.0 334.0 0.0 0.00290392 0.0
c 326.0 0.0 334.0 0.0 0.00088492 0.0
c 326.0 0.0 334.0 0.0 -0.00113409 0.0
c 326.0 0.0 334.0 0.0 -0.0031531 0.0
c 326.0 0.0 334.0 0.0 -0.00517211 0.0
c 326.0 0.0 334.0 0.0 -0.00719111 0.0
c 326.0 0.0 334.0 0.0 -0.00921012 0.0
c 326.0 0.0 334.0 0.0 -0.01122913 0.0
c 326.0 0.0 334.0 0.0 -0.01324814 0.0
c 326.0 0.0 334.0 0.0 -0.01526714 0.0
c 326.0 0.0 334.0 0.0 -0.01728615 0.0
c 326.0 0.0 334.0 0.0 -0.01930516 0.0
c 326.0 0.0 334.0 0.0 -0.02132417 0.0
c 326.0 0.0 334.0 0.0 -0.02334317 0.0
c 326.0 0.0 334.0 0.0 -0.02536218 0.0
c 326.0 0.0 334.0 0.0 -0.02738119 0.0
c 326.0 0.0 334.0 0.0 -0.0294002 0.0
c 326.0 0.0 334.0 0.0 -0.0314192 0.0
c 326.0 0.0 334.0 0.0 -0.03343821 0.0
c 326.0 0.0 334.0 0.0 -0.03545722 0.0
c 326.0 0.0 334.0 0.0 -0.03747623 0.0
c 326.0 0.0 334.0 0.0 -0.03949523 0.0
c 326.0 0.0 334.0 0.0 -0.04151424 0.0
c 326.0 0.0 334.0 0.0 -0.04353325 0.0
c 326.0 0.0 334.0 0.0 -0.04555226 0.0
c 326.0 0.0 334.0 0.0 -0.04757127 0.0
c 326.0 0.0 334.0 0.0 -0.04959027 0.0
c 326.0 0.0 334.0 0.0 -0.05160928 0.0
c 326.0 0.0 334.0 0.0 -0.05362829 0.0
c 326.0 0.0 334.0 0.0 -0.0556473 0.0
c 326.0 0.0 334.0 0.0 -0.0576663 0.0
c 326.0 0.0 334.0 0.0 -0.05968531 0.0
c 326.0 0.0 334.0 0.0 -0.06170432 0.0
c 326.0 0.0 334.0 0.0 -0.06372333 0.0
c 326.0 0.0 334.0 0.0 -0.06574233 0.0
c 326.0 0.0 334.0 0.0 -0.06776134 0.0
c 326.0 0.0 334.0 0.0 -0.06978035 0.0
c 326.0 0.0 334.0 0.0 -0.07179936 0.0
c 326.0 0.0 334.0 0.0 -0.07381836 0.0
c 326.0 0.0 334.0 0.0 -0.07583737 0.0
c 326.0 0.0 334.0 0.0 -0.07785638 0.0
c 326.0 0.0 334.0 0.0 -0.07987539 0.0
c 326.0 0.0 334.0 0.0 -0.08189439 0.0
c 326.0 0.0 334.0 0.0 -0.0839134 0.0
c 326.0 0.0 334.0 0.0 -0.08593241 0.0
c 326.0 0.0 334.0 0.0 -0.08795142 0.0
c 326.0 0.0 334.0 0.0 -0.08997042 0.0
c 326.0 0.0 334.0 0.0 -0.09198943 0.0
c 326.0 0.0 334.0 0.0 -0.09400844 0.0
c 326.0 0.0 334.0 0.0 -0.09602745 0.0
c 326.0 0.0 334.0 0.0 -0.09804645 0.0
c 326.0 0.0 334.0 0.0 -0.10006546 0.0
c 326.0 0.0 334.0 0.0 -0.10208447 0.0
c 326.0 0.0 334.0 0.0 -0.10410348 0.0
c 326.0 0.0 334.0 0.0 -0.10612248 0.0
c 326.0 0.0 334.0 0.0 -0.10814149 0.0
c 326.0 0.0 334.0 0.0 -0.1101605 0.0
c 326.0 0.0 334.0 0.0 -0.11217951 0.0
c 326.0 0.0 334.0 0.0 -0.11419851 0.0
c 326.0 0.0 334.0 0.0 -0.11621752 0.0
c 326.0 0.0 334.0 0.0 -0.11823653 0.0
c 326.0 0.0 334.0 0.0 -0.12025554 0.0
c 326.0 0.0 334.0 0.0 -0.12227454 0.0
c 326.0 0.0 334.0 0.0 -0.12429355 0.0
c 326.0 0.0 334.0 0.0 -0.12631256 0.0
c 326.0 0.0 334.0 0.0 -0.12833157 0.0
c 326.0 0.0 334.0 0.0 -0.13035057 0.0
c 326.0 0.0 334.0 0.0 -0.13236958 0.0
c 326.0 0.0 334.0 0.0 -0.13438859 0.0
c 326.0 0.0 334.0 0.0 -0.1364076 0.0
c 326.0 0.0 334.0 0.0 -0.1384266 0.0
c 326.0 0.0 334.0 0.0 -0.14044561 0.0
c 326.0 0.0 334.0 0.0 -0.14246462 0.0
c 326.0 0.0 334.0 0.0 -0.14448363 0.0
c 326.0 0.0 334.0 0.0 -0.14650263 0.0
c 326.0 0.0 334.0 0.0 -0.14852164 0.0
c 326.0 0.0 334.0 0.0 -0.15054065 0.0
c 326.0 0.0 334.0 0.0 -0.15255966 0.0
c 326.0 0.0 334.0 0.0 -0.15457867 0.0
c 326.0 0.0 334.0 0.0 -0.15659767 0.0
c 326.0 0.0 334.0 0.0 -0.15861668 0.0
c 326.0 0.0 334.0 0.0 -0.16063569 0.0
c 326.0 0.0 334.0 0.0 -0.1626547 0.0
c 326.0 0.0 334.0 0.0 -0.1646737 0.0
c 326.0 0.0 334.0 0.0 -0.16669271 0.0
c 326.0 0.0 334.0 0.0 -0.16871172 0.0
c 326.0 0.0 334.0 0.0 -0.17073073 0.0
c 326.0 0.0 334.0 0.0 -0.17274973 0.0
c 326.0 0.0 334.0 0.0 -0.17476874 0.0
c 326.0 0.0 334.0 0.0 -0.17678775 0.0
c 326.0 0.0 334.0 0.0 -0.17880676 0.0
c 326.0 0.0 334.0 0.0 -0.18082576 0.0
c 326.0 0.0 334.0 0.0 -0.18284477 0.0
c 326.0 0.0 334.0 0.0 -0.18486378 0.0
c 326.0 0.0 334.0 0.0 -0.18688279 0.0
c 326.0 0.0 334.0 0.0 -0.18890179 0.0
c 326.0 0.0 334.0 0.0 -0.1909208 0.0
c 326.0 0.0 334.0 0.0 -0.19293981 0.0
c 326.0 0.0 334.0 0.0 -0.19495882 0.0
c 326.0 0.0 334.0 0.0 -0.19697782 0.0
c 326.0 0.0 334.0 0.0 -0.19899683 0.0
c 326.0 0.0 334.0 0.0 -0.20101584 0.0
c 326.0 0.0 334.0 0.0 -0.20303485 0.0
c 326.0 0.0 334.0 0.0 -0.20505385 0.0
c 326.0 0.0 334.0 0.0 -0.20707286 0.0
c 326.0 0.0 334.0 0.0 -0.20909187 0.0
c 326.0 0.0 334.0 0.0 -0.21111088 0.0
c 326.0 0.0 334.0 0.0 -0.21312988 0.0
c 326.0 0.0 334.0 0.0 -0.21514889 0.0
c 326.0 0.0 334.0 0.0 -0.2171679 0.0
c 326.0 0.0 334.0 0.0 -0.21918691 0.0
c 326.0 0.0 334.0 0.0 -0.22120591 0.0
c 326.0 0.0 334.0 0.0 -0.22322492 0.0
c 326.0 0.0 334.0 0.0 -0.22524393 0.0
c 326.0 0.0 334.0 0.0 -0.22726294 0.0
c 326.0 0.0 334.0 0.0 -0.22928194 0.0
c 326.0 0.0 334.0 0.0 -0.23130095 0.0
c 326.0 0.0 334.0 0.0 -0.23331996 0.0
c 326.0 0.0 334.0 0.0 -0.23533897 0.0
c 326.0 0.0 334.0 0.0 -0.23735797 0.0
c 326.0 0.0 334.0 0.0 -0.23937698 0.0
c 326.0 0.0 334.0 0.0 -0.24139599 0.0
c 326.0 0.0 334.0 0.0 -0.243415 0.0
c 326.0 0.0 334.0 0.0 -0.245434 0.0
c 326.0 0.0 334.0 0.0 -0.24745301 0.0
c 326.0 0.0 334.0 0.0 -0.24947202 0.0
c 326.0 0.0 334.0 0.0 -0.25149103 0.0
c 326.0 0.0 334.0 0.0 -0.25351003 0.0
c 326.0 0.0 334.0 0.0 -0.25552904 0.0
c 326.0 0.0 334.0 0.0 -0.25754805 0.0
