c 251.02835 -217.73364 -1.49659 0.05556715 0.18757355 0.0451022
c 251.02835 -217.73364 -1.29651 0.05556715 0.18757355 0.0451022
c 251.02835 -217.73364 -1.09643 0.05556715 0.18757355 0.0451022
c 251.02835 -217.73364 -0.89635 0.05556715 0.18757355 0.0451022
c 251.02835 -217.73364 -0.69626 0.05556715 0.18757355 0.0451022
c 251.02835 -217.73364 -0.49618 0.05556715 0.18757355 0.0451022
c 251.02835 -217.73364 -0.2961 0.05556715 0.18757355 0.0451022
c 251.02835 -217.73364 -0.09602 0.05556715 0.18757355 0.0451022
c 251.02835 -217.73364 0.10406 0.05556715 0.18757355 0.0451022
c 251.02835 -217.73364 0.30414 0.05556715 0.18757355 0.0451022
c 251.02835 -217.73364 0.50422 0.05556715 0.18757355 0.0451022
c 251.02835 -217.73364 0.7043 0.05556715 0.18757355 0.0451022
c 251.02835 -217.73364 0.90438 0.05556715 0.18757355 0.0451022
c 251.02835 -217.73364 1.10446 0.05556715 0.18757355 0.0451022
c 251.02835 -217.73364 1.30454 0.05556715 0.18757355 0.0451022
c 251.02835 -217.73364 1.50462 0.05556715 0.18757355 0.0451022
c 251.02835 -217.73364 1.7047 0.05556715 0.18757355 0.0451022
c 251.02835 -217.73364 1.90479 0.05556715 0.18757355 0.0451022
c 251.02835 -217.73364 2.10487 0.05556715 0.18757355 0.0451022
c 251.02835 -217.73364 2.30495 0.05556715 0.18757355 0.0451022
c 251.02835 -217.73364 2.50503 0.05556715 0.18757355 0.0451022
c 251.02835 -217.73364 2.70511 0.05556715 0.18757355 0.0451022
c 251.02835 -217.73364 2.90519 0.05556715 0.18757355 0.0451022
c 251.02835 -217.73364 3.10527 0.05556715 0.18757355 0.0451022
c 251.02835 -217.73364 3.30535 0.05556715 0.18757355 0.0451022
c 251.02835 -217.73364 3.50543 0.05556715 0.18757355 0.0451022
c 251.02835 -217.73364 3.70551 0.05556715 0.18757355 0.0451022
c 251.02835 -217.73364 3.90559 0.05556715 0.18757355 0.0451022
c 251.02835 -217.73364 4.10567 0.05556715 0.18757355 0.0451022
c 251.02835 -217.73364 4.30575 0.05556715 0.18757355 0.0451022
c 251.02835 -217.73364 4.50584 0.05556715 0.18757355 0.0451022
c 251.02835 -217.73364 4.70592 0.05556715 0.18757355 0.0451022
c 251.02835 -217.73364 4.906 0.05556715 0.18757355 0.0451022
c 251.02835 -217.73364 5.10608 0.05556715 0.18757355 0.0451022
c 251.02835 -217.73364 5.30616 0.05556715 0.18757355 0.0451022
c 251.02835 -217.73364 5.50624 0.05556715 0.18757355 0.0451022
c 251.02835 -217.73364 5.70632 0.05556715 0.18757355 0.0451022
c 251.02835 -217.73364 5.9064 0.05556715 0.18757355 0.0451022
c 251.02835 -217.73364 6.10648 0.05556715 0.18757355 0.0451022
c 251.02835 -217.73364 6.30656 0.05556715 0.18757355 0.0451022
c 251.02835 -217.73364 6.50664 0.05556715 0.18757355 0.0451022
c 251.02835 -217.73364 6.70672 0.05556715 0.18757355 0.0451022
c 251.02835 -217.73364 6.9068 0.05556715 0.18757355 0.0451022
c 251.02835 -217.73364 7.10689 0.05556715 0.18757355 0.0451022
c 251.02835 -217.73364 7.30697 0.05556715 0.18757355 0.0451022
c 251.02835 -217.73364 7.50705 0.05556715 0.18757355 0.0451022
c 251.02835 -217.73364 7.70713 0.05556715 0.18757355 0.0451022
c 251.02835 -217.73364 7.90721 0.05556715 0.18757355 0.0451022
c 251.02835 -217.73364 8.10729 0.05556715 0.18757355 0.0451022
c 251.02835 -217.73364 8.30737 0.05556715 0.18757355 0.0451022
c 251.02835 -217.73364 8.50745 0.05556715 0.18757355 0.0451022
c 251.02835 -217.73364 8.70753 0.05556715 0.18757355 0.0451022
c 251.02835 -217.73364 8.90761 0.05556715 0.18757355 0.0451022
c 251.02835 -217.73364 9.10769 0.05556715 0.18757355 0.0451022
c 251.02835 -217.73364 9.30777 0.05556715 0.18757355 0.0451022
c 251.02835 -217.73364 9.50785 0.05556715 0.18757355 0.0451022
c 251.02835 -217.73364 9.70794 0.05556715 0.18757355 0.0451022
c 251.02835 -217.73364 9.90802 0.05556715 0.18757355 0.0451022
c 251.02835 -217.73364 10.1081 0.05556715 0.18757355 0.0451022
c 251.02835 -217.73364 10.30818 0.05556715 0.18757355 0.0451022
c 251.02835 -217.73364 10.50826 0.05556715 0.18757355 0.0451022
c 251.02835 -217.73364 10.70834 0.05556715 0.18757355 0.0451022
c 251.02835 -217.73364 10.90842 0.05556715 0.18757355 0.0451022
c 251.02835 -217.73364 11.1085 0.05556715 0.18757355 0.0451022
c 251.02835 -217.73364 11.30858 0.05556715 0.18757355 0.0451022
c 251.02835 -217.73364 11.50866 0.05556715 0.18757355 0.0451022
c 251.02835 -217.73364 11.70874 0.05556715 0.18757355 0.0451022
c 251.02835 -217.73364 11.90882 0.05556715 0.18757355 0.0451022
c 251.02835 -217.73364 12.1089 0.05556715 0.18757355 0.0451022
c 251.02835 -217.73364 12.30899 0.05556715 0.18757355 0.0451022
c 251.02835 -217.73364 12.50907 0.05556715 0.18757355 0.0451022
c 251.02835 -217.73364 12.70915 0.05556715 0.18757355 0.0451022
c 251.02835 -217.73364 12.90923 0.05556715 0.18757355 0.0451022
c 251.02835 -217.73364 13.10931 0.05556715 0.18757355 0.0451022
c 251.02835 -217.73364 13.30939 0.05556715 0.18757355 0.0451022
c 251.02835 -217.73364 13.50947 0.05556715 0.18757355 0.0451022
c 251.02835 -217.73364 13.70955 0.05556715 0.18757355 0.0451022
c 251.02835 -217.73364 13.90963 0.05556715 0.18757355 0.0451022
c 251.02835 -217.73364 14.10971 0.05556715 0.18757355 0.0451022
c 251.02835 -217.73364 14.30979 0.05556715 0.18757355 0.0451022
c 251.02835 -217.73364 14.50987 0.05556715 0.18757355 0.0451022
c 251.02835 -217.73364 14.70995 0.05556715 0.18757355 0.0451022
c 251.02835 -217.73364 14.91004 0.05556715 0.18757355 0.0451022
c 251.02835 -217.73364 15.11012 0.05556715 0.18757355 0.0451022
c 251.02835 -217.73364 15.3102 0.05556715 0.18757355 0.0451022
c 251.02835 -217.73364 15.51028 0.05556715 0.18757355 0.0451022
c 251.02835 -217.73364 15.71036 0.05556715 0.18757355 0.0451022
c 251.02835 -217.73364 15.91044 0.05556715 0.18757355 0.0451022
c 251.02835 -217.73364 16.11052 0.05556715 0.18757355 0.0451022
c 251.02835 -217.73364 16.3106 0.05556715 0.18757355 0.0451022
c 251.02835 -217.73364 16.51068 0.05556715 0.18757355 0.0451022
c 251.02835 -217.73364 16.71076 0.05556715 0.18757355 0.0451022
c 251.02835 -217.73364 16.91084 0.05556715 0.18757355 0.0451022
c 251.02835 -217.73364 17.11092 0.05556715 0.18757355 0.0451022
c 251.02835 -217.73364 17.311 0.05556715 0.18757355 0.0451022
c 251.02835 -217.73364 17.51109 0.05556715 0.18757355 0.0451022
c 251.02835 -217.73364 17.71117 0.05556715 0.18757355 0.0451022
c 251.02835 -217.73364 17.91125 0.05556715 0.18757355 0.0451022
c 251.02835 -217.73364 18.11133 0.05556715 0.18757355 0.0451022
c 251.02835 -217.73364 18.31141 0.05556715 0.18757355 0.0451022
c 251.02835 -217.73364 18.51149 0.05556715 0.18757355 0.0451022
c 251.02835 -217.73364 18.71157 0.05556715 0.18757355 0.0451022
c 251.02835 -217.73364 18.91165 0.05556715 0.18757355 0.0451022
c 251.02835 -217.73364 19.11173 0.05556715 0.18757355 0.0451022
c 251.02835 -217.73364 19.31181 0.05556715 0.18757355 0.0451022
c 251.02835 -217.73364 19.51189 0.05556715 0.18757355 0.0451022
c 251.02835 -217.73364 19.71197 0.05556715 0.18757355 0.0451022
c 251.02835 -217.73364 19.91205 0.05556715 0.18757355 0.0451022
c 251.02835 -217.73364 20.11214 0.05556715 0.18757355 0.0451022
c 251.02835 -217.73364 20.31222 0.05556715 0.18757355 0.0451022
c 251.02835 -217.73364 20.5123 0.05556715 0.18757355 0.0451022
c 251.02835 -217.73364 20.71238 0.05556715 0.18757355 0.0451022
c 251.02835 -217.73364 20.91246 0.05556715 0.18757355 0.0451022
c 251.02835 -217.73364 21.11254 0.05556715 0.18757355 0.0451022
c 251.02835 -217.73364 21.31262 0.05556715 0.18757355 0.0451022
c 251.02835 -217.73364 21.5127 0.05556715 0.18757355 0.0451022
c 251.02835 -217.73364 21.71278 0.05556715 0.18757355 0.0451022
c 251.02835 -217.73364 21.91286 0.05556715 0.18757355 0.0451022
c 251.02835 -217.73364 22.11294 0.05556715 0.18757355 0.0451022
c 251.02835 -217.73364 22.31302 0.05556715 0.18757355 0.0451022
c 251.02835 -217.73364 22.5131 0.05556715 0.18757355 0.0451022
c 251.02835 -217.73364 22.71319 0.05556715 0.18757355 0.0451022
c 251.02835 -217.73364 22.91327 0.05556715 0.18757355 0.0451022
c 251.02835 -217.73364 23.11335 0.05556715 0.18757355 0.0451022
c 251.02835 -217.73364 23.31343 0.05556715 0.18757355 0.0451022
c 251.02835 -217.73364 23.51351 0.05556715 0.18757355 0.0451022
c 251.02835 -217.73364 23.71359 0.05556715 0.18757355 0.0451022
c 251.02835 -217.73364 23.91367 0.05556715 0.18757355 0.0451022
c 251.02835 -217.73364 24.11375 0.05556715 0.18757355 0.0451022
c 251.02835 -217.73364 24.31383 0.05556715 0.18757355 0.0451022
c 251.02835 -217.73364 24.51391 0.05556715 0.18757355 0.0451022
c 251.02835 -217.73364 24.71399 0.05556715 0.18757355 0.0451022
c 251.02835 -217.73364 24.91407 0.05556715 0.18757355 0.0451022
c 251.02835 -217.73364 25.11415 0.05556715 0.18757355 0.0451022
c 251.02835 -217.73364 25.31424 0.05556715 0.18757355 0.0451022
c 251.02835 -217.73364 25.51432 0.05556715 0.18757355 0.0451022
c 251.02835 -217.73364 25.7144 0.05556715 0.18757355 0.0451022
c 251.02835 -217.73364 25.91448 0.05556715 0.18757355 0.0451022
c 251.02835 -217.73364 26.11456 0.05556715 0.18757355 0.0451022
c 251.02835 -217.73364 26.31464 0.05556715 0.18757355 0.0451022
c 251.02835 -217.73364 26.51472 0.05556715 0.18757355 0.0451022
c 251.02835 -217.73364 26.7148 0.05556715 0.18757355 0.0451022
c 251.02835 -217.73364 26.91488 0.05556715 0.18757355 0.0451022
c 251.02835 -217.73364 27.11496 0.05556715 0.18757355 0.0451022
c 251.02835 -217.73364 27.31504 0.05556715 0.18757355 0.0451022
c 251.02835 -217.73364 27.51512 0.05556715 0.18757355 0.0451022
c 251.02835 -217.73364 27.7152 0.05556715 0.18757355 0.0451022
c 251.02835 -217.73364 27.91529 0.05556715 0.18757355 0.0451022
c 251.02835 -217.73364 28.11537 0.05556715 0.18757355 0.0451022
c 251.02835 -217.73364 28.31545 0.05556715 0.18757355 0.0451022
c 251.02835 -217.73364 28.51553 0.05556715 0.18757355 0.0451022
c 251.02835 -217.73364 28.71561 0.05556715 0.18757355 0.0451022
c 251.02835 -217.73364 28.91569 0.05556715 0.18757355 0.0451022
c 251.02835 -217.73364 29.11577 0.05556715 0.18757355 0.0451022
c 251.02835 -217.73364 29.31585 0.05556715 0.18757355 0.0451022
c 251.02835 -217.73364 29.51593 0.05556715 0.18757355 0.0451022
c 251.02835 -217.73364 29.71601 0.05556715 0.18757355 0.0451022
c 251.02835 -217.73364 29.91609 0.05556715 0.18757355 0.0451022
c 251.02835 -217.73364 30.11617 0.05556715 0.18757355 0.0451022
c 251.02835 -217.73364 30.31625 0.05556715 0.18757355 0.0451022
c 251.02835 -217.73364 30.51634 0.05556715 0.18757355 0.0451022
c 251.02835 -217.73364 30.71642 0.05556715 0.18757355 0.0451022
c 251.02835 -217.73364 30.9165 0.05556715 0.18757355 0.0451022
c 251.02835 -217.73364 31.11658 0.05556715 0.18757355 0.0451022
c 251.02835 -217.73364 31.31666 0.05556715 0.18757355 0.0451022
c 251.02835 -217.73364 31.51674 0.05556715 0.18757355 0.0451022
c 251.02835 -217.73364 31.71682 0.05556715 0.18757355 0.0451022
c 251.02835 -217.73364 31.9169 0.05556715 0.18757355 0.0451022
c 251.02835 -217.73364 32.11698 0.05556715 0.18757355 0.0451022
c 251.02835 -217.73364 32.31706 0.05556715 0.18757355 0.0451022
c 251.02835 -217.73364 32.51714 0.05556715 0.18757355 0.0451022
c 251.02835 -217.73364 32.71722 0.05556715 0.18757355 0.0451022
c 251.02835 -217.73364 32.9173 0.05556715 0.18757355 0.0451022
c 251.02835 -217.73364 33.11739 0.05556715 0.18757355 0.0451022
c 251.02835 -217.73364 33.31747 0.05556715 0.18757355 0.0451022
c 251.02835 -217.73364 33.51755 0.05556715 0.18757355 0.0451022
c 251.02835 -217.73364 33.71763 0.05556715 0.18757355 0.0451022
c 251.02835 -217.73364 33.91771 0.05556715 0.18757355 0.0451022
c 251.02835 -217.73364 34.11779 0.05556715 0.18757355 0.0451022
c 251.02835 -217.73364 34.31787 0.05556715 0.18757355 0.0451022
c 251.02835 -217.73364 34.51795 0.05556715 0.18757355 0.0451022
c 251.02835 -217.73364 34.71803 0.05556715 0.18757355 0.0451022
c 251.02835 -217.73364 34.91811 0.05556715 0.18757355 0.0451022
c 251.02835 -217.73364 35.11819 0.05556715 0.18757355 0.0451022
c 251.02835 -217.73364 35.31827 0.05556715 0.18757355 0.0451022
c 251.02835 -217.73364 35.51835 0.05556715 0.18757355 0.0451022
c 251.02835 -217.73364 35.71844 0.05556715 0.18757355 0.0451022
c 251.02835 -217.73364 35.91852 0.05556715 0.18757355 0.0451022
c 251.02835 -217.73364 36.1186 0.05556715 0.18757355 0.0451022
c 251.02835 -217.73364 36.31868 0.05556715 0.18757355 0.0451022
c 251.02835 -217.73364 36.51876 0.05556715 0.18757355 0.0451022
c 251.02835 -217.73364 36.71884 0.05556715 0.18757355 0.0451022
c 251.02835 -217.73364 36.91892 0.05556715 0.18757355 0.0451022
c 251.02835 -217.73364 37.119 0.05556715 0.18757355 0.0451022
c 251.02835 -217.73364 37.31908 0.05556715 0.18757355 0.0451022
c 251.02835 -217.73364 37.51916 0.05556715 0.18757355 0.0451022
c 251.02835 -217.73364 37.71924 0.05556715 0.18757355 0.0451022
c 251.02835 -217.73364 37.91932 0.05556715 0.18757355 0.0451022
c 251.02835 -217.73364 38.1194 0.05556715 0.18757355 0.0451022
c 251.02835 -217.73364 38.31949 0.05556715 0.18757355 0.0451022
c 251.02835 -217.73364 38.51957 0.05556715 0.18757355 0.0451022
c 251.02835 -217.73364 38.71965 0.05556715 0.18757355 0.0451022
c 251.02835 -217.73364 38.91973 0.05556715 0.18757355 0.0451022
c 251.02835 -217.73364 39.11981 0.05556715 0.18757355 0.0451022
c 251.02835 -217.73364 39.31989 0.05556715 0.18757355 0.0451022
c 251.02835 -217.73364 39.51997 0.05556715 0.18757355 0.0451022
c 251.02835 -217.73364 39.72005 0.05556715 0.18757355 0.0451022
c 251.02835 -217.73364 39.92013 0.05556715 0.18757355 0.0451022
c 251.02835 -217.73364 40.12021 0.05556715 0.18757355 0.0451022
c 251.02835 -217.73364 40.32029 0.05556715 0.18757355 0.0451022
c 251.02835 -217.73364 40.52037 0.05556715 0.18757355 0.0451022
c 251.02835 -217.73364 40.72045 0.05556715 0.18757355 0.0451022
c 251.02835 -217.73364 40.92054 0.05556715 0.18757355 0.0451022
c 251.02835 -217.73364 41.12062 0.05556715 0.18757355 0.0451022
c 251.02835 -217.73364 41.3207 0.05556715 0.18757355 0.0451022
c 251.02835 -217.73364 41.52078 0.05556715 0.18757355 0.0451022
c 251.02835 -217.73364 41.72086 0.05556715 0.18757355 0.0451022
c 251.02835 -217.73364 41.92094 0.05556715 0.18757355 0.0451022
c 251.02835 -217.73364 42.12102 0.05556715 0.18757355 0.0451022
c 251.02835 -217.73364 42.3211 0.05556715 0.18757355 0.0451022
c 251.02835 -217.73364 42.52118 0.05556715 0.18757355 0.0451022
c 251.02835 -217.73364 42.72126 0.05556715 0.18757355 0.0451022
c 251.02835 -217.73364 42.92134 0.05556715 0.18757355 0.0451022
c 251.02835 -217.73364 43.12142 0.05556715 0.18757355 0.0451022
c 251.02835 -217.73364 43.3215 0.05556715 0.18757355 0.0451022
c 251.02835 -217.73364 43.52159 0.05556715 0.18757355 0.0451022
c 251.02835 -217.73364 43.72167 0.05556715 0.18757355 0.0451022
c 251.02835 -217.73364 43.92175 0.05556715 0.18757355 0.0451022
c 251.02835 -217.73364 44.12183 0.05556715 0.18757355 0.0451022
c 251.02835 -217.73364 44.32191 0.05556715 0.18757355 0.0451022
c 251.02835 -217.73364 44.52199 0.05556715 0.18757355 0.0451022
c 251.02835 -217.73364 44.72207 0.05556715 0.18757355 0.0451022
c 251.02835 -217.73364 44.92215 0.05556715 0.18757355 0.0451022
c 251.02835 -217.73364 45.12223 0.05556715 0.18757355 0.0451022
c 251.02835 -217.73364 45.32231 0.05556715 0.18757355 0.0451022
c 251.02835 -217.73364 45.52239 0.05556715 0.18757355 0.0451022
c 251.02835 -217.73364 45.72247 0.05556715 0.18757355 0.0451022
c 251.02835 -217.73364 45.92255 0.05556715 0.18757355 0.0451022
c 251.02835 -217.73364 46.12264 0.05556715 0.18757355 0.0451022
c 251.02835 -217.73364 46.32272 0.05556715 0.18757355 0.0451022
c 251.02835 -217.73364 46.5228 0.05556715 0.18757355 0.0451022
c 251.02835 -217.73364 46.72288 0.05556715 0.18757355 0.0451022
c 251.02835 -217.73364 46.92296 0.05556715 0.18757355 0.0451022
c 251.02835 -217.73364 47.12304 0.05556715 0.18757355 0.0451022
c 251.02835 -217.73364 47.32312 0.05556715 0.18757355 0.0451022
c 251.02835 -217.73364 47.5232 0.05556715 0.18757355 0.0451022
c 251.02835 -217.73364 47.72328 0.05556715 0.18757355 0.0451022
c 251.02835 -217.73364 47.92336 0.05556715 0.18757355 0.0451022
c 251.02835 -217.73364 48.12344 0.05556715 0.18757355 0.0451022
c 251.02835 -217.73364 48.32352 0.05556715 0.18757355 0.0451022
c 251.02835 -217.73364 48.5236 0.05556715 0.18757355 0.0451022
c 251.02835 -217.73364 48.72369 0.05556715 0.18757355 0.0451022
c 251.02835 -217.73364 48.92377 0.05556715 0.18757355 0.0451022
c 251.02835 -217.73364 49.12385 0.05556715 0.18757355 0.0451022
c 251.02835 -217.73364 49.32393 0.05556715 0.18757355 0.0451022
c 251.02835 -217.73364 49.52401 0.05556715 0.18757355 0.0451022
c 251.02835 -217.73364 49.72409 0.05556715 0.18757355 0.0451022
c 251.02835 -217.73364 49.92417 0.05556715 0.18757355 0.0451022
c 251.02835 -217.73364 50.12425 0.05556715 0.18757355 0.0451022
c 251.02835 -217.73364 50.32433 0.05556715 0.18757355 0.0451022
c 251.02835 -217.73364 50.52441 0.05556715 0.18757355 0.0451022
c 251.02835 -217.73364 50.72449 0.05556715 0.18757355 0.0451022
c 251.02835 -217.73364 50.92457 0.05556715 0.18757355 0.0451022
c 251.02835 -217.73364 51.12465 0.05556715 0.18757355 0.0451022
c 251.02835 -217.73364 51.32474 0.05556715 0.18757355 0.0451022
c 251.02835 -217.73364 51.52482 0.05556715 0.18757355 0.0451022
c 251.02835 -217.73364 51.7249 0.05556715 0.18757355 0.0451022
c 251.02835 -217.73364 51.92498 0.05556715 0.18757355 0.0451022
c 251.02835 -217.73364 52.12506 0.05556715 0.18757355 0.0451022
c 251.02835 -217.73364 52.32514 0.05556715 0.18757355 0.0451022
c 251.02835 -217.73364 52.52522 0.05556715 0.18757355 0.0451022
c 251.02835 -217.73364 52.7253 0.05556715 0.18757355 0.0451022
c 251.02835 -217.73364 52.92538 0.05556715 0.18757355 0.0451022
c 251.02835 -217.73364 53.12546 0.05556715 0.18757355 0.0451022
c 251.02835 -217.73364 53.32554 0.05556715 0.18757355 0.0451022
c 251.02835 -217.73364 53.52562 0.05556715 0.18757355 0.0451022
c 251.02835 -217.73364 53.7257 0.05556715 0.18757355 0.0451022
c 251.02835 -217.73364 53.92579 0.05556715 0.18757355 0.0451022
c 251.02835 -217.73364 54.12587 0.05556715 0.18757355 0.0451022
c 251.02835 -217.73364 54.32595 0.05556715 0.18757355 0.0451022
c 251.02835 -217.73364 54.52603 0.05556715 0.18757355 0.0451022
c 251.02835 -217.73364 54.72611 0.05556715 0.18757355 0.0451022
c 251.02835 -217.73364 54.92619 0.05556715 0.18757355 0.0451022
c 251.02835 -217.73364 55.12627 0.05556715 0.18757355 0.0451022
c 251.02835 -217.73364 55.32635 0.05556715 0.18757355 0.0451022
c 251.02835 -217.73364 55.52643 0.05556715 0.18757355 0.0451022
c 251.02835 -217.73364 55.72651 0.05556715 0.18757355 0.0451022
c 251.02835 -217.73364 55.92659 0.05556715 0.18757355 0.0451022
c 251.02835 -217.73364 56.12667 0.05556715 0.18757355 0.0451022
c 251.02835 -217.73364 56.32675 0.05556715 0.18757355 0.0451022
c 251.02835 -217.73364 56.52684 0.05556715 0.18757355 0.0451022
c 251.02835 -217.73364 56.72692 0.05556715 0.18757355 0.0451022
c 251.02835 -217.73364 56.927 0.05556715 0.18757355 0.0451022
c 251.02835 -217.73364 57.12708 0.05556715 0.18757355 0.0451022
c 251.02835 -217.73364 57.32716 0.05556715 0.18757355 0.0451022
c 251.02835 -217.73364 57.52724 0.05556715 0.18757355 0.0451022
c 251.02835 -217.73364 57.72732 0.05556715 0.18757355 0.0451022
c 251.02835 -217.73364 57.9274 0.05556715 0.18757355 0.0451022
c 251.02835 -217.73364 58.12748 0.05556715 0.18757355 0.0451022
c 251.02835 -217.73364 58.32756 0.05556715 0.18757355 0.0451022
c 251.02835 -217.73364 58.52764 0.05556715 0.18757355 0.0451022
c 251.02835 -217.73364 58.72772 0.05556715 0.18757355 0.0451022
c 251.02835 -217.73364 58.9278 0.05556715 0.18757355 0.0451022
c 251.02835 -217.73364 59.12789 0.05556715 0.18757355 0.0451022
c 251.02835 -217.73364 59.32797 0.05556715 0.18757355 0.0451022
c 251.02835 -217.73364 59.52805 0.05556715 0.18757355 0.0451022
c 251.02835 -217.73364 59.72813 0.05556715 0.18757355 0.0451022
c 251.02835 -217.73364 59.92821 0.05556715 0.18757355 0.0451022
c 251.02835 -217.73364 60.12829 0.05556715 0.18757355 0.0451022
c 251.02835 -217.73364 60.32837 0.05556715 0.18757355 0.0451022
c 251.02835 -217.73364 60.52845 0.05556715 0.18757355 0.0451022
c 251.02835 -217.73364 60.72853 0.05556715 0.18757355 0.0451022
c 251.02835 -217.73364 60.92861 0.05556715 0.18757355 0.0451022
c 251.02835 -217.73364 61.12869 0.05556715 0.18757355 0.0451022
c 251.02835 -217.73364 61.32877 0.05556715 0.18757355 0.0451022
c 251.02835 -217.73364 61.52885 0.05556715 0.18757355 0.0451022
c 251.02835 -217.73364 61.72894 0.05556715 0.18757355 0.0451022
c 251.02835 -217.73364 61.92902 0.05556715 0.18757355 0.0451022
c 251.02835 -217.73364 62.1291 0.05556715 0.18757355 0.0451022
c 251.02835 -217.73364 62.32918 0.05556715 0.18757355 0.0451022
c 251.02835 -217.73364 62.52926 0.05556715 0.18757355 0.0451022
c 251.02835 -217.73364 62.72934 0.05556715 0.18757355 0.0451022
c 251.02835 -217.73364 62.92942 0.05556715 0.18757355 0.0451022
c 251.02835 -217.73364 63.1295 0.05556715 0.18757355 0.0451022
c 251.02835 -217.73364 63.32958 0.05556715 0.18757355 0.0451022
c 251.02835 -217.73364 63.52966 0.05556715 0.18757355 0.0451022
c 251.02835 -217.73364 63.72974 0.05556715 0.18757355 0.0451022
c 251.02835 -217.73364 63.92982 0.05556715 0.18757355 0.0451022
c 251.02835 -217.73364 64.1299 0.05556715 0.18757355 0.0451022
c 251.02835 -217.73364 64.32999 0.05556715 0.18757355 0.0451022
c 251.02835 -217.73364 64.53007 0.05556715 0.18757355 0.0451022
c 251.02835 -217.73364 64.73015 0.05556715 0.18757355 0.0451022
c 251.02835 -217.73364 64.93023 0.05556715 0.18757355 0.0451022
c 251.02835 -217.73364 65.13031 0.05556715 0.18757355 0.0451022
c 251.02835 -217.73364 65.33039 0.05556715 0.18757355 0.0451022
c 251.02835 -217.73364 65.53047 0.05556715 0.18757355 0.0451022
c 251.02835 -217.73364 65.73055 0.05556715 0.18757355 0.0451022
c 251.02835 -217.73364 65.93063 0.05556715 0.18757355 0.0451022
c 251.02835 -217.73364 66.13071 0.05556715 0.18757355 0.0451022
c 251.02835 -217.73364 66.33079 0.05556715 0.18757355 0.0451022
c 251.02835 -217.73364 66.53087 0.05556715 0.18757355 0.0451022
c 251.02835 -217.73364 66.73095 0.05556715 0.18757355 0.0451022
c 251.02835 -217.73364 66.93104 0.05556715 0.18757355 0.0451022
c 251.02835 -217.73364 67.13112 0.05556715 0.18757355 0.0451022
c 251.02835 -217.73364 67.3312 0.05556715 0.18757355 0.0451022
c 251.02835 -217.73364 67.53128 0.05556715 0.18757355 0.0451022
c 251.02835 -217.73364 67.73136 0.05556715 0.18757355 0.0451022
c 251.02835 -217.73364 67.93144 0.05556715 0.18757355 0.0451022
c 251.02835 -217.73364 68.13152 0.05556715 0.18757355 0.0451022
c 251.02835 -217.73364 68.3316 0.05556715 0.18757355 0.0451022
c 251.02835 -217.73364 68.53168 0.05556715 0.18757355 0.0451022
c 251.02835 -217.73364 68.73176 0.05556715 0.18757355 0.0451022
c 251.02835 -217.73364 68.93184 0.05556715 0.18757355 0.0451022
c 251.02835 -217.73364 69.13192 0.05556715 0.18757355 0.0451022
c 251.02835 -217.73364 69.332 0.05556715 0.18757355 0.0451022
c 251.02835 -217.73364 69.53209 0.05556715 0.18757355 0.0451022
c 251.02835 -217.73364 69.73217 0.05556715 0.18757355 0.0451022
c 251.02835 -217.73364 69.93225 0.05556715 0.18757355 0.0451022
c 251.02835 -217.73364 70.13233 0.05556715 0.18757355 0.0451022
c 251.02835 -217.73364 70.33241 0.05556715 0.18757355 0.0451022
c 251.02835 -217.73364 70.53249 0.05556715 0.18757355 0.0451022
c 251.02835 -217.73364 70.73257 0.05556715 0.18757355 0.0451022
c 251.02835 -217.73364 70.93265 0.05556715 0.18757355 0.0451022
c 251.02835 -217.73364 71.13273 0.05556715 0.18757355 0.0451022
c 251.02835 -217.73364 71.33281 0.05556715 0.18757355 0.0451022
c 251.02835 -217.73364 71.53289 0.05556715 0.18757355 0.0451022
c 251.02835 -217.73364 71.73297 0.05556715 0.18757355 0.0451022
c 251.02835 -217.73364 71.93305 0.05556715 0.18757355 0.0451022
c 251.02835 -217.73364 72.13314 0.05556715 0.18757355 0.0451022
c 251.02835 -217.73364 72.33322 0.05556715 0.18757355 0.0451022
c 251.02835 -217.73364 72.5333 0.05556715 0.18757355 0.0451022
c 251.02835 -217.73364 72.73338 0.05556715 0.18757355 0.0451022
c 251.02835 -217.73364 72.93346 0.05556715 0.18757355 0.0451022
c 251.02835 -217.73364 73.13354 0.05556715 0.18757355 0.0451022
c 251.02835 -217.73364 73.33362 0.05556715 0.18757355 0.0451022
c 251.02835 -217.73364 73.5337 0.05556715 0.18757355 0.0451022
c 251.02835 -217.73364 73.73378 0.05556715 0.18757355 0.0451022
c 251.02835 -217.73364 73.93386 0.05556715 0.18757355 0.0451022
c 251.02835 -217.73364 74.13394 0.05556715 0.18757355 0.0451022
c 251.02835 -217.73364 74.33402 0.05556715 0.18757355 0.0451022
c 251.02835 -217.73364 74.5341 0.05556715 0.18757355 0.0451022
c 251.02835 -217.73364 74.73419 0.05556715 0.18757355 0.0451022
c 251.02835 -217.73364 74.93427 0.05556715 0.18757355 0.0451022
c 251.02835 -217.73364 75.13435 0.05556715 0.18757355 0.0451022
c 251.02835 -217.73364 75.33443 0.05556715 0.18757355 0.0451022
c 251.02835 -217.73364 75.53451 0.05556715 0.18757355 0.0451022
c 251.02835 -217.73364 75.73459 0.05556715 0.18757355 0.0451022
c 251.02835 -217.73364 75.93467 0.05556715 0.18757355 0.0451022
c 251.02835 -217.73364 76.13475 0.05556715 0.18757355 0.0451022
c 251.02835 -217.73364 76.33483 0.05556715 0.18757355 0.0451022
c 251.02835 -217.73364 76.53491 0.05556715 0.18757355 0.0451022
c 251.02835 -217.73364 76.73499 0.05556715 0.18757355 0.0451022
c 251.02835 -217.73364 76.93507 0.05556715 0.18757355 0.0451022
c 251.02835 -217.73364 77.13515 0.05556715 0.18757355 0.0451022
c 251.02835 -217.73364 77.33524 0.05556715 0.18757355 0.0451022
c 251.02835 -217.73364 77.53532 0.05556715 0.18757355 0.0451022
c 251.02835 -217.73364 77.7354 0.05556715 0.18757355 0.0451022
c 251.02835 -217.73364 77.93548 0.05556715 0.18757355 0.0451022
c 251.02835 -217.73364 78.13556 0.05556715 0.18757355 0.0451022
c 251.02835 -217.73364 78.33564 0.05556715 0.18757355 0.0451022
c 251.02835 -217.73364 78.53572 0.05556715 0.18757355 0.0451022
c 251.02835 -217.73364 78.7358 0.05556715 0.18757355 0.0451022
c 251.02835 -217.73364 78.93588 0.05556715 0.18757355 0.0451022
c 251.02835 -217.73364 79.13596 0.05556715 0.18757355 0.0451022
c 251.02835 -217.73364 79.33604 0.05556715 0.18757355 0.0451022
c 251.02835 -217.73364 79.53612 0.05556715 0.18757355 0.0451022
c 251.02835 -217.73364 79.7362 0.05556715 0.18757355 0.0451022
c 251.02835 -217.73364 79.93629 0.05556715 0.18757355 0.0451022
c 251.02835 -217.73364 80.13637 0.05556715 0.18757355 0.0451022
c 251.02835 -217.73364 80.33645 0.05556715 0.18757355 0.0451022
c 251.02835 -217.73364 80.53653 0.05556715 0.18757355 0.0451022
c 251.02835 -217.73364 80.73661 0.05556715 0.18757355 0.0451022
c 251.02835 -217.73364 80.93669 0.05556715 0.18757355 0.0451022
c 251.02835 -217.73364 81.13677 0.05556715 0.18757355 0.0451022
c 251.02835 -217.73364 81.33685 0.05556715 0.18757355 0.0451022
c 251.02835 -217.73364 81.53693 0.05556715 0.18757355 0.0451022
c 251.02835 -217.73364 81.73701 0.05556715 0.18757355 0.0451022
c 251.02835 -217.73364 81.93709 0.05556715 0.18757355 0.0451022
c 251.02835 -217.73364 82.13717 0.05556715 0.18757355 0.0451022
c 251.02835 -217.73364 82.33725 0.05556715 0.18757355 0.0451022
c 251.02835 -217.73364 82.53734 0.05556715 0.18757355 0.0451022
c 251.02835 -217.73364 82.73742 0.05556715 0.18757355 0.0451022
c 251.02835 -217.73364 82.9375 0.05556715 0.18757355 0.0451022
c 251.02835 -217.73364 83.13758 0.05556715 0.18757355 0.0451022
c 251.02835 -217.73364 83.33766 0.05556715 0.18757355 0.0451022
c 251.02835 -217.73364 83.53774 0.05556715 0.18757355 0.0451022
c 251.02835 -217.73364 83.73782 0.05556715 0.18757355 0.0451022
c 251.02835 -217.73364 83.9379 0.05556715 0.18757355 0.0451022
c 251.02835 -217.73364 84.13798 0.05556715 0.18757355 0.0451022
c 251.02835 -217.73364 84.33806 0.05556715 0.18757355 0.0451022
c 251.02835 -217.73364 84.53814 0.05556715 0.18757355 0.0451022
c 251.02835 -217.73364 84.73822 0.05556715 0.18757355 0.0451022
c 251.02835 -217.73364 84.9383 0.05556715 0.18757355 0.0451022
c 251.02835 -217.73364 85.13839 0.05556715 0.18757355 0.0451022
c 251.02835 -217.73364 85.33847 0.05556715 0.18757355 0.0451022
c 251.02835 -217.73364 85.53855 0.05556715 0.18757355 0.0451022
c 251.02835 -217.73364 85.73863 0.05556715 0.18757355 0.0451022
c 251.02835 -217.73364 85.93871 0.05556715 0.18757355 0.0451022
c 251.02835 -217.73364 86.13879 0.05556715 0.18757355 0.0451022
c 251.02835 -217.73364 86.33887 0.05556715 0.18757355 0.0451022
c 251.02835 -217.73364 86.53895 0.05556715 0.18757355 0.0451022
c 251.02835 -217.73364 86.73903 0.05556715 0.18757355 0.0451022
c 251.02835 -217.73364 86.93911 0.05556715 0.18757355 0.0451022
c 251.02835 -217.73364 87.13919 0.05556715 0.18757355 0.0451022
c 251.02835 -217.73364 87.33927 0.05556715 0.18757355 0.0451022
c 251.02835 -217.73364 87.53935 0.05556715 0.18757355 0.0451022
c 251.02835 -217.73364 87.73944 0.05556715 0.18757355 0.0451022
c 251.02835 -217.73364 87.93952 0.05556715 0.18757355 0.0451022
c 251.02835 -217.73364 88.1396 0.05556715 0.18757355 0.0451022
c 251.02835 -217.73364 88.33968 0.05556715 0.18757355 0.0451022
c 251.02835 -217.73364 88.53976 0.05556715 0.18757355 0.0451022
c 251.02835 -217.73364 88.73984 0.05556715 0.18757355 0.0451022
c 251.02835 -217.73364 88.93992 0.05556715 0.18757355 0.0451022
c 251.02835 -217.73364 89.14 0.05556715 0.18757355 0.0451022
c 251.02835 -217.73364 89.34008 0.05556715 0.18757355 0.0451022
c 251.02835 -217.73364 89.54016 0.05556715 0.18757355 0.0451022
c 251.02835 -217.73364 89.74024 0.05556715 0.18757355 0.0451022
c 251.02835 -217.73364 89.94032 0.05556715 0.18757355 0.0451022
c 251.02835 -217.73364 90.1404 0.05556715 0.18757355 0.0451022
c 251.02835 -217.73364 90.34049 0.05556715 0.18757355 0.0451022
c 251.02835 -217.73364 90.54057 0.05556715 0.18757355 0.0451022
c 251.02835 -217.73364 90.74065 0.05556715 0.18757355 0.0451022
c 251.02835 -217.73364 90.94073 0.05556715 0.18757355 0.0451022
c 251.02835 -217.73364 91.14081 0.05556715 0.18757355 0.0451022
c 251.02835 -217.73364 91.34089 0.05556715 0.18757355 0.0451022
c 251.02835 -217.73364 91.54097 0.05556715 0.18757355 0.0451022
c 251.02835 -217.73364 91.74105 0.05556715 0.18757355 0.0451022
c 251.02835 -217.73364 91.94113 0.05556715 0.18757355 0.0451022
c 251.02835 -217.73364 92.14121 0.05556715 0.18757355 0.0451022
c 251.02835 -217.73364 92.34129 0.05556715 0.18757355 0.0451022
c 251.02835 -217.73364 92.54137 0.05556715 0.18757355 0.0451022
c 251.02835 -217.73364 92.74145 0.05556715 0.18757355 0.0451022
c 251.02835 -217.73364 92.94154 0.05556715 0.18757355 0.0451022
c 251.02835 -217.73364 93.14162 0.05556715 0.18757355 0.0451022
c 251.02835 -217.73364 93.3417 0.05556715 0.18757355 0.0451022
c 251.02835 -217.73364 93.54178 0.05556715 0.18757355 0.0451022
c 251.02835 -217.73364 93.74186 0.05556715 0.18757355 0.0451022
c 251.02835 -217.73364 93.94194 0.05556715 0.18757355 0.0451022
c 251.02835 -217.73364 94.14202 0.05556715 0.18757355 0.0451022
c 251.02835 -217.73364 94.3421 0.05556715 0.18757355 0.0451022
c 251.02835 -217.73364 94.54218 0.05556715 0.18757355 0.0451022
c 251.02835 -217.73364 94.74226 0.05556715 0.18757355 0.0451022
c 251.02835 -217.73364 94.94234 0.05556715 0.18757355 0.0451022
c 251.02835 -217.73364 95.14242 0.05556715 0.18757355 0.0451022
c 251.02835 -217.73364 95.3425 0.05556715 0.18757355 0.0451022
c 251.02835 -217.73364 95.54259 0.05556715 0.18757355 0.0451022
c 251.02835 -217.73364 95.74267 0.05556715 0.18757355 0.0451022
c 251.02835 -217.73364 95.94275 0.05556715 0.18757355 0.0451022
c 251.02835 -217.73364 96.14283 0.05556715 0.18757355 0.0451022
c 251.02835 -217.73364 96.34291 0.05556715 0.18757355 0.0451022
c 251.02835 -217.73364 96.54299 0.05556715 0.18757355 0.0451022
c 251.02835 -217.73364 96.74307 0.05556715 0.18757355 0.0451022
c 251.02835 -217.73364 96.94315 0.05556715 0.18757355 0.0451022
c 251.02835 -217.73364 97.14323 0.05556715 0.18757355 0.0451022
c 251.02835 -217.73364 97.34331 0.05556715 0.18757355 0.0451022
c 251.02835 -217.73364 97.54339 0.05556715 0.18757355 0.0451022
c 251.02835 -217.73364 97.74347 0.05556715 0.18757355 0.0451022
c 251.02835 -217.73364 97.94355 0.05556715 0.18757355 0.0451022
c 251.02835 -217.73364 98.14364 0.05556715 0.18757355 0.0451022
c 251.02835 -217.73364 98.34372 0.05556715 0.18757355 0.0451022
c 251.02835 -217.73364 98.5438 0.05556715 0.18757355 0.0451022
c 251.02835 -217.73364 98.74388 0.05556715 0.18757355 0.0451022
c 251.02835 -217.73364 98.94396 0.05556715 0.18757355 0.0451022
c 251.02835 -217.73364 99.14404 0.05556715 0.18757355 0.0451022
c 251.02835 -217.73364 99.34412 0.05556715 0.18757355 0.0451022
c 251.02835 -217.73364 99.5442 0.05556715 0.18757355 0.0451022
c 251.02835 -217.73364 99.74428 0.05556715 0.18757355 0.0451022
c 251.02835 -217.73364 99.94436 0.05556715 0.18757355 0.0451022
c 251.02835 -217.73364 100.14444 0.05556715 0.18757355 0.0451022
c 251.02835 -217.73364 100.34452 0.05556715 0.18757355 0.0451022
c 251.02835 -217.73364 100.5446 0.05556715 0.18757355 0.0451022
c 251.02835 -217.73364 100.74469 0.05556715 0.18757355 0.0451022
c 251.02835 -217.73364 100.94477 0.05556715 0.18757355 0.0451022
c 251.02835 -217.73364 101.14485 0.05556715 0.18757355 0.0451022
c 251.02835 -217.73364 101.34493 0.05556715 0.18757355 0.0451022
c 251.02835 -217.73364 101.54501 0.05556715 0.18757355 0.0451022
c 251.02835 -217.73364 101.74509 0.05556715 0.18757355 0.0451022
c 251.02835 -217.73364 101.94517 0.05556715 0.18757355 0.0451022
c 251.02835 -217.73364 102.14525 0.05556715 0.18757355 0.0451022
c 251.02835 -217.73364 102.34533 0.05556715 0.18757355 0.0451022
c 251.02835 -217.73364 102.54541 0.05556715 0.18757355 0.0451022
c 251.02835 -217.73364 102.74549 0.05556715 0.18757355 0.0451022
c 251.02835 -217.73364 102.94557 0.05556715 0.18757355 0.0451022
c 251.02835 -217.73364 103.14565 0.05556715 0.18757355 0.0451022
c 251.02835 -217.73364 103.34574 0.05556715 0.18757355 0.0451022
c 251.02835 -217.73364 103.54582 0.05556715 0.18757355 0.0451022
c 251.02835 -217.73364 103.7459 0.05556715 0.18757355 0.0451022
c 251.02835 -217.73364 103.94598 0.05556715 0.18757355 0.0451022
c 251.02835 -217.73364 104.14606 0.05556715 0.18757355 0.0451022
c 251.02835 -217.73364 104.34614 0.05556715 0.18757355 0.0451022
c 251.02835 -217.73364 104.54622 0.05556715 0.18757355 0.0451022
c 251.02835 -217.73364 104.7463 0.05556715 0.18757355 0.0451022
c 251.02835 -217.73364 104.94638 0.05556715 0.18757355 0.0451022
c 251.02835 -217.73364 105.14646 0.05556715 0.18757355 0.0451022
c 251.02835 -217.73364 105.34654 0.05556715 0.18757355 0.0451022
c 251.02835 -217.73364 105.54662 0.05556715 0.18757355 0.0451022
c 251.02835 -217.73364 105.7467 0.05556715 0.18757355 0.0451022
c 251.02835 -217.73364 105.94679 0.05556715 0.18757355 0.0451022
c 251.02835 -217.73364 106.14687 0.05556715 0.18757355 0.0451022
c 251.02835 -217.73364 106.34695 0.05556715 0.18757355 0.0451022
c 251.02835 -217.73364 106.54703 0.05556715 0.18757355 0.0451022
c 251.02835 -217.73364 106.74711 0.05556715 0.18757355 0.0451022
c 251.02835 -217.73364 106.94719 0.05556715 0.18757355 0.0451022
c 251.02835 -217.73364 107.14727 0.05556715 0.18757355 0.0451022
c 251.02835 -217.73364 107.34735 0.05556715 0.18757355 0.0451022
c 251.02835 -217.73364 107.54743 0.05556715 0.18757355 0.0451022
c 251.02835 -217.73364 107.74751 0.05556715 0.18757355 0.0451022
c 251.02835 -217.73364 107.94759 0.05556715 0.18757355 0.0451022
c 251.02835 -217.73364 108.14767 0.05556715 0.18757355 0.0451022
c 251.02835 -217.73364 108.34775 0.05556715 0.18757355 0.0451022
c 251.02835 -217.73364 108.54784 0.05556715 0.18757355 0.0451022
c 251.02835 -217.73364 108.74792 0.05556715 0.18757355 0.0451022
c 251.02835 -217.73364 108.948 0.05556715 0.18757355 0.0451022
c 251.02835 -217.73364 109.14808 0.05556715 0.18757355 0.0451022
c 251.02835 -217.73364 109.34816 0.05556715 0.18757355 0.0451022
c 251.02835 -217.73364 109.54824 0.05556715 0.18757355 0.0451022
c 251.02835 -217.73364 109.74832 0.05556715 0.18757355 0.0451022
c 251.02835 -217.73364 109.9484 0.05556715 0.18757355 0.0451022
c 251.02835 -217.73364 110.14848 0.05556715 0.18757355 0.0451022
c 251.02835 -217.73364 110.34856 0.05556715 0.18757355 0.0451022
c 251.02835 -217.73364 110.54864 0.05556715 0.18757355 0.0451022
c 251.02835 -217.73364 110.74872 0.05556715 0.18757355 0.0451022
c 251.02835 -217.73364 110.9488 0.05556715 0.18757355 0.0451022
c 251.02835 -217.73364 111.14889 0.05556715 0.18757355 0.0451022
c 251.02835 -217.73364 111.34897 0.05556715 0.18757355 0.0451022
c 251.02835 -217.73364 111.54905 0.05556715 0.18757355 0.0451022
c 251.02835 -217.73364 111.74913 0.05556715 0.18757355 0.0451022
c 251.02835 -217.73364 111.94921 0.05556715 0.18757355 0.0451022
c 251.02835 -217.73364 112.14929 0.05556715 0.18757355 0.0451022
c 251.02835 -217.73364 112.34937 0.05556715 0.18757355 0.0451022
c 251.02835 -217.73364 112.54945 0.05556715 0.18757355 0.0451022
c 251.02835 -217.73364 112.74953 0.05556715 0.18757355 0.0451022
c 251.02835 -217.73364 112.94961 0.05556715 0.18757355 0.0451022
c 251.02835 -217.73364 113.14969 0.05556715 0.18757355 0.0451022
c 251.02835 -217.73364 113.34977 0.05556715 0.18757355 0.0451022
c 251.02835 -217.73364 113.54985 0.05556715 0.18757355 0.0451022
c 251.02835 -217.73364 113.74994 0.05556715 0.18757355 0.0451022
c 251.02835 -217.73364 113.95002 0.05556715 0.18757355 0.0451022
c 251.02835 -217.73364 114.1501 0.05556715 0.18757355 0.0451022
c 251.02835 -217.73364 114.35018 0.05556715 0.18757355 0.0451022
c 251.02835 -217.73364 114.55026 0.05556715 0.18757355 0.0451022
c 251.02835 -217.73364 114.75034 0.05556715 0.18757355 0.0451022
c 251.02835 -217.73364 114.95042 0.05556715 0.18757355 0.0451022
c 251.02835 -217.73364 115.1505 0.05556715 0.18757355 0.0451022
c 251.02835 -217.73364 115.35058 0.05556715 0.18757355 0.0451022
c 251.02835 -217.73364 115.55066 0.05556715 0.18757355 0.0451022
c 251.02835 -217.73364 115.75074 0.05556715 0.18757355 0.0451022
c 251.02835 -217.73364 115.95082 0.05556715 0.18757355 0.0451022
c 251.02835 -217.73364 116.1509 0.05556715 0.18757355 0.0451022
c 251.02835 -217.73364 116.35099 0.05556715 0.18757355 0.0451022
c 251.02835 -217.73364 116.55107 0.05556715 0.18757355 0.0451022
c 251.02835 -217.73364 116.75115 0.05556715 0.18757355 0.0451022
c 251.02835 -217.73364 116.95123 0.05556715 0.18757355 0.0451022
c 251.02835 -217.73364 117.15131 0.05556715 0.18757355 0.0451022
c 251.02835 -217.73364 117.35139 0.05556715 0.18757355 0.0451022
c 251.02835 -217.73364 117.55147 0.05556715 0.18757355 0.0451022
c 251.02835 -217.73364 117.75155 0.05556715 0.18757355 0.0451022
c 251.02835 -217.73364 117.95163 0.05556715 0.18757355 0.0451022
c 251.02835 -217.73364 118.15171 0.05556715 0.18757355 0.0451022
c 251.02835 -217.73364 118.35179 0.05556715 0.18757355 0.0451022
c 251.02835 -217.73364 118.55187 0.05556715 0.18757355 0.0451022
c 251.02835 -217.73364 118.75195 0.05556715 0.18757355 0.0451022
c 251.02835 -217.73364 118.95204 0.05556715 0.18757355 0.0451022
c 251.02835 -217.73364 119.15212 0.05556715 0.18757355 0.0451022
c 251.02835 -217.73364 119.3522 0.05556715 0.18757355 0.0451022
c 251.02835 -217.73364 119.55228 0.05556715 0.18757355 0.0451022
c 251.02835 -217.73364 119.75236 0.05556715 0.18757355 0.0451022
c 251.02835 -217.73364 119.95244 0.05556715 0.18757355 0.0451022
c 251.02835 -217.73364 120.15252 0.05556715 0.18757355 0.0451022
c 251.02835 -217.73364 120.3526 0.05556715 0.18757355 0.0451022
c 251.02835 -217.73364 120.55268 0.05556715 0.18757355 0.0451022
c 251.02835 -217.73364 120.75276 0.05556715 0.18757355 0.0451022
c 251.02835 -217.73364 120.95284 0.05556715 0.18757355 0.0451022
c 251.02835 -217.73364 121.15292 0.05556715 0.18757355 0.0451022
c 251.02835 -217.73364 121.353 0.05556715 0.18757355 0.0451022
c 251.02835 -217.73364 121.55309 0.05556715 0.18757355 0.0451022
c 251.02835 -217.73364 121.75317 0.05556715 0.18757355 0.0451022
c 251.02835 -217.73364 121.95325 0.05556715 0.18757355 0.0451022
c 251.02835 -217.73364 122.15333 0.05556715 0.18757355 0.0451022
c 251.02835 -217.73364 122.35341 0.05556715 0.18757355 0.0451022
c 251.02835 -217.73364 122.55349 0.05556715 0.18757355 0.0451022
c 251.02835 -217.73364 122.75357 0.05556715 0.18757355 0.0451022
c 251.02835 -217.73364 122.95365 0.05556715 0.18757355 0.0451022
c 251.02835 -217.73364 123.15373 0.05556715 0.18757355 0.0451022
c 251.02835 -217.73364 123.35381 0.05556715 0.18757355 0.0451022
c 251.02835 -217.73364 123.55389 0.05556715 0.18757355 0.0451022
c 251.02835 -217.73364 123.75397 0.05556715 0.18757355 0.0451022
c 251.02835 -217.73364 123.95405 0.05556715 0.18757355 0.0451022
c 251.02835 -217.73364 124.15414 0.05556715 0.18757355 0.0451022
c 251.02835 -217.73364 124.35422 0.05556715 0.18757355 0.0451022
c 251.02835 -217.73364 124.5543 0.05556715 0.18757355 0.0451022
c 251.02835 -217.73364 124.75438 0.05556715 0.18757355 0.0451022
c 251.02835 -217.73364 124.95446 0.05556715 0.18757355 0.0451022
c 251.02835 -217.73364 125.15454 0.05556715 0.18757355 0.0451022
c 251.02835 -217.73364 125.35462 0.05556715 0.18757355 0.0451022
c 251.02835 -217.73364 125.5547 0.05556715 0.18757355 0.0451022
c 251.02835 -217.73364 125.75478 0.05556715 0.18757355 0.0451022
c 251.02835 -217.73364 125.95486 0.05556715 0.18757355 0.0451022
c 251.02835 -217.73364 126.15494 0.05556715 0.18757355 0.0451022
c 251.02835 -217.73364 126.35502 0.05556715 0.18757355 0.0451022
c 251.02835 -217.73364 126.5551 0.05556715 0.18757355 0.0451022
c 251.02835 -217.73364 126.75519 0.05556715 0.18757355 0.0451022
c 251.02835 -217.73364 126.95527 0.05556715 0.18757355 0.0451022
c 251.02835 -217.73364 127.15535 0.05556715 0.18757355 0.0451022
c 251.02835 -217.73364 127.35543 0.05556715 0.18757355 0.0451022
c 251.02835 -217.73364 127.55551 0.05556715 0.18757355 0.0451022
c 251.02835 -217.73364 127.75559 0.05556715 0.18757355 0.0451022
c 251.02835 -217.73364 127.95567 0.05556715 0.18757355 0.0451022
c 251.02835 -217.73364 128.15575 0.05556715 0.18757355 0.0451022
c 251.02835 -217.73364 128.35583 0.05556715 0.18757355 0.0451022
c 251.02835 -217.73364 128.55591 0.05556715 0.18757355 0.0451022
c 251.02835 -217.73364 128.75599 0.05556715 0.18757355 0.0451022
c 251.02835 -217.73364 128.95607 0.05556715 0.18757355 0.0451022
c 251.02835 -217.73364 129.15615 0.05556715 0.18757355 0.0451022
c 251.02835 -217.73364 129.35624 0.05556715 0.18757355 0.0451022
c 251.02835 -217.73364 129.55632 0.05556715 0.18757355 0.0451022
c 251.02835 -217.73364 129.7564 0.05556715 0.18757355 0.0451022
c 251.02835 -217.73364 129.95648 0.05556715 0.18757355 0.0451022
c 251.02835 -217.73364 130.15656 0.05556715 0.18757355 0.0451022
c 251.02835 -217.73364 130.35664 0.05556715 0.18757355 0.0451022
c 251.02835 -217.73364 130.55672 0.05556715 0.18757355 0.0451022
c 251.02835 -217.73364 130.7568 0.05556715 0.18757355 0.0451022
c 251.02835 -217.73364 130.95688 0.05556715 0.18757355 0.0451022
c 251.02835 -217.73364 131.15696 0.05556715 0.18757355 0.0451022
c 251.02835 -217.73364 131.35704 0.05556715 0.18757355 0.0451022
c 251.02835 -217.73364 131.55712 0.05556715 0.18757355 0.0451022
c 251.02835 -217.73364 131.7572 0.05556715 0.18757355 0.0451022
c 251.02835 -217.73364 131.95729 0.05556715 0.18757355 0.0451022
c 251.02835 -217.73364 132.15737 0.05556715 0.18757355 0.0451022
c 251.02835 -217.73364 132.35745 0.05556715 0.18757355 0.0451022
c 251.02835 -217.73364 132.55753 0.05556715 0.18757355 0.0451022
c 251.02835 -217.73364 132.75761 0.05556715 0.18757355 0.0451022
c 251.02835 -217.73364 132.95769 0.05556715 0.18757355 0.0451022
c 251.02835 -217.73364 133.15777 0.05556715 0.18757355 0.0451022
c 251.02835 -217.73364 133.35785 0.05556715 0.18757355 0.0451022
c 251.02835 -217.73364 133.55793 0.05556715 0.18757355 0.0451022
c 251.02835 -217.73364 133.75801 0.05556715 0.18757355 0.0451022
c 251.02835 -217.73364 133.95809 0.05556715 0.18757355 0.0451022
c 251.02835 -217.73364 134.15817 0.05556715 0.18757355 0.0451022
c 251.02835 -217.73364 134.35825 0.05556715 0.18757355 0.0451022
c 251.02835 -217.73364 134.55834 0.05556715 0.18757355 0.0451022
c 251.02835 -217.73364 134.75842 0.05556715 0.18757355 0.0451022
c 251.02835 -217.73364 134.9585 0.05556715 0.18757355 0.0451022
c 251.02835 -217.73364 135.15858 0.05556715 0.18757355 0.0451022
c 251.02835 -217.73364 135.35866 0.05556715 0.18757355 0.0451022
c 251.02835 -217.73364 135.55874 0.05556715 0.18757355 0.0451022
c 251.02835 -217.73364 135.75882 0.05556715 0.18757355 0.0451022
c 251.02835 -217.73364 135.9589 0.05556715 0.18757355 0.0451022
c 251.02835 -217.73364 136.15898 0.05556715 0.18757355 0.0451022
c 251.02835 -217.73364 136.35906 0.05556715 0.18757355 0.0451022
c 251.02835 -217.73364 136.55914 0.05556715 0.18757355 0.0451022
c 251.02835 -217.73364 136.75922 0.05556715 0.18757355 0.0451022
c 251.02835 -217.73364 136.9593 0.05556715 0.18757355 0.0451022
c 251.02835 -217.73364 137.15939 0.05556715 0.18757355 0.0451022
c 251.02835 -217.73364 137.35947 0.05556715 0.18757355 0.0451022
c 251.02835 -217.73364 137.55955 0.05556715 0.18757355 0.0451022
c 251.02835 -217.73364 137.75963 0.05556715 0.18757355 0.0451022
c 251.02835 -217.73364 137.95971 0.05556715 0.18757355 0.0451022
c 251.02835 -217.73364 138.15979 0.05556715 0.18757355 0.0451022
c 251.02835 -217.73364 138.35987 0.05556715 0.18757355 0.0451022
c 251.02835 -217.73364 138.55995 0.05556715 0.18757355 0.0451022
c 251.02835 -217.73364 138.76003 0.05556715 0.18757355 0.0451022
c 251.02835 -217.73364 138.96011 0.05556715 0.18757355 0.0451022
c 251.02835 -217.73364 139.16019 0.05556715 0.18757355 0.0451022
c 251.02835 -217.73364 139.36027 0.05556715 0.18757355 0.0451022
c 251.02835 -217.73364 139.56035 0.05556715 0.18757355 0.0451022
c 251.02835 -217.73364 139.76044 0.05556715 0.18757355 0.0451022
c 251.02835 -217.73364 139.96052 0.05556715 0.18757355 0.0451022
c 251.02835 -217.73364 140.1606 0.05556715 0.18757355 0.0451022
c 251.02835 -217.73364 140.36068 0.05556715 0.18757355 0.0451022
c 251.02835 -217.73364 140.56076 0.05556715 0.18757355 0.0451022
c 251.02835 -217.73364 140.76084 0.05556715 0.18757355 0.0451022
c 251.02835 -217.73364 140.96092 0.05556715 0.18757355 0.0451022
c 251.02835 -217.73364 141.161 0.05556715 0.18757355 0.0451022
c 251.02835 -217.73364 141.36108 0.05556715 0.18757355 0.0451022
c 251.02835 -217.73364 141.56116 0.05556715 0.18757355 0.0451022
c 251.02835 -217.73364 141.76124 0.05556715 0.18757355 0.0451022
c 251.02835 -217.73364 141.96132 0.05556715 0.18757355 0.0451022
c 251.02835 -217.73364 142.1614 0.05556715 0.18757355 0.0451022
c 251.02835 -217.73364 142.36149 0.05556715 0.18757355 0.0451022
c 251.02835 -217.73364 142.56157 0.05556715 0.18757355 0.0451022
c 251.02835 -217.73364 142.76165 0.05556715 0.18757355 0.0451022
c 251.02835 -217.73364 142.96173 0.05556715 0.18757355 0.0451022
c 251.02835 -217.73364 143.16181 0.05556715 0.18757355 0.0451022
c 251.02835 -217.73364 143.36189 0.05556715 0.18757355 0.0451022
c 251.02835 -217.73364 143.56197 0.05556715 0.18757355 0.0451022
c 251.02835 -217.73364 143.76205 0.05556715 0.18757355 0.0451022
c 251.02835 -217.73364 143.96213 0.05556715 0.18757355 0.0451022
c 251.02835 -217.73364 144.16221 0.05556715 0.18757355 0.0451022
c 251.02835 -217.73364 144.36229 0.05556715 0.18757355 0.0451022
c 251.02835 -217.73364 144.56237 0.05556715 0.18757355 0.0451022
c 251.02835 -217.73364 144.76245 0.05556715 0.18757355 0.0451022
c 251.02835 -217.73364 144.96254 0.05556715 0.18757355 0.0451022
c 251.02835 -217.73364 145.16262 0.05556715 0.18757355 0.0451022
c 251.02835 -217.73364 145.3627 0.05556715 0.18757355 0.0451022
c 251.02835 -217.73364 145.56278 0.05556715 0.18757355 0.0451022
c 251.02835 -217.73364 145.76286 0.05556715 0.18757355 0.0451022
c 251.02835 -217.73364 145.96294 0.05556715 0.18757355 0.0451022
c 251.02835 -217.73364 146.16302 0.05556715 0.18757355 0.0451022
c 251.02835 -217.73364 146.3631 0.05556715 0.18757355 0.0451022
c 251.02835 -217.73364 146.56318 0.05556715 0.18757355 0.0451022
c 251.02835 -217.73364 146.76326 0.05556715 0.18757355 0.0451022
c 251.02835 -217.73364 146.96334 0.05556715 0.18757355 0.0451022
c 251.02835 -217.73364 147.16342 0.05556715 0.18757355 0.0451022
c 251.02835 -217.73364 147.3635 0.05556715 0.18757355 0.0451022
c 251.02835 -217.73364 147.56359 0.05556715 0.18757355 0.0451022
c 251.02835 -217.73364 147.76367 0.05556715 0.18757355 0.0451022
c 251.02835 -217.73364 147.96375 0.05556715 0.18757355 0.0451022
c 251.02835 -217.73364 148.16383 0.05556715 0.18757355 0.0451022
c 251.02835 -217.73364 148.36391 0.05556715 0.18757355 0.0451022
c 251.02835 -217.73364 148.56399 0.05556715 0.18757355 0.0451022
c 251.02835 -217.73364 148.76407 0.05556715 0.18757355 0.0451022
c 251.02835 -217.73364 148.96415 0.05556715 0.18757355 0.0451022
c 251.02835 -217.73364 149.16423 0.05556715 0.18757355 0.0451022
c 251.02835 -217.73364 149.36431 0.05556715 0.18757355 0.0451022
c 251.02835 -217.73364 149.56439 0.05556715 0.18757355 0.0451022
c 251.02835 -217.73364 149.76447 0.05556715 0.18757355 0.0451022
c 251.02835 -217.73364 149.96455 0.05556715 0.18757355 0.0451022
c 251.02835 -217.73364 150.16464 0.05556715 0.18757355 0.0451022
c 251.02835 -217.73364 150.36472 0.05556715 0.18757355 0.0451022
c 251.02835 -217.73364 150.5648 0.05556715 0.18757355 0.0451022
c 251.02835 -217.73364 150.76488 0.05556715 0.18757355 0.0451022
c 251.02835 -217.73364 150.96496 0.05556715 0.18757355 0.0451022
c 251.02835 -217.73364 151.16504 0.05556715 0.18757355 0.0451022
c 251.02835 -217.73364 151.36512 0.05556715 0.18757355 0.0451022
c 251.02835 -217.73364 151.5652 0.05556715 0.18757355 0.0451022
c 251.02835 -217.73364 151.76528 0.05556715 0.18757355 0.0451022
c 251.02835 -217.73364 151.96536 0.05556715 0.18757355 0.0451022
c 251.02835 -217.73364 152.16544 0.05556715 0.18757355 0.0451022
c 251.02835 -217.73364 152.36552 0.05556715 0.18757355 0.0451022
c 251.02835 -217.73364 152.5656 0.05556715 0.18757355 0.0451022
c 251.02835 -217.73364 152.76569 0.05556715 0.18757355 0.0451022
c 251.02835 -217.73364 152.96577 0.05556715 0.18757355 0.0451022
c 251.02835 -217.73364 153.16585 0.05556715 0.18757355 0.0451022
c 251.02835 -217.73364 153.36593 0.05556715 0.18757355 0.0451022
c 251.02835 -217.73364 153.56601 0.05556715 0.18757355 0.0451022
c 251.02835 -217.73364 153.76609 0.05556715 0.18757355 0.0451022
c 251.02835 -217.73364 153.96617 0.05556715 0.18757355 0.0451022
c 251.02835 -217.73364 154.16625 0.05556715 0.18757355 0.0451022
c 251.02835 -217.73364 154.36633 0.05556715 0.18757355 0.0451022
c 251.02835 -217.73364 154.56641 0.05556715 0.18757355 0.0451022
c 251.02835 -217.73364 154.76649 0.05556715 0.18757355 0.0451022
c 251.02835 -217.73364 154.96657 0.05556715 0.18757355 0.0451022
c 251.02835 -217.73364 155.16665 0.05556715 0.18757355 0.0451022
c 251.02835 -217.73364 155.36674 0.05556715 0.18757355 0.0451022
c 251.02835 -217.73364 155.56682 0.05556715 0.18757355 0.0451022
c 251.02835 -217.73364 155.7669 0.05556715 0.18757355 0.0451022
c 251.02835 -217.73364 155.96698 0.05556715 0.18757355 0.0451022
c 251.02835 -217.73364 156.16706 0.05556715 0.18757355 0.0451022
c 251.02835 -217.73364 156.36714 0.05556715 0.18757355 0.0451022
c 251.02835 -217.73364 156.56722 0.05556715 0.18757355 0.0451022
c 251.02835 -217.73364 156.7673 0.05556715 0.18757355 0.0451022
c 251.02835 -217.73364 156.96738 0.05556715 0.18757355 0.0451022
c 251.02835 -217.73364 157.16746 0.05556715 0.18757355 0.0451022
c 251.02835 -217.73364 157.36754 0.05556715 0.18757355 0.0451022
c 251.02835 -217.73364 157.56762 0.05556715 0.18757355 0.0451022
c 251.02835 -217.73364 157.7677 0.05556715 0.18757355 0.0451022
c 251.02835 -217.73364 157.96779 0.05556715 0.18757355 0.0451022
c 251.02835 -217.73364 158.16787 0.05556715 0.18757355 0.0451022
c 251.02835 -217.73364 158.36795 0.05556715 0.18757355 0.0451022
c 251.02835 -217.73364 158.56803 0.05556715 0.18757355 0.0451022
c 251.02835 -217.73364 158.76811 0.05556715 0.18757355 0.0451022
c 251.02835 -217.73364 158.96819 0.05556715 0.18757355 0.0451022
c 251.02835 -217.73364 159.16827 0.05556715 0.18757355 0.0451022
c 251.02835 -217.73364 159.36835 0.05556715 0.18757355 0.0451022
c 251.02835 -217.73364 159.56843 0.05556715 0.18757355 0.0451022
c 251.02835 -217.73364 159.76851 0.05556715 0.18757355 0.0451022
c 251.02835 -217.73364 159.96859 0.05556715 0.18757355 0.0451022
c 251.02835 -217.73364 160.16867 0.05556715 0.18757355 0.0451022
c 251.02835 -217.73364 160.36875 0.05556715 0.18757355 0.0451022
c 251.02835 -217.73364 160.56884 0.05556715 0.18757355 0.0451022
c 251.02835 -217.73364 160.76892 0.05556715 0.18757355 0.0451022
c 251.02835 -217.73364 160.969 0.05556715 0.18757355 0.0451022
c 251.02835 -217.73364 161.16908 0.05556715 0.18757355 0.0451022
c 251.02835 -217.73364 161.36916 0.05556715 0.18757355 0.0451022
c 251.02835 -217.73364 161.56924 0.05556715 0.18757355 0.0451022
c 251.02835 -217.73364 161.76932 0.05556715 0.18757355 0.0451022
c 251.02835 -217.73364 161.9694 0.05556715 0.18757355 0.0451022
c 251.02835 -217.73364 162.16948 0.05556715 0.18757355 0.0451022
c 251.02835 -217.73364 162.36956 0.05556715 0.18757355 0.0451022
c 251.02835 -217.73364 162.56964 0.05556715 0.18757355 0.0451022
c 251.02835 -217.73364 162.76972 0.05556715 0.18757355 0.0451022
c 251.02835 -217.73364 162.9698 0.05556715 0.18757355 0.0451022
c 251.02835 -217.73364 163.16989 0.05556715 0.18757355 0.0451022
c 251.02835 -217.73364 163.36997 0.05556715 0.18757355 0.0451022
c 251.02835 -217.73364 163.57005 0.05556715 0.18757355 0.0451022
c 251.02835 -217.73364 163.77013 0.05556715 0.18757355 0.0451022
c 251.02835 -217.73364 163.97021 0.05556715 0.18757355 0.0451022
c 251.02835 -217.73364 164.17029 0.05556715 0.18757355 0.0451022
c 251.02835 -217.73364 164.37037 0.05556715 0.18757355 0.0451022
c 251.02835 -217.73364 164.57045 0.05556715 0.18757355 0.0451022
c 251.02835 -217.73364 164.77053 0.05556715 0.18757355 0.0451022
c 251.02835 -217.73364 164.97061 0.05556715 0.18757355 0.0451022
c 251.02835 -217.73364 165.17069 0.05556715 0.18757355 0.0451022
c 251.02835 -217.73364 165.37077 0.05556715 0.18757355 0.0451022
c 251.02835 -217.73364 165.57085 0.05556715 0.18757355 0.0451022
c 251.02835 -217.73364 165.77094 0.05556715 0.18757355 0.0451022
c 251.02835 -217.73364 165.97102 0.05556715 0.18757355 0.0451022
c 251.02835 -217.73364 166.1711 0.05556715 0.18757355 0.0451022
c 251.02835 -217.73364 166.37118 0.05556715 0.18757355 0.0451022
c 251.02835 -217.73364 166.57126 0.05556715 0.18757355 0.0451022
c 251.02835 -217.73364 166.77134 0.05556715 0.18757355 0.0451022
c 251.02835 -217.73364 166.97142 0.05556715 0.18757355 0.0451022
c 251.02835 -217.73364 167.1715 0.05556715 0.18757355 0.0451022
c 251.02835 -217.73364 167.37158 0.05556715 0.18757355 0.0451022
c 251.02835 -217.73364 167.57166 0.05556715 0.18757355 0.0451022
c 251.02835 -217.73364 167.77174 0.05556715 0.18757355 0.0451022
c 251.02835 -217.73364 167.97182 0.05556715 0.18757355 0.0451022
c 251.02835 -217.73364 168.1719 0.05556715 0.18757355 0.0451022
c 251.02835 -217.73364 168.37199 0.05556715 0.18757355 0.0451022
c 251.02835 -217.73364 168.57207 0.05556715 0.18757355 0.0451022
c 251.02835 -217.73364 168.77215 0.05556715 0.18757355 0.0451022
c 251.02835 -217.73364 168.97223 0.05556715 0.18757355 0.0451022
c 251.02835 -217.73364 169.17231 0.05556715 0.18757355 0.0451022
c 251.02835 -217.73364 169.37239 0.05556715 0.18757355 0.0451022
c 251.02835 -217.73364 169.57247 0.05556715 0.18757355 0.0451022
c 251.02835 -217.73364 169.77255 0.05556715 0.18757355 0.0451022
c 251.02835 -217.73364 169.97263 0.05556715 0.18757355 0.0451022
c 251.02835 -217.73364 170.17271 0.05556715 0.18757355 0.0451022
c 251.02835 -217.73364 170.37279 0.05556715 0.18757355 0.0451022
c 251.02835 -217.73364 170.57287 0.05556715 0.18757355 0.0451022
c 251.02835 -217.73364 170.77295 0.05556715 0.18757355 0.0451022
c 251.02835 -217.73364 170.97304 0.05556715 0.18757355 0.0451022
c 251.02835 -217.73364 171.17312 0.05556715 0.18757355 0.0451022
c 251.02835 -217.73364 171.3732 0.05556715 0.18757355 0.0451022
c 251.02835 -217.73364 171.57328 0.05556715 0.18757355 0.0451022
c 251.02835 -217.73364 171.77336 0.05556715 0.18757355 0.0451022
c 251.02835 -217.73364 171.97344 0.05556715 0.18757355 0.0451022
c 251.02835 -217.73364 172.17352 0.05556715 0.18757355 0.0451022
c 251.02835 -217.73364 172.3736 0.05556715 0.18757355 0.0451022
c 251.02835 -217.73364 172.57368 0.05556715 0.18757355 0.0451022
c 251.02835 -217.73364 172.77376 0.05556715 0.18757355 0.0451022
c 251.02835 -217.73364 172.97384 0.05556715 0.18757355 0.0451022
c 251.02835 -217.73364 173.17392 0.05556715 0.18757355 0.0451022
c 251.02835 -217.73364 173.374 0.05556715 0.18757355 0.0451022
c 251.02835 -217.73364 173.57409 0.05556715 0.18757355 0.0451022
c 251.02835 -217.73364 173.77417 0.05556715 0.18757355 0.0451022
c 251.02835 -217.73364 173.97425 0.05556715 0.18757355 0.0451022
c 251.02835 -217.73364 174.17433 0.05556715 0.18757355 0.0451022
c 251.02835 -217.73364 174.37441 0.05556715 0.18757355 0.0451022
c 251.02835 -217.73364 174.57449 0.05556715 0.18757355 0.0451022
c 251.02835 -217.73364 174.77457 0.05556715 0.18757355 0.0451022
c 251.02835 -217.73364 174.97465 0.05556715 0.18757355 0.0451022
c 251.02835 -217.73364 175.17473 0.05556715 0.18757355 0.0451022
c 251.02835 -217.73364 175.37481 0.05556715 0.18757355 0.0451022
c 251.02835 -217.73364 175.57489 0.05556715 0.18757355 0.0451022
c 251.02835 -217.73364 175.77497 0.05556715 0.18757355 0.0451022
c 251.02835 -217.73364 175.97505 0.05556715 0.18757355 0.0451022
c 251.02835 -217.73364 176.17514 0.05556715 0.18757355 0.0451022
c 251.02835 -217.73364 176.37522 0.05556715 0.18757355 0.0451022
c 251.02835 -217.73364 176.5753 0.05556715 0.18757355 0.0451022
c 251.02835 -217.73364 176.77538 0.05556715 0.18757355 0.0451022
c 251.02835 -217.73364 176.97546 0.05556715 0.18757355 0.0451022
c 251.02835 -217.73364 177.17554 0.05556715 0.18757355 0.0451022
c 251.02835 -217.73364 177.37562 0.05556715 0.18757355 0.0451022
c 251.02835 -217.73364 177.5757 0.05556715 0.18757355 0.0451022
c 251.02835 -217.73364 177.77578 0.05556715 0.18757355 0.0451022
c 251.02835 -217.73364 177.97586 0.05556715 0.18757355 0.0451022
c 251.02835 -217.73364 178.17594 0.05556715 0.18757355 0.0451022
c 251.02835 -217.73364 178.37602 0.05556715 0.18757355 0.0451022
c 251.02835 -217.73364 178.5761 0.05556715 0.18757355 0.0451022
c 251.02835 -217.73364 178.77619 0.05556715 0.18757355 0.0451022
c 251.02835 -217.73364 178.97627 0.05556715 0.18757355 0.0451022
c 251.02835 -217.73364 179.17635 0.05556715 0.18757355 0.0451022
c 251.02835 -217.73364 179.37643 0.05556715 0.18757355 0.0451022
c 251.02835 -217.73364 179.57651 0.05556715 0.18757355 0.0451022
c 251.02835 -217.73364 179.77659 0.05556715 0.18757355 0.0451022
c 251.02835 -217.73364 179.97667 0.05556715 0.18757355 0.0451022
c 251.02835 -217.73364 180.17675 0.05556715 0.18757355 0.0451022
c 251.02835 -217.73364 180.37683 0.05556715 0.18757355 0.0451022
c 251.02835 -217.73364 180.57691 0.05556715 0.18757355 0.0451022
c 251.02835 -217.73364 180.77699 0.05556715 0.18757355 0.0451022
c 251.02835 -217.73364 180.97707 0.05556715 0.18757355 0.0451022
c 251.02835 -217.73364 181.17715 0.05556715 0.18757355 0.0451022
c 251.02835 -217.73364 181.37724 0.05556715 0.18757355 0.0451022
c 251.02835 -217.73364 181.57732 0.05556715 0.18757355 0.0451022
c 251.02835 -217.73364 181.7774 0.05556715 0.18757355 0.0451022
c 251.02835 -217.73364 181.97748 0.05556715 0.18757355 0.0451022
c 251.02835 -217.73364 182.17756 0.05556715 0.18757355 0.0451022
c 251.02835 -217.73364 182.37764 0.05556715 0.18757355 0.0451022
c 251.02835 -217.73364 182.57772 0.05556715 0.18757355 0.0451022
c 251.02835 -217.73364 182.7778 0.05556715 0.18757355 0.0451022
c 251.02835 -217.73364 182.97788 0.05556715 0.18757355 0.0451022
c 251.02835 -217.73364 183.17796 0.05556715 0.18757355 0.0451022
c 251.02835 -217.73364 183.37804 0.05556715 0.18757355 0.0451022
c 251.02835 -217.73364 183.57812 0.05556715 0.18757355 0.0451022
c 251.02835 -217.73364 183.7782 0.05556715 0.18757355 0.0451022
c 251.02835 -217.73364 183.97829 0.05556715 0.18757355 0.0451022
c 251.02835 -217.73364 184.17837 0.05556715 0.18757355 0.0451022
c 251.02835 -217.73364 184.37845 0.05556715 0.18757355 0.0451022
c 251.02835 -217.73364 184.57853 0.05556715 0.18757355 0.0451022
c 251.02835 -217.73364 184.77861 0.05556715 0.18757355 0.0451022
c 251.02835 -217.73364 184.97869 0.05556715 0.18757355 0.0451022
c 251.02835 -217.73364 185.17877 0.05556715 0.18757355 0.0451022
c 251.02835 -217.73364 185.37885 0.05556715 0.18757355 0.0451022
c 251.02835 -217.73364 185.57893 0.05556715 0.18757355 0.0451022
c 251.02835 -217.73364 185.77901 0.05556715 0.18757355 0.0451022
c 251.02835 -217.73364 185.97909 0.05556715 0.18757355 0.0451022
c 251.02835 -217.73364 186.17917 0.05556715 0.18757355 0.0451022
c 251.02835 -217.73364 186.37925 0.05556715 0.18757355 0.0451022
c 251.02835 -217.73364 186.57934 0.05556715 0.18757355 0.0451022
c 251.02835 -217.73364 186.77942 0.05556715 0.18757355 0.0451022
c 251.02835 -217.73364 186.9795 0.05556715 0.18757355 0.0451022
c 251.02835 -217.73364 187.17958 0.05556715 0.18757355 0.0451022
c 251.02835 -217.73364 187.37966 0.05556715 0.18757355 0.0451022
c 251.02835 -217.73364 187.57974 0.05556715 0.18757355 0.0451022
c 251.02835 -217.73364 187.77982 0.05556715 0.18757355 0.0451022
c 251.02835 -217.73364 187.9799 0.05556715 0.18757355 0.0451022
c 251.02835 -217.73364 188.17998 0.05556715 0.18757355 0.0451022
c 251.02835 -217.73364 188.38006 0.05556715 0.18757355 0.0451022
c 251.02835 -217.73364 188.58014 0.05556715 0.18757355 0.0451022
c 251.02835 -217.73364 188.78022 0.05556715 0.18757355 0.0451022
c 251.02835 -217.73364 188.9803 0.05556715 0.18757355 0.0451022
c 251.02835 -217.73364 189.18039 0.05556715 0.18757355 0.0451022
c 251.02835 -217.73364 189.38047 0.05556715 0.18757355 0.0451022
c 251.02835 -217.73364 189.58055 0.05556715 0.18757355 0.0451022
c 251.02835 -217.73364 189.78063 0.05556715 0.18757355 0.0451022
c 251.02835 -217.73364 189.98071 0.05556715 0.18757355 0.0451022
c 251.02835 -217.73364 190.18079 0.05556715 0.18757355 0.0451022
c 251.02835 -217.73364 190.38087 0.05556715 0.18757355 0.0451022
c 251.02835 -217.73364 190.58095 0.05556715 0.18757355 0.0451022
c 251.02835 -217.73364 190.78103 0.05556715 0.18757355 0.0451022
c 251.02835 -217.73364 190.98111 0.05556715 0.18757355 0.0451022
c 251.02835 -217.73364 191.18119 0.05556715 0.18757355 0.0451022
c 251.02835 -217.73364 191.38127 0.05556715 0.18757355 0.0451022
c 251.02835 -217.73364 191.58135 0.05556715 0.18757355 0.0451022
c 251.02835 -217.73364 191.78144 0.05556715 0.18757355 0.0451022
c 251.02835 -217.73364 191.98152 0.05556715 0.18757355 0.0451022
c 251.02835 -217.73364 192.1816 0.05556715 0.18757355 0.0451022
c 251.02835 -217.73364 192.38168 0.05556715 0.18757355 0.0451022
c 251.02835 -217.73364 192.58176 0.05556715 0.18757355 0.0451022
c 251.02835 -217.73364 192.78184 0.05556715 0.18757355 0.0451022
c 251.02835 -217.73364 192.98192 0.05556715 0.18757355 0.0451022
c 251.02835 -217.73364 193.182 0.05556715 0.18757355 0.0451022
c 251.02835 -217.73364 193.38208 0.05556715 0.18757355 0.0451022
c 251.02835 -217.73364 193.58216 0.05556715 0.18757355 0.0451022
c 251.02835 -217.73364 193.78224 0.05556715 0.18757355 0.0451022
c 251.02835 -217.73364 193.98232 0.05556715 0.18757355 0.0451022
c 251.02835 -217.73364 194.1824 0.05556715 0.18757355 0.0451022
c 251.02835 -217.73364 194.38249 0.05556715 0.18757355 0.0451022
c 251.02835 -217.73364 194.58257 0.05556715 0.18757355 0.0451022
c 251.02835 -217.73364 194.78265 0.05556715 0.18757355 0.0451022
c 251.02835 -217.73364 194.98273 0.05556715 0.18757355 0.0451022
c 251.02835 -217.73364 195.18281 0.05556715 0.18757355 0.0451022
c 251.02835 -217.73364 195.38289 0.05556715 0.18757355 0.0451022
c 251.02835 -217.73364 195.58297 0.05556715 0.18757355 0.0451022
c 251.02835 -217.73364 195.78305 0.05556715 0.18757355 0.0451022
c 251.02835 -217.73364 195.98313 0.05556715 0.18757355 0.0451022
c 251.02835 -217.73364 196.18321 0.05556715 0.18757355 0.0451022
c 251.02835 -217.73364 196.38329 0.05556715 0.18757355 0.0451022
c 251.02835 -217.73364 196.58337 0.05556715 0.18757355 0.0451022
c 251.02835 -217.73364 196.78345 0.05556715 0.18757355 0.0451022
c 251.02835 -217.73364 196.98354 0.05556715 0.18757355 0.0451022
c 251.02835 -217.73364 197.18362 0.05556715 0.18757355 0.0451022
c 251.02835 -217.73364 197.3837 0.05556715 0.18757355 0.0451022
c 251.02835 -217.73364 197.58378 0.05556715 0.18757355 0.0451022
c 251.02835 -217.73364 197.78386 0.05556715 0.18757355 0.0451022
c 251.02835 -217.73364 197.98394 0.05556715 0.18757355 0.0451022
c 251.02835 -217.73364 198.18402 0.05556715 0.18757355 0.0451022
c 251.02835 -217.73364 198.3841 0.05556715 0.18757355 0.0451022
c 251.02835 -217.73364 198.58418 0.05556715 0.18757355 0.0451022
c 251.02835 -217.73364 198.78426 0.05556715 0.18757355 0.0451022
c 251.02835 -217.73364 198.98434 0.05556715 0.18757355 0.0451022
c 251.02835 -217.73364 199.18442 0.05556715 0.18757355 0.0451022
c 251.02835 -217.73364 199.3845 0.05556715 0.18757355 0.0451022
c 251.02835 -217.73364 199.58459 0.05556715 0.18757355 0.0451022
c 251.02835 -217.73364 199.78467 0.05556715 0.18757355 0.0451022
c 251.02835 -217.73364 199.98475 0.05556715 0.18757355 0.0451022
c 251.02835 -217.73364 200.18483 0.05556715 0.18757355 0.0451022
c 251.02835 -217.73364 200.38491 0.05556715 0.18757355 0.0451022
c 251.02835 -217.73364 200.58499 0.05556715 0.18757355 0.0451022
c 251.02835 -217.73364 200.78507 0.05556715 0.18757355 0.0451022
c 251.02835 -217.73364 200.98515 0.05556715 0.18757355 0.0451022
c 251.02835 -217.73364 201.18523 0.05556715 0.18757355 0.0451022
c 251.02835 -217.73364 201.38531 0.05556715 0.18757355 0.0451022
c 251.02835 -217.73364 201.58539 0.05556715 0.18757355 0.0451022
c 251.02835 -217.73364 201.78547 0.05556715 0.18757355 0.0451022
c 251.02835 -217.73364 201.98555 0.05556715 0.18757355 0.0451022
c 251.02835 -217.73364 202.18564 0.05556715 0.18757355 0.0451022
c 251.02835 -217.73364 202.38572 0.05556715 0.18757355 0.0451022
c 251.02835 -217.73364 202.5858 0.05556715 0.18757355 0.0451022
c 251.02835 -217.73364 202.78588 0.05556715 0.18757355 0.0451022
c 251.02835 -217.73364 202.98596 0.05556715 0.18757355 0.0451022
c 251.02835 -217.73364 203.18604 0.05556715 0.18757355 0.0451022
c 251.02835 -217.73364 203.38612 0.05556715 0.18757355 0.0451022
c 251.02835 -217.73364 203.5862 0.05556715 0.18757355 0.0451022
c 251.02835 -217.73364 203.78628 0.05556715 0.18757355 0.0451022
c 251.02835 -217.73364 203.98636 0.05556715 0.18757355 0.0451022
c 251.02835 -217.73364 204.18644 0.05556715 0.18757355 0.0451022
c 251.02835 -217.73364 204.38652 0.05556715 0.18757355 0.0451022
c 251.02835 -217.73364 204.5866 0.05556715 0.18757355 0.0451022
c 251.02835 -217.73364 204.78669 0.05556715 0.18757355 0.0451022
c 251.02835 -217.73364 204.98677 0.05556715 0.18757355 0.0451022
c 251.02835 -217.73364 205.18685 0.05556715 0.18757355 0.0451022
c 251.02835 -217.73364 205.38693 0.05556715 0.18757355 0.0451022
c 251.02835 -217.73364 205.58701 0.05556715 0.18757355 0.0451022
c 251.02835 -217.73364 205.78709 0.05556715 0.18757355 0.0451022
c 251.02835 -217.73364 205.98717 0.05556715 0.18757355 0.0451022
c 251.02835 -217.73364 206.18725 0.05556715 0.18757355 0.0451022
c 251.02835 -217.73364 206.38733 0.05556715 0.18757355 0.0451022
c 251.02835 -217.73364 206.58741 0.05556715 0.18757355 0.0451022
c 251.02835 -217.73364 206.78749 0.05556715 0.18757355 0.0451022
c 251.02835 -217.73364 206.98757 0.05556715 0.18757355 0.0451022
c 251.02835 -217.73364 207.18765 0.05556715 0.18757355 0.0451022
c 251.02835 -217.73364 207.38774 0.05556715 0.18757355 0.0451022
c 251.02835 -217.73364 207.58782 0.05556715 0.18757355 0.0451022
c 251.02835 -217.73364 207.7879 0.05556715 0.18757355 0.0451022
c 251.02835 -217.73364 207.98798 0.05556715 0.18757355 0.0451022
c 251.02835 -217.73364 208.18806 0.05556715 0.18757355 0.0451022
c 251.02835 -217.73364 208.38814 0.05556715 0.18757355 0.0451022
c 251.02835 -217.73364 208.58822 0.05556715 0.18757355 0.0451022
c 251.02835 -217.73364 208.7883 0.05556715 0.18757355 0.0451022
c 251.02835 -217.73364 208.98838 0.05556715 0.18757355 0.0451022
c 251.02835 -217.73364 209.18846 0.05556715 0.18757355 0.0451022
c 251.02835 -217.73364 209.38854 0.05556715 0.18757355 0.0451022
c 251.02835 -217.73364 209.58862 0.05556715 0.18757355 0.0451022
c 251.02835 -217.73364 209.7887 0.05556715 0.18757355 0.0451022
c 251.02835 -217.73364 209.98879 0.05556715 0.18757355 0.0451022
c 251.02835 -217.73364 210.18887 0.05556715 0.18757355 0.0451022
c 251.02835 -217.73364 210.38895 0.05556715 0.18757355 0.0451022
c 251.02835 -217.73364 210.58903 0.05556715 0.18757355 0.0451022
c 251.02835 -217.73364 210.78911 0.05556715 0.18757355 0.0451022
c 251.02835 -217.73364 210.98919 0.05556715 0.18757355 0.0451022
c 251.02835 -217.73364 211.18927 0.05556715 0.18757355 0.0451022
c 251.02835 -217.73364 211.38935 0.05556715 0.18757355 0.0451022
c 251.02835 -217.73364 211.58943 0.05556715 0.18757355 0.0451022
c 251.02835 -217.73364 211.78951 0.05556715 0.18757355 0.0451022
c 251.02835 -217.73364 211.98959 0.05556715 0.18757355 0.0451022
c 251.02835 -217.73364 212.18967 0.05556715 0.18757355 0.0451022
c 251.02835 -217.73364 212.38975 0.05556715 0.18757355 0.0451022
c 251.02835 -217.73364 212.58984 0.05556715 0.18757355 0.0451022
c 251.02835 -217.73364 212.78992 0.05556715 0.18757355 0.0451022
c 251.02835 -217.73364 212.99 0.05556715 0.18757355 0.0451022
c 251.02835 -217.73364 213.19008 0.05556715 0.18757355 0.0451022
c 251.02835 -217.73364 213.39016 0.05556715 0.18757355 0.0451022
c 251.02835 -217.73364 213.59024 0.05556715 0.18757355 0.0451022
c 251.02835 -217.73364 213.79032 0.05556715 0.18757355 0.0451022
c 251.02835 -217.73364 213.9904 0.05556715 0.18757355 0.0451022
c 251.02835 -217.73364 214.19048 0.05556715 0.18757355 0.0451022
c 251.02835 -217.73364 214.39056 0.05556715 0.18757355 0.0451022
c 251.02835 -217.73364 214.59064 0.05556715 0.18757355 0.0451022
c 251.02835 -217.73364 214.79072 0.05556715 0.18757355 0.0451022
c 251.02835 -217.73364 214.9908 0.05556715 0.18757355 0.0451022
c 251.02835 -217.73364 215.19089 0.05556715 0.18757355 0.0451022
c 251.02835 -217.73364 215.39097 0.05556715 0.18757355 0.0451022
c 251.02835 -217.73364 215.59105 0.05556715 0.18757355 0.0451022
c 251.02835 -217.73364 215.79113 0.05556715 0.18757355 0.0451022
c 251.02835 -217.73364 215.99121 0.05556715 0.18757355 0.0451022
c 251.02835 -217.73364 216.19129 0.05556715 0.18757355 0.0451022
c 251.02835 -217.73364 216.39137 0.05556715 0.18757355 0.0451022
c 251.02835 -217.73364 216.59145 0.05556715 0.18757355 0.0451022
c 251.02835 -217.73364 216.79153 0.05556715 0.18757355 0.0451022
c 251.02835 -217.73364 216.99161 0.05556715 0.18757355 0.0451022
c 251.02835 -217.73364 217.19169 0.05556715 0.18757355 0.0451022
c 251.02835 -217.73364 217.39177 0.05556715 0.18757355 0.0451022
c 251.02835 -217.73364 217.59185 0.05556715 0.18757355 0.0451022
c 251.02835 -217.73364 217.79194 0.05556715 0.18757355 0.0451022
c 251.02835 -217.73364 217.99202 0.05556715 0.18757355 0.0451022
c 251.02835 -217.73364 218.1921 0.05556715 0.18757355 0.0451022
c 251.02835 -217.73364 218.39218 0.05556715 0.18757355 0.0451022
c 251.02835 -217.73364 218.59226 0.05556715 0.18757355 0.0451022
c 251.02835 -217.73364 218.79234 0.05556715 0.18757355 0.0451022
c 251.02835 -217.73364 218.99242 0.05556715 0.18757355 0.0451022
c 251.02835 -217.73364 219.1925 0.05556715 0.18757355 0.0451022
c 251.02835 -217.73364 219.39258 0.05556715 0.18757355 0.0451022
c 251.02835 -217.73364 219.59266 0.05556715 0.18757355 0.0451022
c 251.02835 -217.73364 219.79274 0.05556715 0.18757355 0.0451022
c 251.02835 -217.73364 219.99282 0.05556715 0.18757355 0.0451022
c 251.02835 -217.73364 220.1929 0.05556715 0.18757355 0.0451022
c 251.02835 -217.73364 220.39299 0.05556715 0.18757355 0.0451022
c 251.02835 -217.73364 220.59307 0.05556715 0.18757355 0.0451022
c 251.02835 -217.73364 220.79315 0.05556715 0.18757355 0.0451022
c 251.02835 -217.73364 220.99323 0.05556715 0.18757355 0.0451022
c 251.02835 -217.73364 221.19331 0.05556715 0.18757355 0.0451022
c 251.02835 -217.73364 221.39339 0.05556715 0.18757355 0.0451022
c 251.02835 -217.73364 221.59347 0.05556715 0.18757355 0.0451022
c 251.02835 -217.73364 221.79355 0.05556715 0.18757355 0.0451022
c 251.02835 -217.73364 221.99363 0.05556715 0.18757355 0.0451022
c 251.02835 -217.73364 222.19371 0.05556715 0.18757355 0.0451022
c 251.02835 -217.73364 222.39379 0.05556715 0.18757355 0.0451022
c 251.02835 -217.73364 222.59387 0.05556715 0.18757355 0.0451022
c 251.02835 -217.73364 222.79395 0.05556715 0.18757355 0.0451022
c 251.02835 -217.73364 222.99404 0.05556715 0.18757355 0.0451022
c 251.02835 -217.73364 223.19412 0.05556715 0.18757355 0.0451022
c 251.02835 -217.73364 223.3942 0.05556715 0.18757355 0.0451022
c 251.02835 -217.73364 223.59428 0.05556715 0.18757355 0.0451022
c 251.02835 -217.73364 223.79436 0.05556715 0.18757355 0.0451022
c 251.02835 -217.73364 223.99444 0.05556715 0.18757355 0.0451022
c 251.02835 -217.73364 224.19452 0.05556715 0.18757355 0.0451022
c 251.02835 -217.73364 224.3946 0.05556715 0.18757355 0.0451022
c 251.02835 -217.73364 224.59468 0.05556715 0.18757355 0.0451022
c 251.02835 -217.73364 224.79476 0.05556715 0.18757355 0.0451022
c 251.02835 -217.73364 224.99484 0.05556715 0.18757355 0.0451022
c 251.02835 -217.73364 225.19492 0.05556715 0.18757355 0.0451022
c 251.02835 -217.73364 225.395 0.05556715 0.18757355 0.0451022
c 251.02835 -217.73364 225.59509 0.05556715 0.18757355 0.0451022
c 251.02835 -217.73364 225.79517 0.05556715 0.18757355 0.0451022
c 251.02835 -217.73364 225.99525 0.05556715 0.18757355 0.0451022
c 251.02835 -217.73364 226.19533 0.05556715 0.18757355 0.0451022
c 251.02835 -217.73364 226.39541 0.05556715 0.18757355 0.0451022
c 251.02835 -217.73364 226.59549 0.05556715 0.18757355 0.0451022
c 251.02835 -217.73364 226.79557 0.05556715 0.18757355 0.0451022
c 251.02835 -217.73364 226.99565 0.05556715 0.18757355 0.0451022
c 251.02835 -217.73364 227.19573 0.05556715 0.18757355 0.0451022
c 251.02835 -217.73364 227.39581 0.05556715 0.18757355 0.0451022
c 251.02835 -217.73364 227.59589 0.05556715 0.18757355 0.0451022
c 251.02835 -217.73364 227.79597 0.05556715 0.18757355 0.0451022
c 251.02835 -217.73364 227.99605 0.05556715 0.18757355 0.0451022
c 251.02835 -217.73364 228.19614 0.05556715 0.18757355 0.0451022
c 251.02835 -217.73364 228.39622 0.05556715 0.18757355 0.0451022
c 251.02835 -217.73364 228.5963 0.05556715 0.18757355 0.0451022
c 251.02835 -217.73364 228.79638 0.05556715 0.18757355 0.0451022
c 251.02835 -217.73364 228.99646 0.05556715 0.18757355 0.0451022
c 251.02835 -217.73364 229.19654 0.05556715 0.18757355 0.0451022
c 251.02835 -217.73364 229.39662 0.05556715 0.18757355 0.0451022
c 251.02835 -217.73364 229.5967 0.05556715 0.18757355 0.0451022
c 251.02835 -217.73364 229.79678 0.05556715 0.18757355 0.0451022
c 251.02835 -217.73364 229.99686 0.05556715 0.18757355 0.0451022
c 251.02835 -217.73364 230.19694 0.05556715 0.18757355 0.0451022
c 251.02835 -217.73364 230.39702 0.05556715 0.18757355 0.0451022
c 251.02835 -217.73364 230.5971 0.05556715 0.18757355 0.0451022
c 251.02835 -217.73364 230.79719 0.05556715 0.18757355 0.0451022
c 251.02835 -217.73364 230.99727 0.05556715 0.18757355 0.0451022
c 251.02835 -217.73364 231.19735 0.05556715 0.18757355 0.0451022
c 251.02835 -217.73364 231.39743 0.05556715 0.18757355 0.0451022
c 251.02835 -217.73364 231.59751 0.05556715 0.18757355 0.0451022
c 251.02835 -217.73364 231.79759 0.05556715 0.18757355 0.0451022
c 251.02835 -217.73364 231.99767 0.05556715 0.18757355 0.0451022
c 251.02835 -217.73364 232.19775 0.05556715 0.18757355 0.0451022
c 251.02835 -217.73364 232.39783 0.05556715 0.18757355 0.0451022
c 251.02835 -217.73364 232.59791 0.05556715 0.18757355 0.0451022
c 251.02835 -217.73364 232.79799 0.05556715 0.18757355 0.0451022
c 251.02835 -217.73364 232.99807 0.05556715 0.18757355 0.0451022
c 251.02835 -217.73364 233.19815 0.05556715 0.18757355 0.0451022
c 251.02835 -217.73364 233.39824 0.05556715 0.18757355 0.0451022
c 251.02835 -217.73364 233.59832 0.05556715 0.18757355 0.0451022
c 251.02835 -217.73364 233.7984 0.05556715 0.18757355 0.0451022
c 251.02835 -217.73364 233.99848 0.05556715 0.18757355 0.0451022
c 251.02835 -217.73364 234.19856 0.05556715 0.18757355 0.0451022
c 251.02835 -217.73364 234.39864 0.05556715 0.18757355 0.0451022
c 251.02835 -217.73364 234.59872 0.05556715 0.18757355 0.0451022
c 251.02835 -217.73364 234.7988 0.05556715 0.18757355 0.0451022
c 251.02835 -217.73364 234.99888 0.05556715 0.18757355 0.0451022
c 251.02835 -217.73364 235.19896 0.05556715 0.18757355 0.0451022
c 251.02835 -217.73364 235.39904 0.05556715 0.18757355 0.0451022
c 251.02835 -217.73364 235.59912 0.05556715 0.18757355 0.0451022
c 251.02835 -217.73364 235.7992 0.05556715 0.18757355 0.0451022
c 251.02835 -217.73364 235.99929 0.05556715 0.18757355 0.0451022
c 251.02835 -217.73364 236.19937 0.05556715 0.18757355 0.0451022
c 251.02835 -217.73364 236.39945 0.05556715 0.18757355 0.0451022
c 251.02835 -217.73364 236.59953 0.05556715 0.18757355 0.0451022
c 251.02835 -217.73364 236.79961 0.05556715 0.18757355 0.0451022
c 251.02835 -217.73364 236.99969 0.05556715 0.18757355 0.0451022
c 251.02835 -217.73364 237.19977 0.05556715 0.18757355 0.0451022
c 251.02835 -217.73364 237.39985 0.05556715 0.18757355 0.0451022
c 251.02835 -217.73364 237.59993 0.05556715 0.18757355 0.0451022
c 251.02835 -217.73364 237.80001 0.05556715 0.18757355 0.0451022
c 251.02835 -217.73364 238.00009 0.05556715 0.18757355 0.0451022
c 251.02835 -217.73364 238.20017 0.05556715 0.18757355 0.0451022
c 251.02835 -217.73364 238.40025 0.05556715 0.18757355 0.0451022
c 251.02835 -217.73364 238.60034 0.05556715 0.18757355 0.0451022
c 251.02835 -217.73364 238.80042 0.05556715 0.18757355 0.0451022
c 251.02835 -217.73364 239.0005 0.05556715 0.18757355 0.0451022
c 251.02835 -217.73364 239.20058 0.05556715 0.18757355 0.0451022
c 251.02835 -217.73364 239.40066 0.05556715 0.18757355 0.0451022
c 251.02835 -217.73364 239.60074 0.05556715 0.18757355 0.0451022
c 251.02835 -217.73364 239.80082 0.05556715 0.18757355 0.0451022
c 251.02835 -217.73364 240.0009 0.05556715 0.18757355 0.0451022
c 251.02835 -217.73364 240.20098 0.05556715 0.18757355 0.0451022
c 251.02835 -217.73364 240.40106 0.05556715 0.18757355 0.0451022
c 251.02835 -217.73364 240.60114 0.05556715 0.18757355 0.0451022
c 251.02835 -217.73364 240.80122 0.05556715 0.18757355 0.0451022
c 251.02835 -217.73364 241.0013 0.05556715 0.18757355 0.0451022
c 251.02835 -217.73364 241.20139 0.05556715 0.18757355 0.0451022
c 251.02835 -217.73364 241.40147 0.05556715 0.18757355 0.0451022
c 251.02835 -217.73364 241.60155 0.05556715 0.18757355 0.0451022
c 251.02835 -217.73364 241.80163 0.05556715 0.18757355 0.0451022
c 251.02835 -217.73364 242.00171 0.05556715 0.18757355 0.0451022
c 251.02835 -217.73364 242.20179 0.05556715 0.18757355 0.0451022
c 251.02835 -217.73364 242.40187 0.05556715 0.18757355 0.0451022
c 251.02835 -217.73364 242.60195 0.05556715 0.18757355 0.0451022
c 251.02835 -217.73364 242.80203 0.05556715 0.18757355 0.0451022
c 251.02835 -217.73364 243.00211 0.05556715 0.18757355 0.0451022
c 251.02835 -217.73364 243.20219 0.05556715 0.18757355 0.0451022
c 251.02835 -217.73364 243.40227 0.05556715 0.18757355 0.0451022
c 251.02835 -217.73364 243.60235 0.05556715 0.18757355 0.0451022
c 251.02835 -217.73364 243.80244 0.05556715 0.18757355 0.0451022
c 251.02835 -217.73364 244.00252 0.05556715 0.18757355 0.0451022
c 251.02835 -217.73364 244.2026 0.05556715 0.18757355 0.0451022
c 251.02835 -217.73364 244.40268 0.05556715 0.18757355 0.0451022
c 251.02835 -217.73364 244.60276 0.05556715 0.18757355 0.0451022
c 251.02835 -217.73364 244.80284 0.05556715 0.18757355 0.0451022
c 251.02835 -217.73364 245.00292 0.05556715 0.18757355 0.0451022
c 251.02835 -217.73364 245.203 0.05556715 0.18757355 0.0451022
c 251.02835 -217.73364 245.40308 0.05556715 0.18757355 0.0451022
c 251.02835 -217.73364 245.60316 0.05556715 0.18757355 0.0451022
c 251.02835 -217.73364 245.80324 0.05556715 0.18757355 0.0451022
c 251.02835 -217.73364 246.00332 0.05556715 0.18757355 0.0451022
c 251.02835 -217.73364 246.2034 0.05556715 0.18757355 0.0451022
c 251.02835 -217.73364 246.40349 0.05556715 0.18757355 0.0451022
c 251.02835 -217.73364 246.60357 0.05556715 0.18757355 0.0451022
c 251.02835 -217.73364 246.80365 0.05556715 0.18757355 0.0451022
c 251.02835 -217.73364 247.00373 0.05556715 0.18757355 0.0451022
c 251.02835 -217.73364 247.20381 0.05556715 0.18757355 0.0451022
c 251.02835 -217.73364 247.40389 0.05556715 0.18757355 0.0451022
c 251.02835 -217.73364 247.60397 0.05556715 0.18757355 0.0451022
c 251.02835 -217.73364 247.80405 0.05556715 0.18757355 0.0451022
c 251.02835 -217.73364 248.00413 0.05556715 0.18757355 0.0451022
c 251.02835 -217.73364 248.20421 0.05556715 0.18757355 0.0451022
c 251.02835 -217.73364 248.40429 0.05556715 0.18757355 0.0451022
c 251.02835 -217.73364 248.60437 0.05556715 0.18757355 0.0451022
c 251.02835 -217.73364 248.80445 0.05556715 0.18757355 0.0451022
c 251.02835 -217.73364 249.00454 0.05556715 0.18757355 0.0451022
c 251.02835 -217.73364 249.20462 0.05556715 0.18757355 0.0451022
c 251.02835 -217.73364 249.4047 0.05556715 0.18757355 0.0451022
c 251.02835 -217.73364 249.60478 0.05556715 0.18757355 0.0451022
c 251.02835 -217.73364 249.80486 0.05556715 0.18757355 0.0451022
c 251.02835 -217.73364 250.00494 0.05556715 0.18757355 0.0451022
c 251.02835 -217.73364 250.20502 0.05556715 0.18757355 0.0451022
c 251.02835 -217.73364 250.4051 0.05556715 0.18757355 0.0451022
c 251.02835 -217.73364 250.60518 0.05556715 0.18757355 0.0451022
c 251.02835 -217.73364 250.80526 0.05556715 0.18757355 0.0451022
c 251.02835 -217.73364 251.00534 0.05556715 0.18757355 0.0451022
c 251.02835 -217.73364 251.20542 0.05556715 0.18757355 0.0451022
c 251.02835 -217.73364 251.4055 0.05556715 0.18757355 0.0451022
c 251.02835 -217.73364 251.60559 0.05556715 0.18757355 0.0451022
c 251.02835 -217.73364 251.80567 0.05556715 0.18757355 0.0451022
c 251.02835 -217.73364 252.00575 0.05556715 0.18757355 0.0451022
c 251.02835 -217.73364 252.20583 0.05556715 0.18757355 0.0451022
c 251.02835 -217.73364 252.40591 0.05556715 0.18757355 0.0451022
c 251.02835 -217.73364 252.60599 0.05556715 0.18757355 0.0451022
c 251.02835 -217.73364 252.80607 0.05556715 0.18757355 0.0451022
c 251.02835 -217.73364 253.00615 0.05556715 0.18757355 0.0451022
c 251.02835 -217.73364 253.20623 0.05556715 0.18757355 0.0451022
c 251.02835 -217.73364 253.40631 0.05556715 0.18757355 0.0451022
c 251.02835 -217.73364 253.60639 0.05556715 0.18757355 0.0451022
c 251.02835 -217.73364 253.80647 0.05556715 0.18757355 0.0451022
c 251.02835 -217.73364 254.00655 0.05556715 0.18757355 0.0451022
c 251.02835 -217.73364 254.20664 0.05556715 0.18757355 0.0451022
c 251.02835 -217.73364 254.40672 0.05556715 0.18757355 0.0451022
c 251.02835 -217.73364 254.6068 0.05556715 0.18757355 0.0451022
c 251.02835 -217.73364 254.80688 0.05556715 0.18757355 0.0451022
c 251.02835 -217.73364 255.00696 0.05556715 0.18757355 0.0451022
c 251.02835 -217.73364 255.20704 0.05556715 0.18757355 0.0451022
c 251.02835 -217.73364 255.40712 0.05556715 0.18757355 0.0451022
c 251.02835 -217.73364 255.6072 0.05556715 0.18757355 0.0451022
c 251.02835 -217.73364 255.80728 0.05556715 0.18757355 0.0451022
c 251.02835 -217.73364 256.00736 0.05556715 0.18757355 0.0451022
c 251.02835 -217.73364 256.20744 0.05556715 0.18757355 0.0451022
c 251.02835 -217.73364 256.40752 0.05556715 0.18757355 0.0451022
c 251.02835 -217.73364 256.6076 0.05556715 0.18757355 0.0451022
c 251.02835 -217.73364 256.80769 0.05556715 0.18757355 0.0451022
c 251.02835 -217.73364 257.00777 0.05556715 0.18757355 0.0451022
c 251.02835 -217.73364 257.20785 0.05556715 0.18757355 0.0451022
c 251.02835 -217.73364 257.40793 0.05556715 0.18757355 0.0451022
c 251.02835 -217.73364 257.60801 0.05556715 0.18757355 0.0451022
c 251.02835 -217.73364 257.80809 0.05556715 0.18757355 0.0451022
c 251.02835 -217.73364 258.00817 0.05556715 0.18757355 0.0451022
c 251.02835 -217.73364 258.20825 0.05556715 0.18757355 0.0451022
c 251.02835 -217.73364 258.40833 0.05556715 0.18757355 0.0451022
c 251.02835 -217.73364 258.60841 0.05556715 0.18757355 0.0451022
c 251.02835 -217.73364 258.80849 0.05556715 0.18757355 0.0451022
c 251.02835 -217.73364 259.00857 0.05556715 0.18757355 0.0451022
c 251.02835 -217.73364 259.20865 0.05556715 0.18757355 0.0451022
c 251.02835 -217.73364 259.40874 0.05556715 0.18757355 0.0451022
c 251.02835 -217.73364 259.60882 0.05556715 0.18757355 0.0451022
c 251.02835 -217.73364 259.8089 0.05556715 0.18757355 0.0451022
c 251.02835 -217.73364 260.00898 0.05556715 0.18757355 0.0451022
c 251.02835 -217.73364 260.20906 0.05556715 0.18757355 0.0451022
c 251.02835 -217.73364 260.40914 0.05556715 0.18757355 0.0451022
c 251.02835 -217.73364 260.60922 0.05556715 0.18757355 0.0451022
c 251.02835 -217.73364 260.8093 0.05556715 0.18757355 0.0451022
c 251.02835 -217.73364 261.00938 0.05556715 0.18757355 0.0451022
c 251.02835 -217.73364 261.20946 0.05556715 0.18757355 0.0451022
c 251.02835 -217.73364 261.40954 0.05556715 0.18757355 0.0451022
c 251.02835 -217.73364 261.60962 0.05556715 0.18757355 0.0451022
c 251.02835 -217.73364 261.8097 0.05556715 0.18757355 0.0451022
c 251.02835 -217.73364 262.00979 0.05556715 0.18757355 0.0451022
c 251.02835 -217.73364 262.20987 0.05556715 0.18757355 0.0451022
c 251.02835 -217.73364 262.40995 0.05556715 0.18757355 0.0451022
c 251.02835 -217.73364 262.61003 0.05556715 0.18757355 0.0451022
c 251.02835 -217.73364 262.81011 0.05556715 0.18757355 0.0451022
c 251.02835 -217.73364 263.01019 0.05556715 0.18757355 0.0451022
c 251.02835 -217.73364 263.21027 0.05556715 0.18757355 0.0451022
c 251.02835 -217.73364 263.41035 0.05556715 0.18757355 0.0451022
c 251.02835 -217.73364 263.61043 0.05556715 0.18757355 0.0451022
c 251.02835 -217.73364 263.81051 0.05556715 0.18757355 0.0451022
c 251.02835 -217.73364 264.01059 0.05556715 0.18757355 0.0451022
c 251.02835 -217.73364 264.21067 0.05556715 0.18757355 0.0451022
c 251.02835 -217.73364 264.41075 0.05556715 0.18757355 0.0451022
c 251.02835 -217.73364 264.61084 0.05556715 0.18757355 0.0451022
c 251.02835 -217.73364 264.81092 0.05556715 0.18757355 0.0451022
c 251.02835 -217.73364 265.011 0.05556715 0.18757355 0.0451022
c 251.02835 -217.73364 265.21108 0.05556715 0.18757355 0.0451022
c 251.02835 -217.73364 265.41116 0.05556715 0.18757355 0.0451022
c 251.02835 -217.73364 265.61124 0.05556715 0.18757355 0.0451022
c 251.02835 -217.73364 265.81132 0.05556715 0.18757355 0.0451022
c 251.02835 -217.73364 266.0114 0.05556715 0.18757355 0.0451022
c 251.02835 -217.73364 266.21148 0.05556715 0.18757355 0.0451022
c 251.02835 -217.73364 266.41156 0.05556715 0.18757355 0.0451022
c 251.02835 -217.73364 266.61164 0.05556715 0.18757355 0.0451022
c 251.02835 -217.73364 266.81172 0.05556715 0.18757355 0.0451022
c 251.02835 -217.73364 267.0118 0.05556715 0.18757355 0.0451022
c 251.02835 -217.73364 267.21189 0.05556715 0.18757355 0.0451022
c 251.02835 -217.73364 267.41197 0.05556715 0.18757355 0.0451022
c 251.02835 -217.73364 267.61205 0.05556715 0.18757355 0.0451022
c 251.02835 -217.73364 267.81213 0.05556715 0.18757355 0.0451022
c 251.02835 -217.73364 268.01221 0.05556715 0.18757355 0.0451022
c 251.02835 -217.73364 268.21229 0.05556715 0.18757355 0.0451022
c 251.02835 -217.73364 268.41237 0.05556715 0.18757355 0.0451022
c 251.02835 -217.73364 268.61245 0.05556715 0.18757355 0.0451022
c 251.02835 -217.73364 268.81253 0.05556715 0.18757355 0.0451022
c 251.02835 -217.73364 269.01261 0.05556715 0.18757355 0.0451022
c 251.02835 -217.73364 269.21269 0.05556715 0.18757355 0.0451022
c 251.02835 -217.73364 269.41277 0.05556715 0.18757355 0.0451022
c 251.02835 -217.73364 269.61285 0.05556715 0.18757355 0.0451022
c 251.02835 -217.73364 269.81294 0.05556715 0.18757355 0.0451022
c 251.02835 -217.73364 270.01302 0.05556715 0.18757355 0.0451022
c 251.02835 -217.73364 270.2131 0.05556715 0.18757355 0.0451022
c 251.02835 -217.73364 270.41318 0.05556715 0.18757355 0.0451022
c 251.02835 -217.73364 270.61326 0.05556715 0.18757355 0.0451022
c 251.02835 -217.73364 270.81334 0.05556715 0.18757355 0.0451022
c 251.02835 -217.73364 271.01342 0.05556715 0.18757355 0.0451022
c 251.02835 -217.73364 271.2135 0.05556715 0.18757355 0.0451022
c 251.02835 -217.73364 271.41358 0.05556715 0.18757355 0.0451022
c 251.02835 -217.73364 271.61366 0.05556715 0.18757355 0.0451022
