c 251.02835 -217.73364 271.61366 0.02381425 0.09322115 -0.0144779
c 251.02835 -217.54211 271.67452 0.02381425 0.09322115 -0.0144779
c 251.02835 -217.35058 271.73537 0.02381425 0.09322115 -0.0144779
c 251.02835 -217.15904 271.79623 0.02381425 0.09322115 -0.0144779
c 251.02835 -216.96751 271.85708 0.02381425 0.09322115 -0.0144779
c 251.02835 -216.77598 271.91794 0.02381425 0.09322115 -0.0144779
c 251.02835 -216.58445 271.97879 0.02381425 0.09322115 -0.0144779
c 251.02835 -216.39292 272.03965 0.02381425 0.09322115 -0.0144779
c 251.02835 -216.20138 272.1005 0.02381425 0.09322115 -0.0144779
c 251.02835 -216.00985 272.16136 0.02381425 0.09322115 -0.0144779
c 251.02835 -215.81832 272.22221 0.02381425 0.09322115 -0.0144779
c 251.02835 -215.62679 272.28307 0.02381425 0.09322115 -0.0144779
c 251.02835 -215.43526 272.34392 0.02381425 0.09322115 -0.0144779
c 251.02835 -215.24372 272.40478 0.02381425 0.09322115 -0.0144779
c 251.02835 -215.05219 272.46563 0.02381425 0.09322115 -0.0144779
c 251.02835 -214.86066 272.52649 0.02381425 0.09322115 -0.0144779
c 251.02835 -214.66913 272.58734 0.02381425 0.09322115 -0.0144779
c 251.02835 -214.4776 272.6482 0.02381425 0.09322115 -0.0144779
c 251.02835 -214.28606 272.70905 0.02381425 0.09322115 -0.0144779
c 251.02835 -214.09453 272.7699 0.02381425 0.09322115 -0.0144779
c 251.02835 -213.903 272.83076 0.02381425 0.09322115 -0.0144779
c 251.02835 -213.71147 272.89161 0.02381425 0.09322115 -0.0144779
c 251.02835 -213.51994 272.95247 0.02381425 0.09322115 -0.0144779
c 251.02835 -213.3284 273.01332 0.02381425 0.09322115 -0.0144779
c 251.02835 -213.13687 273.07418 0.02381425 0.09322115 -0.0144779
c 251.02835 -212.94534 273.13503 0.02381425 0.09322115 -0.0144779
c 251.02835 -212.75381 273.19589 0.02381425 0.09322115 -0.0144779
c 251.02835 -212.56228 273.25674 0.02381425 0.09322115 -0.0144779
c 251.02835 -212.37074 273.3176 0.02381425 0.09322115 -0.0144779
c 251.02835 -212.17921 273.37845 0.02381425 0.09322115 -0.0144779
c 251.02835 -211.98768 273.43931 0.02381425 0.09322115 -0.0144779
c 251.02835 -211.79615 273.50016 0.02381425 0.09322115 -0.0144779
c 251.02835 -211.60461 273.56102 0.02381425 0.09322115 -0.0144779
c 251.02835 -211.41308 273.62187 0.02381425 0.09322115 -0.0144779
c 251.02835 -211.22155 273.68273 0.02381425 0.09322115 -0.0144779
c 251.02835 -211.03002 273.74358 0.02381425 0.09322115 -0.0144779
c 251.02835 -210.83849 273.80444 0.02381425 0.09322115 -0.0144779
c 251.02835 -210.64695 273.86529 0.02381425 0.09322115 -0.0144779
c 251.02835 -210.45542 273.92615 0.02381425 0.09322115 -0.0144779
c 251.02835 -210.26389 273.987 0.02381425 0.09322115 -0.0144779
c 251.02835 -210.07236 274.04786 0.02381425 0.09322115 -0.0144779
c 251.02835 -209.88083 274.10871 0.02381425 0.09322115 -0.0144779
c 251.02835 -209.68929 274.16957 0.02381425 0.09322115 -0.0144779
c 251.02835 -209.49776 274.23042 0.02381425 0.09322115 -0.0144779
c 251.02835 -209.30623 274.29128 0.02381425 0.09322115 -0.0144779
c 251.02835 -209.1147 274.35213 0.02381425 0.09322115 -0.0144779
c 251.02835 -208.92317 274.41299 0.02381425 0.09322115 -0.0144779
c 251.02835 -208.73163 274.47384 0.02381425 0.09322115 -0.0144779
c 251.02835 -208.5401 274.5347 0.02381425 0.09322115 -0.0144779
c 251.02835 -208.34857 274.59555 0.02381425 0.09322115 -0.0144779
c 251.02835 -208.15704 274.65641 0.02381425 0.09322115 -0.0144779
c 251.02835 -207.96551 274.71726 0.02381425 0.09322115 -0.0144779
c 251.02835 -207.77397 274.77812 0.02381425 0.09322115 -0.0144779
c 251.02835 -207.58244 274.83897 0.02381425 0.09322115 -0.0144779
c 251.02835 -207.39091 274.89983 0.02381425 0.09322115 -0.0144779
c 251.02835 -207.19938 274.96068 0.02381425 0.09322115 -0.0144779
c 251.02835 -207.00785 275.02154 0.02381425 0.09322115 -0.0144779
c 251.02835 -206.81631 275.08239 0.02381425 0.09322115 -0.0144779
c 251.02835 -206.62478 275.14325 0.02381425 0.09322115 -0.0144779
c 251.02835 -206.43325 275.2041 0.02381425 0.09322115 -0.0144779
c 251.02835 -206.24172 275.26496 0.02381425 0.09322115 -0.0144779
c 251.02835 -206.05019 275.32581 0.02381425 0.09322115 -0.0144779
c 251.02835 -205.85865 275.38666 0.02381425 0.09322115 -0.0144779
c 251.02835 -205.66712 275.44752 0.02381425 0.09322115 -0.0144779
c 251.02835 -205.47559 275.50837 0.02381425 0.09322115 -0.0144779
c 251.02835 -205.28406 275.56923 0.02381425 0.09322115 -0.0144779
c 251.02835 -205.09253 275.63008 0.02381425 0.09322115 -0.0144779
c 251.02835 -204.90099 275.69094 0.02381425 0.09322115 -0.0144779
c 251.02835 -204.70946 275.75179 0.02381425 0.09322115 -0.0144779
c 251.02835 -204.51793 275.81265 0.02381425 0.09322115 -0.0144779
c 251.02835 -204.3264 275.8735 0.02381425 0.09322115 -0.0144779
c 251.02835 -204.13487 275.93436 0.02381425 0.09322115 -0.0144779
c 251.02835 -203.94333 275.99521 0.02381425 0.09322115 -0.0144779
c 251.02835 -203.7518 276.05607 0.02381425 0.09322115 -0.0144779
c 251.02835 -203.56027 276.11692 0.02381425 0.09322115 -0.0144779
c 251.02835 -203.36874 276.17778 0.02381425 0.09322115 -0.0144779
c 251.02835 -203.17721 276.23863 0.02381425 0.09322115 -0.0144779
c 251.02835 -202.98567 276.29949 0.02381425 0.09322115 -0.0144779
c 251.02835 -202.79414 276.36034 0.02381425 0.09322115 -0.0144779
c 251.02835 -202.60261 276.4212 0.02381425 0.09322115 -0.0144779
c 251.02835 -202.41108 276.48205 0.02381425 0.09322115 -0.0144779
c 251.02835 -202.21955 276.54291 0.02381425 0.09322115 -0.0144779
c 251.02835 -202.02801 276.60376 0.02381425 0.09322115 -0.0144779
c 251.02835 -201.83648 276.66462 0.02381425 0.09322115 -0.0144779
c 251.02835 -201.64495 276.72547 0.02381425 0.09322115 -0.0144779
c 251.02835 -201.45342 276.78633 0.02381425 0.09322115 -0.0144779
c 251.02835 -201.26189 276.84718 0.02381425 0.09322115 -0.0144779
c 251.02835 -201.07035 276.90804 0.02381425 0.09322115 -0.0144779
c 251.02835 -200.87882 276.96889 0.02381425 0.09322115 -0.0144779
c 251.02835 -200.68729 277.02975 0.02381425 0.09322115 -0.0144779
c 251.02835 -200.49576 277.0906 0.02381425 0.09322115 -0.0144779
c 251.02835 -200.30422 277.15146 0.02381425 0.09322115 -0.0144779
c 251.02835 -200.11269 277.21231 0.02381425 0.09322115 -0.0144779
c 251.02835 -199.92116 277.27317 0.02381425 0.09322115 -0.0144779
c 251.02835 -199.72963 277.33402 0.02381425 0.09322115 -0.0144779
c 251.02835 -199.5381 277.39488 0.02381425 0.09322115 -0.0144779
c 251.02835 -199.34656 277.45573 0.02381425 0.09322115 -0.0144779
c 251.02835 -199.15503 277.51659 0.02381425 0.09322115 -0.0144779
c 251.02835 -198.9635 277.57744 0.02381425 0.09322115 -0.0144779
c 251.02835 -198.77197 277.6383 0.02381425 0.09322115 -0.0144779
c 251.02835 -198.58044 277.69915 0.02381425 0.09322115 -0.0144779
c 251.02835 -198.3889 277.76001 0.02381425 0.09322115 -0.0144779
c 251.02835 -198.19737 277.82086 0.02381425 0.09322115 -0.0144779
c 251.02835 -198.00584 277.88172 0.02381425 0.09322115 -0.0144779
c 251.02835 -197.81431 277.94257 0.02381425 0.09322115 -0.0144779
c 251.02835 -197.62278 278.00342 0.02381425 0.09322115 -0.0144779
c 251.02835 -197.43124 278.06428 0.02381425 0.09322115 -0.0144779
c 251.02835 -197.23971 278.12513 0.02381425 0.09322115 -0.0144779
c 251.02835 -197.04818 278.18599 0.02381425 0.09322115 -0.0144779
c 251.02835 -196.85665 278.24684 0.02381425 0.09322115 -0.0144779
c 251.02835 -196.66512 278.3077 0.02381425 0.09322115 -0.0144779
c 251.02835 -196.47358 278.36855 0.02381425 0.09322115 -0.0144779
c 251.02835 -196.28205 278.42941 0.02381425 0.09322115 -0.0144779
c 251.02835 -196.09052 278.49026 0.02381425 0.09322115 -0.0144779
c 251.02835 -195.89899 278.55112 0.02381425 0.09322115 -0.0144779
c 251.02835 -195.70746 278.61197 0.02381425 0.09322115 -0.0144779
c 251.02835 -195.51592 278.67283 0.02381425 0.09322115 -0.0144779
c 251.02835 -195.32439 278.73368 0.02381425 0.09322115 -0.0144779
c 251.02835 -195.13286 278.79454 0.02381425 0.09322115 -0.0144779
c 251.02835 -194.94133 278.85539 0.02381425 0.09322115 -0.0144779
c 251.02835 -194.7498 278.91625 0.02381425 0.09322115 -0.0144779
c 251.02835 -194.55826 278.9771 0.02381425 0.09322115 -0.0144779
c 251.02835 -194.36673 279.03796 0.02381425 0.09322115 -0.0144779
c 251.02835 -194.1752 279.09881 0.02381425 0.09322115 -0.0144779
c 251.02835 -193.98367 279.15967 0.02381425 0.09322115 -0.0144779
c 251.02835 -193.79214 279.22052 0.02381425 0.09322115 -0.0144779
c 251.02835 -193.6006 279.28138 0.02381425 0.09322115 -0.0144779
c 251.02835 -193.40907 279.34223 0.02381425 0.09322115 -0.0144779
c 251.02835 -193.21754 279.40309 0.02381425 0.09322115 -0.0144779
c 251.02835 -193.02601 279.46394 0.02381425 0.09322115 -0.0144779
c 251.02835 -192.83448 279.5248 0.02381425 0.09322115 -0.0144779
c 251.02835 -192.64294 279.58565 0.02381425 0.09322115 -0.0144779
c 251.02835 -192.45141 279.64651 0.02381425 0.09322115 -0.0144779
c 251.02835 -192.25988 279.70736 0.02381425 0.09322115 -0.0144779
c 251.02835 -192.06835 279.76822 0.02381425 0.09322115 -0.0144779
c 251.02835 -191.87682 279.82907 0.02381425 0.09322115 -0.0144779
c 251.02835 -191.68528 279.88993 0.02381425 0.09322115 -0.0144779
c 251.02835 -191.49375 279.95078 0.02381425 0.09322115 -0.0144779
c 251.02835 -191.30222 280.01164 0.02381425 0.09322115 -0.0144779
c 251.02835 -191.11069 280.07249 0.02381425 0.09322115 -0.0144779
c 251.02835 -190.91916 280.13335 0.02381425 0.09322115 -0.0144779
c 251.02835 -190.72762 280.1942 0.02381425 0.09322115 -0.0144779
c 251.02835 -190.53609 280.25506 0.02381425 0.09322115 -0.0144779
c 251.02835 -190.34456 280.31591 0.02381425 0.09322115 -0.0144779
c 251.02835 -190.15303 280.37677 0.02381425 0.09322115 -0.0144779
c 251.02835 -189.9615 280.43762 0.02381425 0.09322115 -0.0144779
c 251.02835 -189.76996 280.49848 0.02381425 0.09322115 -0.0144779
c 251.02835 -189.57843 280.55933 0.02381425 0.09322115 -0.0144779
c 251.02835 -189.3869 280.62018 0.02381425 0.09322115 -0.0144779
c 251.02835 -189.19537 280.68104 0.02381425 0.09322115 -0.0144779
c 251.02835 -189.00383 280.74189 0.02381425 0.09322115 -0.0144779
c 251.02835 -188.8123 280.80275 0.02381425 0.09322115 -0.0144779
c 251.02835 -188.62077 280.8636 0.02381425 0.09322115 -0.0144779
c 251.02835 -188.42924 280.92446 0.02381425 0.09322115 -0.0144779
c 251.02835 -188.23771 280.98531 0.02381425 0.09322115 -0.0144779
c 251.02835 -188.04617 281.04617 0.02381425 0.09322115 -0.0144779
c 251.02835 -187.85464 281.10702 0.02381425 0.09322115 -0.0144779
c 251.02835 -187.66311 281.16788 0.02381425 0.09322115 -0.0144779
c 251.02835 -187.47158 281.22873 0.02381425 0.09322115 -0.0144779
c 251.02835 -187.28005 281.28959 0.02381425 0.09322115 -0.0144779
c 251.02835 -187.08851 281.35044 0.02381425 0.09322115 -0.0144779
c 251.02835 -186.89698 281.4113 0.02381425 0.09322115 -0.0144779
c 251.02835 -186.70545 281.47215 0.02381425 0.09322115 -0.0144779
c 251.02835 -186.51392 281.53301 0.02381425 0.09322115 -0.0144779
c 251.02835 -186.32239 281.59386 0.02381425 0.09322115 -0.0144779
c 251.02835 -186.13085 281.65472 0.02381425 0.09322115 -0.0144779
c 251.02835 -185.93932 281.71557 0.02381425 0.09322115 -0.0144779
c 251.02835 -185.74779 281.77643 0.02381425 0.09322115 -0.0144779
c 251.02835 -185.55626 281.83728 0.02381425 0.09322115 -0.0144779
c 251.02835 -185.36473 281.89814 0.02381425 0.09322115 -0.0144779
c 251.02835 -185.17319 281.95899 0.02381425 0.09322115 -0.0144779
c 251.02835 -184.98166 282.01985 0.02381425 0.09322115 -0.0144779
c 251.02835 -184.79013 282.0807 0.02381425 0.09322115 -0.0144779
c 251.02835 -184.5986 282.14156 0.02381425 0.09322115 -0.0144779
c 251.02835 -184.40707 282.20241 0.02381425 0.09322115 -0.0144779
c 251.02835 -184.21553 282.26327 0.02381425 0.09322115 -0.0144779
c 251.02835 -184.024 282.32412 0.02381425 0.09322115 -0.0144779
c 251.02835 -183.83247 282.38498 0.02381425 0.09322115 -0.0144779
c 251.02835 -183.64094 282.44583 0.02381425 0.09322115 -0.0144779
c 251.02835 -183.44941 282.50669 0.02381425 0.09322115 -0.0144779
c 251.02835 -183.25787 282.56754 0.02381425 0.09322115 -0.0144779
c 251.02835 -183.06634 282.6284 0.02381425 0.09322115 -0.0144779
c 251.02835 -182.87481 282.68925 0.02381425 0.09322115 -0.0144779
c 251.02835 -182.68328 282.75011 0.02381425 0.09322115 -0.0144779
c 251.02835 -182.49175 282.81096 0.02381425 0.09322115 -0.0144779
c 251.02835 -182.30021 282.87182 0.02381425 0.09322115 -0.0144779
c 251.02835 -182.10868 282.93267 0.02381425 0.09322115 -0.0144779
c 251.02835 -181.91715 282.99353 0.02381425 0.09322115 -0.0144779
c 251.02835 -181.72562 283.05438 0.02381425 0.09322115 -0.0144779
c 251.02835 -181.53409 283.11524 0.02381425 0.09322115 -0.0144779
c 251.02835 -181.34255 283.17609 0.02381425 0.09322115 -0.0144779
c 251.02835 -181.15102 283.23694 0.02381425 0.09322115 -0.0144779
c 251.02835 -180.95949 283.2978 0.02381425 0.09322115 -0.0144779
c 251.02835 -180.76796 283.35865 0.02381425 0.09322115 -0.0144779
c 251.02835 -180.57643 283.41951 0.02381425 0.09322115 -0.0144779
c 251.02835 -180.38489 283.48036 0.02381425 0.09322115 -0.0144779
c 251.02835 -180.19336 283.54122 0.02381425 0.09322115 -0.0144779
c 251.02835 -180.00183 283.60207 0.02381425 0.09322115 -0.0144779
c 251.02835 -179.8103 283.66293 0.02381425 0.09322115 -0.0144779
c 251.02835 -179.61877 283.72378 0.02381425 0.09322115 -0.0144779
c 251.02835 -179.42723 283.78464 0.02381425 0.09322115 -0.0144779
c 251.02835 -179.2357 283.84549 0.02381425 0.09322115 -0.0144779
c 251.02835 -179.04417 283.90635 0.02381425 0.09322115 -0.0144779
c 251.02835 -178.85264 283.9672 0.02381425 0.09322115 -0.0144779
c 251.02835 -178.66111 284.02806 0.02381425 0.09322115 -0.0144779
c 251.02835 -178.46957 284.08891 0.02381425 0.09322115 -0.0144779
c 251.02835 -178.27804 284.14977 0.02381425 0.09322115 -0.0144779
c 251.02835 -178.08651 284.21062 0.02381425 0.09322115 -0.0144779
c 251.02835 -177.89498 284.27148 0.02381425 0.09322115 -0.0144779
c 251.02835 -177.70344 284.33233 0.02381425 0.09322115 -0.0144779
c 251.02835 -177.51191 284.39319 0.02381425 0.09322115 -0.0144779
c 251.02835 -177.32038 284.45404 0.02381425 0.09322115 -0.0144779
c 251.02835 -177.12885 284.5149 0.02381425 0.09322115 -0.0144779
c 251.02835 -176.93732 284.57575 0.02381425 0.09322115 -0.0144779
c 251.02835 -176.74578 284.63661 0.02381425 0.09322115 -0.0144779
c 251.02835 -176.55425 284.69746 0.02381425 0.09322115 -0.0144779
c 251.02835 -176.36272 284.75832 0.02381425 0.09322115 -0.0144779
c 251.02835 -176.17119 284.81917 0.02381425 0.09322115 -0.0144779
c 251.02835 -175.97966 284.88003 0.02381425 0.09322115 -0.0144779
c 251.02835 -175.78812 284.94088 0.02381425 0.09322115 -0.0144779
c 251.02835 -175.59659 285.00174 0.02381425 0.09322115 -0.0144779
c 251.02835 -175.40506 285.06259 0.02381425 0.09322115 -0.0144779
c 251.02835 -175.21353 285.12345 0.02381425 0.09322115 -0.0144779
c 251.02835 -175.022 285.1843 0.02381425 0.09322115 -0.0144779
c 251.02835 -174.83046 285.24516 0.02381425 0.09322115 -0.0144779
c 251.02835 -174.63893 285.30601 0.02381425 0.09322115 -0.0144779
c 251.02835 -174.4474 285.36687 0.02381425 0.09322115 -0.0144779
c 251.02835 -174.25587 285.42772 0.02381425 0.09322115 -0.0144779
c 251.02835 -174.06434 285.48858 0.02381425 0.09322115 -0.0144779
c 251.02835 -173.8728 285.54943 0.02381425 0.09322115 -0.0144779
c 251.02835 -173.68127 285.61029 0.02381425 0.09322115 -0.0144779
c 251.02835 -173.48974 285.67114 0.02381425 0.09322115 -0.0144779
c 251.02835 -173.29821 285.732 0.02381425 0.09322115 -0.0144779
c 251.02835 -173.10668 285.79285 0.02381425 0.09322115 -0.0144779
c 251.02835 -172.91514 285.8537 0.02381425 0.09322115 -0.0144779
c 251.02835 -172.72361 285.91456 0.02381425 0.09322115 -0.0144779
c 251.02835 -172.53208 285.97541 0.02381425 0.09322115 -0.0144779
c 251.02835 -172.34055 286.03627 0.02381425 0.09322115 -0.0144779
c 251.02835 -172.14902 286.09712 0.02381425 0.09322115 -0.0144779
c 251.02835 -171.95748 286.15798 0.02381425 0.09322115 -0.0144779
c 251.02835 -171.76595 286.21883 0.02381425 0.09322115 -0.0144779
c 251.02835 -171.57442 286.27969 0.02381425 0.09322115 -0.0144779
c 251.02835 -171.38289 286.34054 0.02381425 0.09322115 -0.0144779
c 251.02835 -171.19136 286.4014 0.02381425 0.09322115 -0.0144779
c 251.02835 -170.99982 286.46225 0.02381425 0.09322115 -0.0144779
c 251.02835 -170.80829 286.52311 0.02381425 0.09322115 -0.0144779
c 251.02835 -170.61676 286.58396 0.02381425 0.09322115 -0.0144779
c 251.02835 -170.42523 286.64482 0.02381425 0.09322115 -0.0144779
c 251.02835 -170.2337 286.70567 0.02381425 0.09322115 -0.0144779
c 251.02835 -170.04216 286.76653 0.02381425 0.09322115 -0.0144779
c 251.02835 -169.85063 286.82738 0.02381425 0.09322115 -0.0144779
c 251.02835 -169.6591 286.88824 0.02381425 0.09322115 -0.0144779
c 251.02835 -169.46757 286.94909 0.02381425 0.09322115 -0.0144779
c 251.02835 -169.27604 287.00995 0.02381425 0.09322115 -0.0144779
c 251.02835 -169.0845 287.0708 0.02381425 0.09322115 -0.0144779
c 251.02835 -168.89297 287.13166 0.02381425 0.09322115 -0.0144779
c 251.02835 -168.70144 287.19251 0.02381425 0.09322115 -0.0144779
c 251.02835 -168.50991 287.25337 0.02381425 0.09322115 -0.0144779
c 251.02835 -168.31838 287.31422 0.02381425 0.09322115 -0.0144779
c 251.02835 -168.12684 287.37508 0.02381425 0.09322115 -0.0144779
c 251.02835 -167.93531 287.43593 0.02381425 0.09322115 -0.0144779
c 251.02835 -167.74378 287.49679 0.02381425 0.09322115 -0.0144779
c 251.02835 -167.55225 287.55764 0.02381425 0.09322115 -0.0144779
c 251.02835 -167.36071 287.6185 0.02381425 0.09322115 -0.0144779
c 251.02835 -167.16918 287.67935 0.02381425 0.09322115 -0.0144779
c 251.02835 -166.97765 287.74021 0.02381425 0.09322115 -0.0144779
c 251.02835 -166.78612 287.80106 0.02381425 0.09322115 -0.0144779
c 251.02835 -166.59459 287.86192 0.02381425 0.09322115 -0.0144779
c 251.02835 -166.40305 287.92277 0.02381425 0.09322115 -0.0144779
c 251.02835 -166.21152 287.98363 0.02381425 0.09322115 -0.0144779
c 251.02835 -166.01999 288.04448 0.02381425 0.09322115 -0.0144779
c 251.02835 -165.82846 288.10534 0.02381425 0.09322115 -0.0144779
c 251.02835 -165.63693 288.16619 0.02381425 0.09322115 -0.0144779
c 251.02835 -165.44539 288.22705 0.02381425 0.09322115 -0.0144779
c 251.02835 -165.25386 288.2879 0.02381425 0.09322115 -0.0144779
c 251.02835 -165.06233 288.34876 0.02381425 0.09322115 -0.0144779
c 251.02835 -164.8708 288.40961 0.02381425 0.09322115 -0.0144779
c 251.02835 -164.67927 288.47046 0.02381425 0.09322115 -0.0144779
c 251.02835 -164.48773 288.53132 0.02381425 0.09322115 -0.0144779
c 251.02835 -164.2962 288.59217 0.02381425 0.09322115 -0.0144779
c 251.02835 -164.10467 288.65303 0.02381425 0.09322115 -0.0144779
c 251.02835 -163.91314 288.71388 0.02381425 0.09322115 -0.0144779
c 251.02835 -163.72161 288.77474 0.02381425 0.09322115 -0.0144779
c 251.02835 -163.53007 288.83559 0.02381425 0.09322115 -0.0144779
c 251.02835 -163.33854 288.89645 0.02381425 0.09322115 -0.0144779
c 251.02835 -163.14701 288.9573 0.02381425 0.09322115 -0.0144779
c 251.02835 -162.95548 289.01816 0.02381425 0.09322115 -0.0144779
c 251.02835 -162.76395 289.07901 0.02381425 0.09322115 -0.0144779
c 251.02835 -162.57241 289.13987 0.02381425 0.09322115 -0.0144779
c 251.02835 -162.38088 289.20072 0.02381425 0.09322115 -0.0144779
c 251.02835 -162.18935 289.26158 0.02381425 0.09322115 -0.0144779
c 251.02835 -161.99782 289.32243 0.02381425 0.09322115 -0.0144779
c 251.02835 -161.80629 289.38329 0.02381425 0.09322115 -0.0144779
c 251.02835 -161.61475 289.44414 0.02381425 0.09322115 -0.0144779
c 251.02835 -161.42322 289.505 0.02381425 0.09322115 -0.0144779
c 251.02835 -161.23169 289.56585 0.02381425 0.09322115 -0.0144779
c 251.02835 -161.04016 289.62671 0.02381425 0.09322115 -0.0144779
c 251.02835 -160.84863 289.68756 0.02381425 0.09322115 -0.0144779
c 251.02835 -160.65709 289.74842 0.02381425 0.09322115 -0.0144779
c 251.02835 -160.46556 289.80927 0.02381425 0.09322115 -0.0144779
c 251.02835 -160.27403 289.87013 0.02381425 0.09322115 -0.0144779
c 251.02835 -160.0825 289.93098 0.02381425 0.09322115 -0.0144779
c 251.02835 -159.89097 289.99184 0.02381425 0.09322115 -0.0144779
c 251.02835 -159.69943 290.05269 0.02381425 0.09322115 -0.0144779
c 251.02835 -159.5079 290.11355 0.02381425 0.09322115 -0.0144779
c 251.02835 -159.31637 290.1744 0.02381425 0.09322115 -0.0144779
c 251.02835 -159.12484 290.23526 0.02381425 0.09322115 -0.0144779
c 251.02835 -158.93331 290.29611 0.02381425 0.09322115 -0.0144779
c 251.02835 -158.74177 290.35697 0.02381425 0.09322115 -0.0144779
c 251.02835 -158.55024 290.41782 0.02381425 0.09322115 -0.0144779
c 251.02835 -158.35871 290.47868 0.02381425 0.09322115 -0.0144779
c 251.02835 -158.16718 290.53953 0.02381425 0.09322115 -0.0144779
c 251.02835 -157.97565 290.60039 0.02381425 0.09322115 -0.0144779
c 251.02835 -157.78411 290.66124 0.02381425 0.09322115 -0.0144779
c 251.02835 -157.59258 290.7221 0.02381425 0.09322115 -0.0144779
c 251.02835 -157.40105 290.78295 0.02381425 0.09322115 -0.0144779
c 251.02835 -157.20952 290.84381 0.02381425 0.09322115 -0.0144779
c 251.02835 -157.01799 290.90466 0.02381425 0.09322115 -0.0144779
c 251.02835 -156.82645 290.96552 0.02381425 0.09322115 -0.0144779
c 251.02835 -156.63492 291.02637 0.02381425 0.09322115 -0.0144779
c 251.02835 -156.44339 291.08722 0.02381425 0.09322115 -0.0144779
c 251.02835 -156.25186 291.14808 0.02381425 0.09322115 -0.0144779
c 251.02835 -156.06032 291.20893 0.02381425 0.09322115 -0.0144779
c 251.02835 -155.86879 291.26979 0.02381425 0.09322115 -0.0144779
c 251.02835 -155.67726 291.33064 0.02381425 0.09322115 -0.0144779
c 251.02835 -155.48573 291.3915 0.02381425 0.09322115 -0.0144779
c 251.02835 -155.2942 291.45235 0.02381425 0.09322115 -0.0144779
c 251.02835 -155.10266 291.51321 0.02381425 0.09322115 -0.0144779
c 251.02835 -154.91113 291.57406 0.02381425 0.09322115 -0.0144779
c 251.02835 -154.7196 291.63492 0.02381425 0.09322115 -0.0144779
c 251.02835 -154.52807 291.69577 0.02381425 0.09322115 -0.0144779
c 251.02835 -154.33654 291.75663 0.02381425 0.09322115 -0.0144779
c 251.02835 -154.145 291.81748 0.02381425 0.09322115 -0.0144779
c 251.02835 -153.95347 291.87834 0.02381425 0.09322115 -0.0144779
c 251.02835 -153.76194 291.93919 0.02381425 0.09322115 -0.0144779
c 251.02835 -153.57041 292.00005 0.02381425 0.09322115 -0.0144779
c 251.02835 -153.37888 292.0609 0.02381425 0.09322115 -0.0144779
c 251.02835 -153.18734 292.12176 0.02381425 0.09322115 -0.0144779
c 251.02835 -152.99581 292.18261 0.02381425 0.09322115 -0.0144779
c 251.02835 -152.80428 292.24347 0.02381425 0.09322115 -0.0144779
c 251.02835 -152.61275 292.30432 0.02381425 0.09322115 -0.0144779
c 251.02835 -152.42122 292.36518 0.02381425 0.09322115 -0.0144779
c 251.02835 -152.22968 292.42603 0.02381425 0.09322115 -0.0144779
c 251.02835 -152.03815 292.48689 0.02381425 0.09322115 -0.0144779
c 251.02835 -151.84662 292.54774 0.02381425 0.09322115 -0.0144779
c 251.02835 -151.65509 292.6086 0.02381425 0.09322115 -0.0144779
c 251.02835 -151.46356 292.66945 0.02381425 0.09322115 -0.0144779
c 251.02835 -151.27202 292.73031 0.02381425 0.09322115 -0.0144779
c 251.02835 -151.08049 292.79116 0.02381425 0.09322115 -0.0144779
c 251.02835 -150.88896 292.85202 0.02381425 0.09322115 -0.0144779
c 251.02835 -150.69743 292.91287 0.02381425 0.09322115 -0.0144779
c 251.02835 -150.5059 292.97373 0.02381425 0.09322115 -0.0144779
c 251.02835 -150.31436 293.03458 0.02381425 0.09322115 -0.0144779
c 251.02835 -150.12283 293.09544 0.02381425 0.09322115 -0.0144779
c 251.02835 -149.9313 293.15629 0.02381425 0.09322115 -0.0144779
c 251.02835 -149.73977 293.21715 0.02381425 0.09322115 -0.0144779
c 251.02835 -149.54824 293.278 0.02381425 0.09322115 -0.0144779
c 251.02835 -149.3567 293.33886 0.02381425 0.09322115 -0.0144779
c 251.02835 -149.16517 293.39971 0.02381425 0.09322115 -0.0144779
c 251.02835 -148.97364 293.46057 0.02381425 0.09322115 -0.0144779
c 251.02835 -148.78211 293.52142 0.02381425 0.09322115 -0.0144779
c 251.02835 -148.59058 293.58228 0.02381425 0.09322115 -0.0144779
c 251.02835 -148.39904 293.64313 0.02381425 0.09322115 -0.0144779
c 251.02835 -148.20751 293.70398 0.02381425 0.09322115 -0.0144779
c 251.02835 -148.01598 293.76484 0.02381425 0.09322115 -0.0144779
c 251.02835 -147.82445 293.82569 0.02381425 0.09322115 -0.0144779
c 251.02835 -147.63292 293.88655 0.02381425 0.09322115 -0.0144779
c 251.02835 -147.44138 293.9474 0.02381425 0.09322115 -0.0144779
c 251.02835 -147.24985 294.00826 0.02381425 0.09322115 -0.0144779
c 251.02835 -147.05832 294.06911 0.02381425 0.09322115 -0.0144779
c 251.02835 -146.86679 294.12997 0.02381425 0.09322115 -0.0144779
c 251.02835 -146.67526 294.19082 0.02381425 0.09322115 -0.0144779
c 251.02835 -146.48372 294.25168 0.02381425 0.09322115 -0.0144779
c 251.02835 -146.29219 294.31253 0.02381425 0.09322115 -0.0144779
c 251.02835 -146.10066 294.37339 0.02381425 0.09322115 -0.0144779
c 251.02835 -145.90913 294.43424 0.02381425 0.09322115 -0.0144779
c 251.02835 -145.7176 294.4951 0.02381425 0.09322115 -0.0144779
c 251.02835 -145.52606 294.55595 0.02381425 0.09322115 -0.0144779
c 251.02835 -145.33453 294.61681 0.02381425 0.09322115 -0.0144779
c 251.02835 -145.143 294.67766 0.02381425 0.09322115 -0.0144779
c 251.02835 -144.95147 294.73852 0.02381425 0.09322115 -0.0144779
c 251.02835 -144.75993 294.79937 0.02381425 0.09322115 -0.0144779
c 251.02835 -144.5684 294.86023 0.02381425 0.09322115 -0.0144779
c 251.02835 -144.37687 294.92108 0.02381425 0.09322115 -0.0144779
c 251.02835 -144.18534 294.98194 0.02381425 0.09322115 -0.0144779
c 251.02835 -143.99381 295.04279 0.02381425 0.09322115 -0.0144779
c 251.02835 -143.80227 295.10365 0.02381425 0.09322115 -0.0144779
c 251.02835 -143.61074 295.1645 0.02381425 0.09322115 -0.0144779
c 251.02835 -143.41921 295.22536 0.02381425 0.09322115 -0.0144779
c 251.02835 -143.22768 295.28621 0.02381425 0.09322115 -0.0144779
c 251.02835 -143.03615 295.34707 0.02381425 0.09322115 -0.0144779
c 251.02835 -142.84461 295.40792 0.02381425 0.09322115 -0.0144779
c 251.02835 -142.65308 295.46878 0.02381425 0.09322115 -0.0144779
c 251.02835 -142.46155 295.52963 0.02381425 0.09322115 -0.0144779
c 251.02835 -142.27002 295.59049 0.02381425 0.09322115 -0.0144779
c 251.02835 -142.07849 295.65134 0.02381425 0.09322115 -0.0144779
c 251.02835 -141.88695 295.7122 0.02381425 0.09322115 -0.0144779
c 251.02835 -141.69542 295.77305 0.02381425 0.09322115 -0.0144779
c 251.02835 -141.50389 295.83391 0.02381425 0.09322115 -0.0144779
c 251.02835 -141.31236 295.89476 0.02381425 0.09322115 -0.0144779
c 251.02835 -141.12083 295.95562 0.02381425 0.09322115 -0.0144779
c 251.02835 -140.92929 296.01647 0.02381425 0.09322115 -0.0144779
c 251.02835 -140.73776 296.07733 0.02381425 0.09322115 -0.0144779
c 251.02835 -140.54623 296.13818 0.02381425 0.09322115 -0.0144779
c 251.02835 -140.3547 296.19904 0.02381425 0.09322115 -0.0144779
c 251.02835 -140.16317 296.25989 0.02381425 0.09322115 -0.0144779
c 251.02835 -139.97163 296.32075 0.02381425 0.09322115 -0.0144779
c 251.02835 -139.7801 296.3816 0.02381425 0.09322115 -0.0144779
c 251.02835 -139.58857 296.44245 0.02381425 0.09322115 -0.0144779
c 251.02835 -139.39704 296.50331 0.02381425 0.09322115 -0.0144779
c 251.02835 -139.20551 296.56416 0.02381425 0.09322115 -0.0144779
c 251.02835 -139.01397 296.62502 0.02381425 0.09322115 -0.0144779
c 251.02835 -138.82244 296.68587 0.02381425 0.09322115 -0.0144779
c 251.02835 -138.63091 296.74673 0.02381425 0.09322115 -0.0144779
c 251.02835 -138.43938 296.80758 0.02381425 0.09322115 -0.0144779
c 251.02835 -138.24785 296.86844 0.02381425 0.09322115 -0.0144779
c 251.02835 -138.05631 296.92929 0.02381425 0.09322115 -0.0144779
c 251.02835 -137.86478 296.99015 0.02381425 0.09322115 -0.0144779
c 251.02835 -137.67325 297.051 0.02381425 0.09322115 -0.0144779
c 251.02835 -137.48172 297.11186 0.02381425 0.09322115 -0.0144779
c 251.02835 -137.29019 297.17271 0.02381425 0.09322115 -0.0144779
c 251.02835 -137.09865 297.23357 0.02381425 0.09322115 -0.0144779
c 251.02835 -136.90712 297.29442 0.02381425 0.09322115 -0.0144779
c 251.02835 -136.71559 297.35528 0.02381425 0.09322115 -0.0144779
c 251.02835 -136.52406 297.41613 0.02381425 0.09322115 -0.0144779
c 251.02835 -136.33253 297.47699 0.02381425 0.09322115 -0.0144779
c 251.02835 -136.14099 297.53784 0.02381425 0.09322115 -0.0144779
c 251.02835 -135.94946 297.5987 0.02381425 0.09322115 -0.0144779
c 251.02835 -135.75793 297.65955 0.02381425 0.09322115 -0.0144779
c 251.02835 -135.5664 297.72041 0.02381425 0.09322115 -0.0144779
c 251.02835 -135.37487 297.78126 0.02381425 0.09322115 -0.0144779
c 251.02835 -135.18333 297.84212 0.02381425 0.09322115 -0.0144779
c 251.02835 -134.9918 297.90297 0.02381425 0.09322115 -0.0144779
c 251.02835 -134.80027 297.96383 0.02381425 0.09322115 -0.0144779
c 251.02835 -134.60874 298.02468 0.02381425 0.09322115 -0.0144779
c 251.02835 -134.41721 298.08554 0.02381425 0.09322115 -0.0144779
c 251.02835 -134.22567 298.14639 0.02381425 0.09322115 -0.0144779
c 251.02835 -134.03414 298.20725 0.02381425 0.09322115 -0.0144779
c 251.02835 -133.84261 298.2681 0.02381425 0.09322115 -0.0144779
c 251.02835 -133.65108 298.32896 0.02381425 0.09322115 -0.0144779
c 251.02835 -133.45954 298.38981 0.02381425 0.09322115 -0.0144779
c 251.02835 -133.26801 298.45067 0.02381425 0.09322115 -0.0144779
c 251.02835 -133.07648 298.51152 0.02381425 0.09322115 -0.0144779
c 251.02835 -132.88495 298.57238 0.02381425 0.09322115 -0.0144779
c 251.02835 -132.69342 298.63323 0.02381425 0.09322115 -0.0144779
c 251.02835 -132.50188 298.69409 0.02381425 0.09322115 -0.0144779
c 251.02835 -132.31035 298.75494 0.02381425 0.09322115 -0.0144779
c 251.02835 -132.11882 298.8158 0.02381425 0.09322115 -0.0144779
c 251.02835 -131.92729 298.87665 0.02381425 0.09322115 -0.0144779
c 251.02835 -131.73576 298.93751 0.02381425 0.09322115 -0.0144779
c 251.02835 -131.54422 298.99836 0.02381425 0.09322115 -0.0144779
c 251.02835 -131.35269 299.05921 0.02381425 0.09322115 -0.0144779
c 251.02835 -131.16116 299.12007 0.02381425 0.09322115 -0.0144779
c 251.02835 -130.96963 299.18092 0.02381425 0.09322115 -0.0144779
c 251.02835 -130.7781 299.24178 0.02381425 0.09322115 -0.0144779
c 251.02835 -130.58656 299.30263 0.02381425 0.09322115 -0.0144779
c 251.02835 -130.39503 299.36349 0.02381425 0.09322115 -0.0144779
c 251.02835 -130.2035 299.42434 0.02381425 0.09322115 -0.0144779
c 251.02835 -130.01197 299.4852 0.02381425 0.09322115 -0.0144779
c 251.02835 -129.82044 299.54605 0.02381425 0.09322115 -0.0144779
c 251.02835 -129.6289 299.60691 0.02381425 0.09322115 -0.0144779
c 251.02835 -129.43737 299.66776 0.02381425 0.09322115 -0.0144779
c 251.02835 -129.24584 299.72862 0.02381425 0.09322115 -0.0144779
c 251.02835 -129.05431 299.78947 0.02381425 0.09322115 -0.0144779
c 251.02835 -128.86278 299.85033 0.02381425 0.09322115 -0.0144779
c 251.02835 -128.67124 299.91118 0.02381425 0.09322115 -0.0144779
c 251.02835 -128.47971 299.97204 0.02381425 0.09322115 -0.0144779
c 251.02835 -128.28818 300.03289 0.02381425 0.09322115 -0.0144779
c 251.02835 -128.09665 300.09375 0.02381425 0.09322115 -0.0144779
c 251.02835 -127.90512 300.1546 0.02381425 0.09322115 -0.0144779
c 251.02835 -127.71358 300.21546 0.02381425 0.09322115 -0.0144779
c 251.02835 -127.52205 300.27631 0.02381425 0.09322115 -0.0144779
c 251.02835 -127.33052 300.33717 0.02381425 0.09322115 -0.0144779
c 251.02835 -127.13899 300.39802 0.02381425 0.09322115 -0.0144779
c 251.02835 -126.94746 300.45888 0.02381425 0.09322115 -0.0144779
c 251.02835 -126.75592 300.51973 0.02381425 0.09322115 -0.0144779
c 251.02835 -126.56439 300.58059 0.02381425 0.09322115 -0.0144779
c 251.02835 -126.37286 300.64144 0.02381425 0.09322115 -0.0144779
c 251.02835 -126.18133 300.7023 0.02381425 0.09322115 -0.0144779
c 251.02835 -125.9898 300.76315 0.02381425 0.09322115 -0.0144779
c 251.02835 -125.79826 300.82401 0.02381425 0.09322115 -0.0144779
c 251.02835 -125.60673 300.88486 0.02381425 0.09322115 -0.0144779
c 251.02835 -125.4152 300.94572 0.02381425 0.09322115 -0.0144779
c 251.02835 -125.22367 301.00657 0.02381425 0.09322115 -0.0144779
c 251.02835 -125.03214 301.06743 0.02381425 0.09322115 -0.0144779
c 251.02835 -124.8406 301.12828 0.02381425 0.09322115 -0.0144779
c 251.02835 -124.64907 301.18914 0.02381425 0.09322115 -0.0144779
c 251.02835 -124.45754 301.24999 0.02381425 0.09322115 -0.0144779
c 251.02835 -124.26601 301.31085 0.02381425 0.09322115 -0.0144779
c 251.02835 -124.07448 301.3717 0.02381425 0.09322115 -0.0144779
c 251.02835 -123.88294 301.43256 0.02381425 0.09322115 -0.0144779
c 251.02835 -123.69141 301.49341 0.02381425 0.09322115 -0.0144779
c 251.02835 -123.49988 301.55427 0.02381425 0.09322115 -0.0144779
c 251.02835 -123.30835 301.61512 0.02381425 0.09322115 -0.0144779
c 251.02835 -123.11682 301.67597 0.02381425 0.09322115 -0.0144779
c 251.02835 -122.92528 301.73683 0.02381425 0.09322115 -0.0144779
c 251.02835 -122.73375 301.79768 0.02381425 0.09322115 -0.0144779
c 251.02835 -122.54222 301.85854 0.02381425 0.09322115 -0.0144779
c 251.02835 -122.35069 301.91939 0.02381425 0.09322115 -0.0144779
c 251.02835 -122.15915 301.98025 0.02381425 0.09322115 -0.0144779
c 251.02835 -121.96762 302.0411 0.02381425 0.09322115 -0.0144779
c 251.02835 -121.77609 302.10196 0.02381425 0.09322115 -0.0144779
c 251.02835 -121.58456 302.16281 0.02381425 0.09322115 -0.0144779
c 251.02835 -121.39303 302.22367 0.02381425 0.09322115 -0.0144779
c 251.02835 -121.20149 302.28452 0.02381425 0.09322115 -0.0144779
c 251.02835 -121.00996 302.34538 0.02381425 0.09322115 -0.0144779
c 251.02835 -120.81843 302.40623 0.02381425 0.09322115 -0.0144779
c 251.02835 -120.6269 302.46709 0.02381425 0.09322115 -0.0144779
c 251.02835 -120.43537 302.52794 0.02381425 0.09322115 -0.0144779
c 251.02835 -120.24383 302.5888 0.02381425 0.09322115 -0.0144779
c 251.02835 -120.0523 302.64965 0.02381425 0.09322115 -0.0144779
c 251.02835 -119.86077 302.71051 0.02381425 0.09322115 -0.0144779
c 251.02835 -119.66924 302.77136 0.02381425 0.09322115 -0.0144779
c 251.02835 -119.47771 302.83222 0.02381425 0.09322115 -0.0144779
c 251.02835 -119.28617 302.89307 0.02381425 0.09322115 -0.0144779
c 251.02835 -119.09464 302.95393 0.02381425 0.09322115 -0.0144779
c 251.02835 -118.90311 303.01478 0.02381425 0.09322115 -0.0144779
c 251.02835 -118.71158 303.07564 0.02381425 0.09322115 -0.0144779
c 251.02835 -118.52005 303.13649 0.02381425 0.09322115 -0.0144779
c 251.02835 -118.32851 303.19735 0.02381425 0.09322115 -0.0144779
c 251.02835 -118.13698 303.2582 0.02381425 0.09322115 -0.0144779
c 251.02835 -117.94545 303.31906 0.02381425 0.09322115 -0.0144779
c 251.02835 -117.75392 303.37991 0.02381425 0.09322115 -0.0144779
c 251.02835 -117.56239 303.44077 0.02381425 0.09322115 -0.0144779
c 251.02835 -117.37085 303.50162 0.02381425 0.09322115 -0.0144779
c 251.02835 -117.17932 303.56248 0.02381425 0.09322115 -0.0144779
c 251.02835 -116.98779 303.62333 0.02381425 0.09322115 -0.0144779
c 251.02835 -116.79626 303.68419 0.02381425 0.09322115 -0.0144779
c 251.02835 -116.60473 303.74504 0.02381425 0.09322115 -0.0144779
c 251.02835 -116.41319 303.8059 0.02381425 0.09322115 -0.0144779
c 251.02835 -116.22166 303.86675 0.02381425 0.09322115 -0.0144779
c 251.02835 -116.03013 303.92761 0.02381425 0.09322115 -0.0144779
c 251.02835 -115.8386 303.98846 0.02381425 0.09322115 -0.0144779
c 251.02835 -115.64707 304.04932 0.02381425 0.09322115 -0.0144779
c 251.02835 -115.45553 304.11017 0.02381425 0.09322115 -0.0144779
c 251.02835 -115.264 304.17103 0.02381425 0.09322115 -0.0144779
c 251.02835 -115.07247 304.23188 0.02381425 0.09322115 -0.0144779
c 251.02835 -114.88094 304.29273 0.02381425 0.09322115 -0.0144779
c 251.02835 -114.68941 304.35359 0.02381425 0.09322115 -0.0144779
c 251.02835 -114.49787 304.41444 0.02381425 0.09322115 -0.0144779
c 251.02835 -114.30634 304.4753 0.02381425 0.09322115 -0.0144779
c 251.02835 -114.11481 304.53615 0.02381425 0.09322115 -0.0144779
c 251.02835 -113.92328 304.59701 0.02381425 0.09322115 -0.0144779
c 251.02835 -113.73175 304.65786 0.02381425 0.09322115 -0.0144779
c 251.02835 -113.54021 304.71872 0.02381425 0.09322115 -0.0144779
c 251.02835 -113.34868 304.77957 0.02381425 0.09322115 -0.0144779
c 251.02835 -113.15715 304.84043 0.02381425 0.09322115 -0.0144779
c 251.02835 -112.96562 304.90128 0.02381425 0.09322115 -0.0144779
c 251.02835 -112.77409 304.96214 0.02381425 0.09322115 -0.0144779
c 251.02835 -112.58255 305.02299 0.02381425 0.09322115 -0.0144779
c 251.02835 -112.39102 305.08385 0.02381425 0.09322115 -0.0144779
c 251.02835 -112.19949 305.1447 0.02381425 0.09322115 -0.0144779
c 251.02835 -112.00796 305.20556 0.02381425 0.09322115 -0.0144779
c 251.02835 -111.81643 305.26641 0.02381425 0.09322115 -0.0144779
c 251.02835 -111.62489 305.32727 0.02381425 0.09322115 -0.0144779
c 251.02835 -111.43336 305.38812 0.02381425 0.09322115 -0.0144779
c 251.02835 -111.24183 305.44898 0.02381425 0.09322115 -0.0144779
c 251.02835 -111.0503 305.50983 0.02381425 0.09322115 -0.0144779
c 251.02835 -110.85876 305.57069 0.02381425 0.09322115 -0.0144779
c 251.02835 -110.66723 305.63154 0.02381425 0.09322115 -0.0144779
c 251.02835 -110.4757 305.6924 0.02381425 0.09322115 -0.0144779
c 251.02835 -110.28417 305.75325 0.02381425 0.09322115 -0.0144779
c 251.02835 -110.09264 305.81411 0.02381425 0.09322115 -0.0144779
c 251.02835 -109.9011 305.87496 0.02381425 0.09322115 -0.0144779
c 251.02835 -109.70957 305.93582 0.02381425 0.09322115 -0.0144779
c 251.02835 -109.51804 305.99667 0.02381425 0.09322115 -0.0144779
c 251.02835 -109.32651 306.05753 0.02381425 0.09322115 -0.0144779
c 251.02835 -109.13498 306.11838 0.02381425 0.09322115 -0.0144779
c 251.02835 -108.94344 306.17924 0.02381425 0.09322115 -0.0144779
c 251.02835 -108.75191 306.24009 0.02381425 0.09322115 -0.0144779
c 251.02835 -108.56038 306.30095 0.02381425 0.09322115 -0.0144779
c 251.02835 -108.36885 306.3618 0.02381425 0.09322115 -0.0144779
c 251.02835 -108.17732 306.42266 0.02381425 0.09322115 -0.0144779
c 251.02835 -107.98578 306.48351 0.02381425 0.09322115 -0.0144779
c 251.02835 -107.79425 306.54437 0.02381425 0.09322115 -0.0144779
c 251.02835 -107.60272 306.60522 0.02381425 0.09322115 -0.0144779
c 251.02835 -107.41119 306.66608 0.02381425 0.09322115 -0.0144779
c 251.02835 -107.21966 306.72693 0.02381425 0.09322115 -0.0144779
c 251.02835 -107.02812 306.78779 0.02381425 0.09322115 -0.0144779
c 251.02835 -106.83659 306.84864 0.02381425 0.09322115 -0.0144779
c 251.02835 -106.64506 306.90949 0.02381425 0.09322115 -0.0144779
c 251.02835 -106.45353 306.97035 0.02381425 0.09322115 -0.0144779
c 251.02835 -106.262 307.0312 0.02381425 0.09322115 -0.0144779
c 251.02835 -106.07046 307.09206 0.02381425 0.09322115 -0.0144779
c 251.02835 -105.87893 307.15291 0.02381425 0.09322115 -0.0144779
c 251.02835 -105.6874 307.21377 0.02381425 0.09322115 -0.0144779
c 251.02835 -105.49587 307.27462 0.02381425 0.09322115 -0.0144779
c 251.02835 -105.30434 307.33548 0.02381425 0.09322115 -0.0144779
c 251.02835 -105.1128 307.39633 0.02381425 0.09322115 -0.0144779
c 251.02835 -104.92127 307.45719 0.02381425 0.09322115 -0.0144779
c 251.02835 -104.72974 307.51804 0.02381425 0.09322115 -0.0144779
c 251.02835 -104.53821 307.5789 0.02381425 0.09322115 -0.0144779
c 251.02835 -104.34668 307.63975 0.02381425 0.09322115 -0.0144779
c 251.02835 -104.15514 307.70061 0.02381425 0.09322115 -0.0144779
c 251.02835 -103.96361 307.76146 0.02381425 0.09322115 -0.0144779
c 251.02835 -103.77208 307.82232 0.02381425 0.09322115 -0.0144779
c 251.02835 -103.58055 307.88317 0.02381425 0.09322115 -0.0144779
c 251.02835 -103.38902 307.94403 0.02381425 0.09322115 -0.0144779
c 251.02835 -103.19748 308.00488 0.02381425 0.09322115 -0.0144779
c 251.02835 -103.00595 308.06574 0.02381425 0.09322115 -0.0144779
c 251.02835 -102.81442 308.12659 0.02381425 0.09322115 -0.0144779
c 251.02835 -102.62289 308.18745 0.02381425 0.09322115 -0.0144779
c 251.02835 -102.43136 308.2483 0.02381425 0.09322115 -0.0144779
c 251.02835 -102.23982 308.30916 0.02381425 0.09322115 -0.0144779
c 251.02835 -102.04829 308.37001 0.02381425 0.09322115 -0.0144779
c 251.02835 -101.85676 308.43087 0.02381425 0.09322115 -0.0144779
c 251.02835 -101.66523 308.49172 0.02381425 0.09322115 -0.0144779
c 251.02835 -101.4737 308.55258 0.02381425 0.09322115 -0.0144779
c 251.02835 -101.28216 308.61343 0.02381425 0.09322115 -0.0144779
c 251.02835 -101.09063 308.67429 0.02381425 0.09322115 -0.0144779
c 251.02835 -100.8991 308.73514 0.02381425 0.09322115 -0.0144779
c 251.02835 -100.70757 308.796 0.02381425 0.09322115 -0.0144779
c 251.02835 -100.51604 308.85685 0.02381425 0.09322115 -0.0144779
c 251.02835 -100.3245 308.91771 0.02381425 0.09322115 -0.0144779
c 251.02835 -100.13297 308.97856 0.02381425 0.09322115 -0.0144779
c 251.02835 -99.94144 309.03942 0.02381425 0.09322115 -0.0144779
c 251.02835 -99.74991 309.10027 0.02381425 0.09322115 -0.0144779
c 251.02835 -99.55837 309.16113 0.02381425 0.09322115 -0.0144779
c 251.02835 -99.36684 309.22198 0.02381425 0.09322115 -0.0144779
c 251.02835 -99.17531 309.28284 0.02381425 0.09322115 -0.0144779
c 251.02835 -98.98378 309.34369 0.02381425 0.09322115 -0.0144779
c 251.02835 -98.79225 309.40455 0.02381425 0.09322115 -0.0144779
c 251.02835 -98.60071 309.4654 0.02381425 0.09322115 -0.0144779
c 251.02835 -98.40918 309.52625 0.02381425 0.09322115 -0.0144779
c 251.02835 -98.21765 309.58711 0.02381425 0.09322115 -0.0144779
c 251.02835 -98.02612 309.64796 0.02381425 0.09322115 -0.0144779
c 251.02835 -97.83459 309.70882 0.02381425 0.09322115 -0.0144779
c 251.02835 -97.64305 309.76967 0.02381425 0.09322115 -0.0144779
c 251.02835 -97.45152 309.83053 0.02381425 0.09322115 -0.0144779
c 251.02835 -97.25999 309.89138 0.02381425 0.09322115 -0.0144779
c 251.02835 -97.06846 309.95224 0.02381425 0.09322115 -0.0144779
c 251.02835 -96.87693 310.01309 0.02381425 0.09322115 -0.0144779
c 251.02835 -96.68539 310.07395 0.02381425 0.09322115 -0.0144779
c 251.02835 -96.49386 310.1348 0.02381425 0.09322115 -0.0144779
c 251.02835 -96.30233 310.19566 0.02381425 0.09322115 -0.0144779
c 251.02835 -96.1108 310.25651 0.02381425 0.09322115 -0.0144779
c 251.02835 -95.91927 310.31737 0.02381425 0.09322115 -0.0144779
c 251.02835 -95.72773 310.37822 0.02381425 0.09322115 -0.0144779
c 251.02835 -95.5362 310.43908 0.02381425 0.09322115 -0.0144779
c 251.02835 -95.34467 310.49993 0.02381425 0.09322115 -0.0144779
c 251.02835 -95.15314 310.56079 0.02381425 0.09322115 -0.0144779
c 251.02835 -94.96161 310.62164 0.02381425 0.09322115 -0.0144779
c 251.02835 -94.77007 310.6825 0.02381425 0.09322115 -0.0144779
c 251.02835 -94.57854 310.74335 0.02381425 0.09322115 -0.0144779
c 251.02835 -94.38701 310.80421 0.02381425 0.09322115 -0.0144779
c 251.02835 -94.19548 310.86506 0.02381425 0.09322115 -0.0144779
c 251.02835 -94.00395 310.92592 0.02381425 0.09322115 -0.0144779
c 251.02835 -93.81241 310.98677 0.02381425 0.09322115 -0.0144779
c 251.02835 -93.62088 311.04763 0.02381425 0.09322115 -0.0144779
c 251.02835 -93.42935 311.10848 0.02381425 0.09322115 -0.0144779
c 251.02835 -93.23782 311.16934 0.02381425 0.09322115 -0.0144779
c 251.02835 -93.04629 311.23019 0.02381425 0.09322115 -0.0144779
c 251.02835 -92.85475 311.29105 0.02381425 0.09322115 -0.0144779
c 251.02835 -92.66322 311.3519 0.02381425 0.09322115 -0.0144779
c 251.02835 -92.47169 311.41276 0.02381425 0.09322115 -0.0144779
c 251.02835 -92.28016 311.47361 0.02381425 0.09322115 -0.0144779
c 251.02835 -92.08863 311.53447 0.02381425 0.09322115 -0.0144779
c 251.02835 -91.89709 311.59532 0.02381425 0.09322115 -0.0144779
c 251.02835 -91.70556 311.65618 0.02381425 0.09322115 -0.0144779
c 251.02835 -91.51403 311.71703 0.02381425 0.09322115 -0.0144779
c 251.02835 -91.3225 311.77789 0.02381425 0.09322115 -0.0144779
c 251.02835 -91.13097 311.83874 0.02381425 0.09322115 -0.0144779
c 251.02835 -90.93943 311.8996 0.02381425 0.09322115 -0.0144779
c 251.02835 -90.7479 311.96045 0.02381425 0.09322115 -0.0144779
c 251.02835 -90.55637 312.02131 0.02381425 0.09322115 -0.0144779
c 251.02835 -90.36484 312.08216 0.02381425 0.09322115 -0.0144779
c 251.02835 -90.17331 312.14301 0.02381425 0.09322115 -0.0144779
c 251.02835 -89.98177 312.20387 0.02381425 0.09322115 -0.0144779
c 251.02835 -89.79024 312.26472 0.02381425 0.09322115 -0.0144779
c 251.02835 -89.59871 312.32558 0.02381425 0.09322115 -0.0144779
c 251.02835 -89.40718 312.38643 0.02381425 0.09322115 -0.0144779
c 251.02835 -89.21564 312.44729 0.02381425 0.09322115 -0.0144779
c 251.02835 -89.02411 312.50814 0.02381425 0.09322115 -0.0144779
c 251.02835 -88.83258 312.569 0.02381425 0.09322115 -0.0144779
c 251.02835 -88.64105 312.62985 0.02381425 0.09322115 -0.0144779
c 251.02835 -88.44952 312.69071 0.02381425 0.09322115 -0.0144779
c 251.02835 -88.25798 312.75156 0.02381425 0.09322115 -0.0144779
c 251.02835 -88.06645 312.81242 0.02381425 0.09322115 -0.0144779
c 251.02835 -87.87492 312.87327 0.02381425 0.09322115 -0.0144779
c 251.02835 -87.68339 312.93413 0.02381425 0.09322115 -0.0144779
c 251.02835 -87.49186 312.99498 0.02381425 0.09322115 -0.0144779
c 251.02835 -87.30032 313.05584 0.02381425 0.09322115 -0.0144779
c 251.02835 -87.10879 313.11669 0.02381425 0.09322115 -0.0144779
c 251.02835 -86.91726 313.17755 0.02381425 0.09322115 -0.0144779
c 251.02835 -86.72573 313.2384 0.02381425 0.09322115 -0.0144779
c 251.02835 -86.5342 313.29926 0.02381425 0.09322115 -0.0144779
c 251.02835 -86.34266 313.36011 0.02381425 0.09322115 -0.0144779
c 251.02835 -86.15113 313.42097 0.02381425 0.09322115 -0.0144779
c 251.02835 -85.9596 313.48182 0.02381425 0.09322115 -0.0144779
c 251.02835 -85.76807 313.54268 0.02381425 0.09322115 -0.0144779
c 251.02835 -85.57654 313.60353 0.02381425 0.09322115 -0.0144779
c 251.02835 -85.385 313.66439 0.02381425 0.09322115 -0.0144779
c 251.02835 -85.19347 313.72524 0.02381425 0.09322115 -0.0144779
c 251.02835 -85.00194 313.7861 0.02381425 0.09322115 -0.0144779
c 251.02835 -84.81041 313.84695 0.02381425 0.09322115 -0.0144779
c 251.02835 -84.61888 313.90781 0.02381425 0.09322115 -0.0144779
c 251.02835 -84.42734 313.96866 0.02381425 0.09322115 -0.0144779
c 251.02835 -84.23581 314.02952 0.02381425 0.09322115 -0.0144779
c 251.02835 -84.04428 314.09037 0.02381425 0.09322115 -0.0144779
c 251.02835 -83.85275 314.15123 0.02381425 0.09322115 -0.0144779
c 251.02835 -83.66122 314.21208 0.02381425 0.09322115 -0.0144779
