c 374.49338 0.0 334.0 0.0 0.0 0.0
c 374.28944 0.0 333.97785 0.0 0.00213276 0.0
c 374.08551 0.0 333.9557 0.0 0.00426552 0.0
c 373.88158 0.0 333.93355 0.0 0.00639828 0.0
c 373.67764 0.0 333.9114 0.0 0.00853104 0.0
c 373.47371 0.0 333.88925 0.0 0.0106638 0.0
c 373.26977 0.0 333.8671 0.0 0.01279656 0.0
c 373.06584 0.0 333.84495 0.0 0.01492932 0.0
c 372.86191 0.0 333.8228 0.0 0.01706208 0.0
c 372.65797 0.0 333.80065 0.0 0.01919483 0.0
c 372.45404 0.0 333.7785 0.0 0.02132759 0.0
c 372.25011 0.0 333.75634 0.0 0.02346035 0.0
c 372.04617 0.0 333.73419 0.0 0.02559311 0.0
c 371.84224 0.0 333.71204 0.0 0.02772587 0.0
c 371.6383 0.0 333.68989 0.0 0.02985863 0.0
c 371.43437 0.0 333.66774 0.0 0.03199139 0.0
c 371.23044 0.0 333.64559 0.0 0.03412415 0.0
c 371.0265 0.0 333.62344 0.0 0.03625691 0.0
c 370.82257 0.0 333.60129 0.0 0.03838967 0.0
c 370.61864 0.0 333.57914 0.0 0.04052243 0.0
c 370.4147 0.0 333.55699 0.0 0.04265519 0.0
c 370.21077 0.0 333.53484 0.0 0.04478795 0.0
c 370.00684 0.0 333.51269 0.0 0.04692071 0.0
c 369.8029 0.0 333.49054 0.0 0.04905347 0.0
c 369.59897 0.0 333.46839 0.0 0.05118623 0.0
c 369.39503 0.0 333.44624 0.0 0.05331899 0.0
c 369.1911 0.0 333.42409 0.0 0.05545174 0.0
c 368.98717 0.0 333.40194 0.0 0.0575845 0.0
c 368.78323 0.0 333.37979 0.0 0.05971726 0.0
c 368.5793 0.0 333.35764 0.0 0.06185002 0.0
c 368.37537 0.0 333.33549 0.0 0.06398278 0.0
c 368.17143 0.0 333.31334 0.0 0.06611554 0.0
c 367.9675 0.0 333.29118 0.0 0.0682483 0.0
c 367.76356 0.0 333.26903 0.0 0.07038106 0.0
c 367.55963 0.0 333.24688 0.0 0.07251382 0.0
c 367.3557 0.0 333.22473 0.0 0.07464658 0.0
c 367.15176 0.0 333.20258 0.0 0.07677934 0.0
c 366.94783 0.0 333.18043 0.0 0.0789121 0.0
c 366.7439 0.0 333.15828 0.0 0.08104486 0.0
c 366.53996 0.0 333.13613 0.0 0.08317762 0.0
c 366.33603 0.0 333.11398 0.0 0.08531038 0.0
c 366.13209 0.0 333.09183 0.0 0.08744314 0.0
c 365.92816 0.0 333.06968 0.0 0.0895759 0.0
c 365.72423 0.0 333.04753 0.0 0.09170865 0.0
c 365.52029 0.0 333.02538 0.0 0.09384141 0.0
c 365.31636 0.0 333.00323 0.0 0.09597417 0.0
c 365.11243 0.0 332.98108 0.0 0.09810693 0.0
c 364.90849 0.0 332.95893 0.0 0.10023969 0.0
c 364.70456 0.0 332.93678 0.0 0.10237245 0.0
c 364.50062 0.0 332.91463 0.0 0.10450521 0.0
c 364.29669 0.0 332.89248 0.0 0.10663797 0.0
c 364.09276 0.0 332.87033 0.0 0.10877073 0.0
c 363.88882 0.0 332.84817 0.0 0.11090349 0.0
c 363.68489 0.0 332.82602 0.0 0.11303625 0.0
c 363.48096 0.0 332.80387 0.0 0.11516901 0.0
c 363.27702 0.0 332.78172 0.0 0.11730177 0.0
c 363.07309 0.0 332.75957 0.0 0.11943453 0.0
c 362.86916 0.0 332.73742 0.0 0.12156729 0.0
c 362.66522 0.0 332.71527 0.0 0.12370005 0.0
c 362.46129 0.0 332.69312 0.0 0.12583281 0.0
c 362.25735 0.0 332.67097 0.0 0.12796556 0.0
c 362.05342 0.0 332.64882 0.0 0.13009832 0.0
c 361.84949 0.0 332.62667 0.0 0.13223108 0.0
c 361.64555 0.0 332.60452 0.0 0.13436384 0.0
c 361.44162 0.0 332.58237 0.0 0.1364966 0.0
c 361.23769 0.0 332.56022 0.0 0.13862936 0.0
c 361.03375 0.0 332.53807 0.0 0.14076212 0.0
c 360.82982 0.0 332.51592 0.0 0.14289488 0.0
c 360.62588 0.0 332.49377 0.0 0.14502764 0.0
c 360.42195 0.0 332.47162 0.0 0.1471604 0.0
c 360.21802 0.0 332.44947 0.0 0.14929316 0.0
c 360.01408 0.0 332.42732 0.0 0.15142592 0.0
c 359.81015 0.0 332.40517 0.0 0.15355868 0.0
c 359.60622 0.0 332.38301 0.0 0.15569144 0.0
c 359.40228 0.0 332.36086 0.0 0.1578242 0.0
c 359.19835 0.0 332.33871 0.0 0.15995696 0.0
c 358.99441 0.0 332.31656 0.0 0.16208972 0.0
c 358.79048 0.0 332.29441 0.0 0.16422247 0.0
c 358.58655 0.0 332.27226 0.0 0.16635523 0.0
c 358.38261 0.0 332.25011 0.0 0.16848799 0.0
c 358.17868 0.0 332.22796 0.0 0.17062075 0.0
c 357.97475 0.0 332.20581 0.0 0.17275351 0.0
c 357.77081 0.0 332.18366 0.0 0.17488627 0.0
c 357.56688 0.0 332.16151 0.0 0.17701903 0.0
c 357.36294 0.0 332.13936 0.0 0.17915179 0.0
c 357.15901 0.0 332.11721 0.0 0.18128455 0.0
c 356.95508 0.0 332.09506 0.0 0.18341731 0.0
c 356.75114 0.0 332.07291 0.0 0.18555007 0.0
c 356.54721 0.0 332.05076 0.0 0.18768283 0.0
c 356.34328 0.0 332.02861 0.0 0.18981559 0.0
c 356.13934 0.0 332.00646 0.0 0.19194835 0.0
c 355.93541 0.0 331.98431 0.0 0.19408111 0.0
c 355.73147 0.0 331.96216 0.0 0.19621387 0.0
c 355.52754 0.0 331.94001 0.0 0.19834663 0.0
c 355.32361 0.0 331.91785 0.0 0.20047938 0.0
c 355.11967 0.0 331.8957 0.0 0.20261214 0.0
c 354.91574 0.0 331.87355 0.0 0.2047449 0.0
c 354.71181 0.0 331.8514 0.0 0.20687766 0.0
c 354.50787 0.0 331.82925 0.0 0.20901042 0.0
c 354.30394 0.0 331.8071 0.0 0.21114318 0.0
c 354.10001 0.0 331.78495 0.0 0.21327594 0.0
c 353.89607 0.0 331.7628 0.0 0.2154087 0.0
c 353.69214 0.0 331.74065 0.0 0.21754146 0.0
c 353.4882 0.0 331.7185 0.0 0.21967422 0.0
c 353.28427 0.0 331.69635 0.0 0.22180698 0.0
c 353.08034 0.0 331.6742 0.0 0.22393974 0.0
c 352.8764 0.0 331.65205 0.0 0.2260725 0.0
c 352.67247 0.0 331.6299 0.0 0.22820526 0.0
c 352.46854 0.0 331.60775 0.0 0.23033802 0.0
c 352.2646 0.0 331.5856 0.0 0.23247078 0.0
c 352.06067 0.0 331.56345 0.0 0.23460354 0.0
c 351.85673 0.0 331.5413 0.0 0.23673629 0.0
c 351.6528 0.0 331.51915 0.0 0.23886905 0.0
c 351.44887 0.0 331.497 0.0 0.24100181 0.0
c 351.24493 0.0 331.47485 0.0 0.24313457 0.0
c 351.041 0.0 331.45269 0.0 0.24526733 0.0
c 350.83707 0.0 331.43054 0.0 0.24740009 0.0
c 350.63313 0.0 331.40839 0.0 0.24953285 0.0
c 350.4292 0.0 331.38624 0.0 0.25166561 0.0
c 350.22526 0.0 331.36409 0.0 0.25379837 0.0
c 350.02133 0.0 331.34194 0.0 0.25593113 0.0
c 349.8174 0.0 331.31979 0.0 0.25806389 0.0
c 349.61346 0.0 331.29764 0.0 0.26019665 0.0
c 349.40953 0.0 331.27549 0.0 0.26232941 0.0
c 349.2056 0.0 331.25334 0.0 0.26446217 0.0
c 349.00166 0.0 331.23119 0.0 0.26659493 0.0
c 348.79773 0.0 331.20904 0.0 0.26872769 0.0
c 348.59379 0.0 331.18689 0.0 0.27086045 0.0
c 348.38986 0.0 331.16474 0.0 0.2729932 0.0
c 348.18593 0.0 331.14259 0.0 0.27512596 0.0
c 347.98199 0.0 331.12044 0.0 0.27725872 0.0
c 347.77806 0.0 331.09829 0.0 0.27939148 0.0
c 347.57413 0.0 331.07614 0.0 0.28152424 0.0
c 347.37019 0.0 331.05399 0.0 0.283657 0.0
c 347.16626 0.0 331.03184 0.0 0.28578976 0.0
c 346.96233 0.0 331.00968 0.0 0.28792252 0.0
c 346.75839 0.0 330.98753 0.0 0.29005528 0.0
c 346.55446 0.0 330.96538 0.0 0.29218804 0.0
c 346.35052 0.0 330.94323 0.0 0.2943208 0.0
c 346.14659 0.0 330.92108 0.0 0.29645356 0.0
c 345.94266 0.0 330.89893 0.0 0.29858632 0.0
c 345.73872 0.0 330.87678 0.0 0.30071908 0.0
c 345.53479 0.0 330.85463 0.0 0.30285184 0.0
c 345.33086 0.0 330.83248 0.0 0.3049846 0.0
c 345.12692 0.0 330.81033 0.0 0.30711736 0.0
c 344.92299 0.0 330.78818 0.0 0.30925011 0.0
c 344.71905 0.0 330.76603 0.0 0.31138287 0.0
c 344.51512 0.0 330.74388 0.0 0.31351563 0.0
c 344.31119 0.0 330.72173 0.0 0.31564839 0.0
c 344.10725 0.0 330.69958 0.0 0.31778115 0.0
c 343.90332 0.0 330.67743 0.0 0.31991391 0.0
c 343.69939 0.0 330.65528 0.0 0.32204667 0.0
c 343.49545 0.0 330.63313 0.0 0.32417943 0.0
c 343.29152 0.0 330.61098 0.0 0.32631219 0.0
c 343.08758 0.0 330.58883 0.0 0.32844495 0.0
c 342.88365 0.0 330.56668 0.0 0.33057771 0.0
c 342.67972 0.0 330.54452 0.0 0.33271047 0.0
c 342.47578 0.0 330.52237 0.0 0.33484323 0.0
c 342.27185 0.0 330.50022 0.0 0.33697599 0.0
c 342.06792 0.0 330.47807 0.0 0.33910875 0.0
c 341.86398 0.0 330.45592 0.0 0.34124151 0.0
c 341.66005 0.0 330.43377 0.0 0.34337427 0.0
c 341.45611 0.0 330.41162 0.0 0.34550702 0.0
c 341.25218 0.0 330.38947 0.0 0.34763978 0.0
c 341.04825 0.0 330.36732 0.0 0.34977254 0.0
c 340.84431 0.0 330.34517 0.0 0.3519053 0.0
c 340.64038 0.0 330.32302 0.0 0.35403806 0.0
c 340.43645 0.0 330.30087 0.0 0.35617082 0.0
c 340.23251 0.0 330.27872 0.0 0.35830358 0.0
c 340.02858 0.0 330.25657 0.0 0.36043634 0.0
c 339.82465 0.0 330.23442 0.0 0.3625691 0.0
