c 326.0 0.0 334.0 0.0 0.0 0.0
c 326.0 0.0 334.0 0.0 0.00340922 0.0
c 326.0 0.0 334.0 0.0 0.00681843 0.0
c 326.0 0.0 334.0 0.0 0.01022765 0.0
c 326.0 0.0 334.0 0.0 0.01363686 0.0
c 326.0 0.0 334.0 0.0 0.01704608 0.0
c 326.0 0.0 334.0 0.0 0.0204553 0.0
c 326.0 0.0 334.0 0.0 0.02386451 0.0
c 326.0 0.0 334.0 0.0 0.02727373 0.0
c 326.0 0.0 334.0 0.0 0.03068294 0.0
c 326.0 0.0 334.0 0.0 0.03409216 0.0
c 326.0 0.0 334.0 0.0 0.03750137 0.0
c 326.0 0.0 334.0 0.0 0.04091059 0.0
c 326.0 0.0 334.0 0.0 0.04431981 0.0
c 326.0 0.0 334.0 0.0 0.04772902 0.0
c 326.0 0.0 334.0 0.0 0.05113824 0.0
c 326.0 0.0 334.0 0.0 0.05454745 0.0
c 326.0 0.0 334.0 0.0 0.05795667 0.0
c 326.0 0.0 334.0 0.0 0.06136589 0.0
c 326.0 0.0 334.0 0.0 0.0647751 0.0
c 326.0 0.0 334.0 0.0 0.06818432 0.0
c 326.0 0.0 334.0 0.0 0.07159353 0.0
c 326.0 0.0 334.0 0.0 0.07500275 0.0
c 326.0 0.0 334.0 0.0 0.07841197 0.0
c 326.0 0.0 334.0 0.0 0.08182118 0.0
c 326.0 0.0 334.0 0.0 0.0852304 0.0
c 326.0 0.0 334.0 0.0 0.08863961 0.0
c 326.0 0.0 334.0 0.0 0.09204883 0.0
c 326.0 0.0 334.0 0.0 0.09545805 0.0
c 326.0 0.0 334.0 0.0 0.09886726 0.0
c 326.0 0.0 334.0 0.0 0.10227648 0.0
c 326.0 0.0 334.0 0.0 0.10568569 0.0
c 326.0 0.0 334.0 0.0 0.10909491 0.0
c 326.0 0.0 334.0 0.0 0.11250412 0.0
c 326.0 0.0 334.0 0.0 0.11591334 0.0
c 326.0 0.0 334.0 0.0 0.11932256 0.0
c 326.0 0.0 334.0 0.0 0.12273177 0.0
c 326.0 0.0 334.0 0.0 0.12614099 0.0
c 326.0 0.0 334.0 0.0 0.1295502 0.0
c 326.0 0.0 334.0 0.0 0.13295942 0.0
c 326.0 0.0 334.0 0.0 0.13636864 0.0
c 326.0 0.0 334.0 0.0 0.13977785 0.0
c 326.0 0.0 334.0 0.0 0.14318707 0.0
c 326.0 0.0 334.0 0.0 0.14659628 0.0
c 326.0 0.0 334.0 0.0 0.1500055 0.0
c 326.0 0.0 334.0 0.0 0.15341472 0.0
c 326.0 0.0 334.0 0.0 0.15682393 0.0
c 326.0 0.0 334.0 0.0 0.16023315 0.0
c 326.0 0.0 334.0 0.0 0.16364236 0.0
c 326.0 0.0 334.0 0.0 0.16705158 0.0
c 326.0 0.0 334.0 0.0 0.1704608 0.0
c 326.0 0.0 334.0 0.0 0.17387001 0.0
c 326.0 0.0 334.0 0.0 0.17727923 0.0
c 326.0 0.0 334.0 0.0 0.18068844 0.0
c 326.0 0.0 334.0 0.0 0.18409766 0.0
c 326.0 0.0 334.0 0.0 0.18750688 0.0
c 326.0 0.0 334.0 0.0 0.19091609 0.0
c 326.0 0.0 334.0 0.0 0.19432531 0.0
c 326.0 0.0 334.0 0.0 0.19773452 0.0
c 326.0 0.0 334.0 0.0 0.20114374 0.0
c 326.0 0.0 334.0 0.0 0.20455295 0.0
c 326.0 0.0 334.0 0.0 0.20796217 0.0
c 326.0 0.0 334.0 0.0 0.21137139 0.0
c 326.0 0.0 334.0 0.0 0.2147806 0.0
c 326.0 0.0 334.0 0.0 0.21818982 0.0
c 326.0 0.0 334.0 0.0 0.22159903 0.0
c 326.0 0.0 334.0 0.0 0.22500825 0.0
c 326.0 0.0 334.0 0.0 0.22841747 0.0
c 326.0 0.0 334.0 0.0 0.23182668 0.0
c 326.0 0.0 334.0 0.0 0.2352359 0.0
c 326.0 0.0 334.0 0.0 0.23864511 0.0
c 326.0 0.0 334.0 0.0 0.24205433 0.0
c 326.0 0.0 334.0 0.0 0.24546355 0.0
c 326.0 0.0 334.0 0.0 0.24887276 0.0
c 326.0 0.0 334.0 0.0 0.25228198 0.0
c 326.0 0.0 334.0 0.0 0.25569119 0.0
c 326.0 0.0 334.0 0.0 0.25910041 0.0
c 326.0 0.0 334.0 0.0 0.26250962 0.0
c 326.0 0.0 334.0 0.0 0.26591884 0.0
c 326.0 0.0 334.0 0.0 0.26932806 0.0
c 326.0 0.0 334.0 0.0 0.27273727 0.0
c 326.0 0.0 334.0 0.0 0.27614649 0.0
c 326.0 0.0 334.0 0.0 0.2795557 0.0
c 326.0 0.0 334.0 0.0 0.28296492 0.0
c 326.0 0.0 334.0 0.0 0.28637414 0.0
c 326.0 0.0 334.0 0.0 0.28978335 0.0
c 326.0 0.0 334.0 0.0 0.29319257 0.0
c 326.0 0.0 334.0 0.0 0.29660178 0.0
c 326.0 0.0 334.0 0.0 0.300011 0.0
c 326.0 0.0 334.0 0.0 0.30342022 0.0
c 326.0 0.0 334.0 0.0 0.30682943 0.0
c 326.0 0.0 334.0 0.0 0.31023865 0.0
c 326.0 0.0 334.0 0.0 0.31364786 0.0
c 326.0 0.0 334.0 0.0 0.31705708 0.0
c 326.0 0.0 334.0 0.0 0.3204663 0.0
c 326.0 0.0 334.0 0.0 0.32387551 0.0
c 326.0 0.0 334.0 0.0 0.32728473 0.0
c 326.0 0.0 334.0 0.0 0.33069394 0.0
c 326.0 0.0 334.0 0.0 0.33410316 0.0
c 326.0 0.0 334.0 0.0 0.33751237 0.0
c 326.0 0.0 334.0 0.0 0.34092159 0.0
c 326.0 0.0 334.0 0.0 0.34433081 0.0
c 326.0 0.0 334.0 0.0 0.34774002 0.0
c 326.0 0.0 334.0 0.0 0.35114924 0.0
c 326.0 0.0 334.0 0.0 0.35455845 0.0
c 326.0 0.0 334.0 0.0 0.35796767 0.0
c 326.0 0.0 334.0 0.0 0.36137689 0.0
c 326.0 0.0 334.0 0.0 0.3647861 0.0
c 326.0 0.0 334.0 0.0 0.36819532 0.0
c 326.0 0.0 334.0 0.0 0.37160453 0.0
c 326.0 0.0 334.0 0.0 0.37501375 0.0
c 326.0 0.0 334.0 0.0 0.37501375 0.0
c 326.20362 0.0 334.0 0.0 0.37501375 0.0
c 326.40724 0.0 334.0 0.0 0.37501375 0.0
c 326.61086 0.0 334.0 0.0 0.37501375 0.0
c 326.81448 0.0 334.0 0.0 0.37501375 0.0
c 327.01811 0.0 334.0 0.0 0.37501375 0.0
c 327.22173 0.0 334.0 0.0 0.37501375 0.0
c 327.42535 0.0 334.0 0.0 0.37501375 0.0
c 327.62897 0.0 334.0 0.0 0.37501375 0.0
c 327.83259 0.0 334.0 0.0 0.37501375 0.0
c 328.03621 0.0 334.0 0.0 0.37501375 0.0
c 328.23983 0.0 334.0 0.0 0.37501375 0.0
c 328.44345 0.0 334.0 0.0 0.37501375 0.0
c 328.64708 0.0 334.0 0.0 0.37501375 0.0
c 328.8507 0.0 334.0 0.0 0.37501375 0.0
c 329.05432 0.0 334.0 0.0 0.37501375 0.0
c 329.25794 0.0 334.0 0.0 0.37501375 0.0
c 329.46156 0.0 334.0 0.0 0.37501375 0.0
c 329.66518 0.0 334.0 0.0 0.37501375 0.0
c 329.8688 0.0 334.0 0.0 0.37501375 0.0
c 330.07242 0.0 334.0 0.0 0.37501375 0.0
c 330.27604 0.0 334.0 0.0 0.37501375 0.0
c 330.47967 0.0 334.0 0.0 0.37501375 0.0
c 330.68329 0.0 334.0 0.0 0.37501375 0.0
c 330.88691 0.0 334.0 0.0 0.37501375 0.0
c 331.09053 0.0 334.0 0.0 0.37501375 0.0
c 331.29415 0.0 334.0 0.0 0.37501375 0.0
c 331.49777 0.0 334.0 0.0 0.37501375 0.0
c 331.70139 0.0 334.0 0.0 0.37501375 0.0
c 331.90501 0.0 334.0 0.0 0.37501375 0.0
c 332.10864 0.0 334.0 0.0 0.37501375 0.0
c 332.31226 0.0 334.0 0.0 0.37501375 0.0
c 332.51588 0.0 334.0 0.0 0.37501375 0.0
c 332.7195 0.0 334.0 0.0 0.37501375 0.0
c 332.92312 0.0 334.0 0.0 0.37501375 0.0
c 333.12674 0.0 334.0 0.0 0.37501375 0.0
c 333.33036 0.0 334.0 0.0 0.37501375 0.0
c 333.53398 0.0 334.0 0.0 0.37501375 0.0
c 333.7376 0.0 334.0 0.0 0.37501375 0.0
c 333.94123 0.0 334.0 0.0 0.37501375 0.0
c 334.14485 0.0 334.0 0.0 0.37501375 0.0
c 334.34847 0.0 334.0 0.0 0.37501375 0.0
c 334.55209 0.0 334.0 0.0 0.37501375 0.0
c 334.75571 0.0 334.0 0.0 0.37501375 0.0
c 334.95933 0.0 334.0 0.0 0.37501375 0.0
c 335.16295 0.0 334.0 0.0 0.37501375 0.0
c 335.36657 0.0 334.0 0.0 0.37501375 0.0
c 335.5702 0.0 334.0 0.0 0.37501375 0.0
c 335.77382 0.0 334.0 0.0 0.37501375 0.0
c 335.97744 0.0 334.0 0.0 0.37501375 0.0
c 336.18106 0.0 334.0 0.0 0.37501375 0.0
c 336.38468 0.0 334.0 0.0 0.37501375 0.0
c 336.5883 0.0 334.0 0.0 0.37501375 0.0
c 336.79192 0.0 334.0 0.0 0.37501375 0.0
c 336.99554 0.0 334.0 0.0 0.37501375 0.0
c 337.19916 0.0 334.0 0.0 0.37501375 0.0
c 337.40279 0.0 334.0 0.0 0.37501375 0.0
c 337.60641 0.0 334.0 0.0 0.37501375 0.0
c 337.81003 0.0 334.0 0.0 0.37501375 0.0
c 338.01365 0.0 334.0 0.0 0.37501375 0.0
c 338.21727 0.0 334.0 0.0 0.37501375 0.0
c 338.42089 0.0 334.0 0.0 0.37501375 0.0
c 338.62451 0.0 334.0 0.0 0.37501375 0.0
c 338.82813 0.0 334.0 0.0 0.37501375 0.0
c 339.03175 0.0 334.0 0.0 0.37501375 0.0
c 339.23538 0.0 334.0 0.0 0.37501375 0.0
c 339.439 0.0 334.0 0.0 0.37501375 0.0
c 339.64262 0.0 334.0 0.0 0.37501375 0.0
c 339.84624 0.0 334.0 0.0 0.37501375 0.0
c 340.04986 0.0 334.0 0.0 0.37501375 0.0
c 340.25348 0.0 334.0 0.0 0.37501375 0.0
c 340.4571 0.0 334.0 0.0 0.37501375 0.0
c 340.66072 0.0 334.0 0.0 0.37501375 0.0
c 340.86435 0.0 334.0 0.0 0.37501375 0.0
c 341.06797 0.0 334.0 0.0 0.37501375 0.0
c 341.27159 0.0 334.0 0.0 0.37501375 0.0
c 341.47521 0.0 334.0 0.0 0.37501375 0.0
c 341.67883 0.0 334.0 0.0 0.37501375 0.0
c 341.88245 0.0 334.0 0.0 0.37501375 0.0
c 342.08607 0.0 334.0 0.0 0.37501375 0.0
c 342.28969 0.0 334.0 0.0 0.37501375 0.0
c 342.49331 0.0 334.0 0.0 0.37501375 0.0
c 342.69694 0.0 334.0 0.0 0.37501375 0.0
c 342.90056 0.0 334.0 0.0 0.37501375 0.0
c 343.10418 0.0 334.0 0.0 0.37501375 0.0
c 343.3078 0.0 334.0 0.0 0.37501375 0.0
c 343.51142 0.0 334.0 0.0 0.37501375 0.0
c 343.71504 0.0 334.0 0.0 0.37501375 0.0
c 343.91866 0.0 334.0 0.0 0.37501375 0.0
c 344.12228 0.0 334.0 0.0 0.37501375 0.0
c 344.32591 0.0 334.0 0.0 0.37501375 0.0
c 344.52953 0.0 334.0 0.0 0.37501375 0.0
c 344.73315 0.0 334.0 0.0 0.37501375 0.0
c 344.93677 0.0 334.0 0.0 0.37501375 0.0
c 345.14039 0.0 334.0 0.0 0.37501375 0.0
c 345.34401 0.0 334.0 0.0 0.37501375 0.0
c 345.54763 0.0 334.0 0.0 0.37501375 0.0
c 345.75125 0.0 334.0 0.0 0.37501375 0.0
c 345.95487 0.0 334.0 0.0 0.37501375 0.0
c 346.1585 0.0 334.0 0.0 0.37501375 0.0
c 346.36212 0.0 334.0 0.0 0.37501375 0.0
c 346.56574 0.0 334.0 0.0 0.37501375 0.0
c 346.76936 0.0 334.0 0.0 0.37501375 0.0
c 346.97298 0.0 334.0 0.0 0.37501375 0.0
c 347.1766 0.0 334.0 0.0 0.37501375 0.0
c 347.38022 0.0 334.0 0.0 0.37501375 0.0
c 347.58384 0.0 334.0 0.0 0.37501375 0.0
c 347.78747 0.0 334.0 0.0 0.37501375 0.0
c 347.99109 0.0 334.0 0.0 0.37501375 0.0
c 348.19471 0.0 334.0 0.0 0.37501375 0.0
c 348.39833 0.0 334.0 0.0 0.37501375 0.0
c 348.60195 0.0 334.0 0.0 0.37501375 0.0
c 348.80557 0.0 334.0 0.0 0.37501375 0.0
c 349.00919 0.0 334.0 0.0 0.37501375 0.0
c 349.21281 0.0 334.0 0.0 0.37501375 0.0
c 349.41643 0.0 334.0 0.0 0.37501375 0.0
c 349.62006 0.0 334.0 0.0 0.37501375 0.0
c 349.82368 0.0 334.0 0.0 0.37501375 0.0
c 350.0273 0.0 334.0 0.0 0.37501375 0.0
c 350.23092 0.0 334.0 0.0 0.37501375 0.0
c 350.43454 0.0 334.0 0.0 0.37501375 0.0
c 350.63816 0.0 334.0 0.0 0.37501375 0.0
c 350.84178 0.0 334.0 0.0 0.37501375 0.0
c 351.0454 0.0 334.0 0.0 0.37501375 0.0
c 351.24903 0.0 334.0 0.0 0.37501375 0.0
c 351.45265 0.0 334.0 0.0 0.37501375 0.0
c 351.65627 0.0 334.0 0.0 0.37501375 0.0
c 351.85989 0.0 334.0 0.0 0.37501375 0.0
c 352.06351 0.0 334.0 0.0 0.37501375 0.0
c 352.26713 0.0 334.0 0.0 0.37501375 0.0
c 352.47075 0.0 334.0 0.0 0.37501375 0.0
c 352.67437 0.0 334.0 0.0 0.37501375 0.0
c 352.87799 0.0 334.0 0.0 0.37501375 0.0
c 353.08162 0.0 334.0 0.0 0.37501375 0.0
c 353.28524 0.0 334.0 0.0 0.37501375 0.0
c 353.48886 0.0 334.0 0.0 0.37501375 0.0
c 353.69248 0.0 334.0 0.0 0.37501375 0.0
c 353.8961 0.0 334.0 0.0 0.37501375 0.0
c 354.09972 0.0 334.0 0.0 0.37501375 0.0
c 354.30334 0.0 334.0 0.0 0.37501375 0.0
c 354.50696 0.0 334.0 0.0 0.37501375 0.0
c 354.71059 0.0 334.0 0.0 0.37501375 0.0
c 354.91421 0.0 334.0 0.0 0.37501375 0.0
c 355.11783 0.0 334.0 0.0 0.37501375 0.0
c 355.32145 0.0 334.0 0.0 0.37501375 0.0
c 355.52507 0.0 334.0 0.0 0.37501375 0.0
c 355.72869 0.0 334.0 0.0 0.37501375 0.0
c 355.93231 0.0 334.0 0.0 0.37501375 0.0
c 356.13593 0.0 334.0 0.0 0.37501375 0.0
c 356.33955 0.0 334.0 0.0 0.37501375 0.0
c 356.54318 0.0 334.0 0.0 0.37501375 0.0
c 356.7468 0.0 334.0 0.0 0.37501375 0.0
c 356.95042 0.0 334.0 0.0 0.37501375 0.0
c 357.15404 0.0 334.0 0.0 0.37501375 0.0
c 357.35766 0.0 334.0 0.0 0.37501375 0.0
c 357.56128 0.0 334.0 0.0 0.37501375 0.0
c 357.7649 0.0 334.0 0.0 0.37501375 0.0
c 357.96852 0.0 334.0 0.0 0.37501375 0.0
c 358.17215 0.0 334.0 0.0 0.37501375 0.0
c 358.37577 0.0 334.0 0.0 0.37501375 0.0
c 358.57939 0.0 334.0 0.0 0.37501375 0.0
c 358.78301 0.0 334.0 0.0 0.37501375 0.0
c 358.98663 0.0 334.0 0.0 0.37501375 0.0
c 359.19025 0.0 334.0 0.0 0.37501375 0.0
c 359.39387 0.0 334.0 0.0 0.37501375 0.0
c 359.59749 0.0 334.0 0.0 0.37501375 0.0
c 359.80111 0.0 334.0 0.0 0.37501375 0.0
c 360.00474 0.0 334.0 0.0 0.37501375 0.0
c 360.20836 0.0 334.0 0.0 0.37501375 0.0
c 360.41198 0.0 334.0 0.0 0.37501375 0.0
c 360.6156 0.0 334.0 0.0 0.37501375 0.0
c 360.81922 0.0 334.0 0.0 0.37501375 0.0
c 361.02284 0.0 334.0 0.0 0.37501375 0.0
c 361.22646 0.0 334.0 0.0 0.37501375 0.0
c 361.43008 0.0 334.0 0.0 0.37501375 0.0
c 361.63371 0.0 334.0 0.0 0.37501375 0.0
c 361.83733 0.0 334.0 0.0 0.37501375 0.0
c 362.04095 0.0 334.0 0.0 0.37501375 0.0
c 362.24457 0.0 334.0 0.0 0.37501375 0.0
c 362.44819 0.0 334.0 0.0 0.37501375 0.0
c 362.65181 0.0 334.0 0.0 0.37501375 0.0
c 362.85543 0.0 334.0 0.0 0.37501375 0.0
c 363.05905 0.0 334.0 0.0 0.37501375 0.0
c 363.26267 0.0 334.0 0.0 0.37501375 0.0
c 363.4663 0.0 334.0 0.0 0.37501375 0.0
c 363.66992 0.0 334.0 0.0 0.37501375 0.0
c 363.87354 0.0 334.0 0.0 0.37501375 0.0
c 364.07716 0.0 334.0 0.0 0.37501375 0.0
c 364.28078 0.0 334.0 0.0 0.37501375 0.0
c 364.4844 0.0 334.0 0.0 0.37501375 0.0
c 364.68802 0.0 334.0 0.0 0.37501375 0.0
c 364.89164 0.0 334.0 0.0 0.37501375 0.0
c 365.09526 0.0 334.0 0.0 0.37501375 0.0
c 365.29889 0.0 334.0 0.0 0.37501375 0.0
c 365.50251 0.0 334.0 0.0 0.37501375 0.0
c 365.70613 0.0 334.0 0.0 0.37501375 0.0
c 365.90975 0.0 334.0 0.0 0.37501375 0.0
c 366.11337 0.0 334.0 0.0 0.37501375 0.0
c 366.31699 0.0 334.0 0.0 0.37501375 0.0
c 366.52061 0.0 334.0 0.0 0.37501375 0.0
c 366.72423 0.0 334.0 0.0 0.37501375 0.0
c 366.92786 0.0 334.0 0.0 0.37501375 0.0
c 367.13148 0.0 334.0 0.0 0.37501375 0.0
c 367.3351 0.0 334.0 0.0 0.37501375 0.0
c 367.53872 0.0 334.0 0.0 0.37501375 0.0
c 367.74234 0.0 334.0 0.0 0.37501375 0.0
c 367.94596 0.0 334.0 0.0 0.37501375 0.0
c 368.14958 0.0 334.0 0.0 0.37501375 0.0
c 368.3532 0.0 334.0 0.0 0.37501375 0.0
c 368.55682 0.0 334.0 0.0 0.37501375 0.0
c 368.76045 0.0 334.0 0.0 0.37501375 0.0
c 368.76045 0.0 334.0 0.0 0.37501375 0.0
c 368.64354 0.0 333.83632 0.0 0.37606765 0.0
c 368.52664 0.0 333.67265 0.0 0.37712155 0.0
c 368.40974 0.0 333.50897 0.0 0.37817546 0.0
c 368.29284 0.0 333.34529 0.0 0.37922936 0.0
c 368.17593 0.0 333.18162 0.0 0.38028326 0.0
c 368.05903 0.0 333.01794 0.0 0.38133716 0.0
c 367.94213 0.0 332.85426 0.0 0.38239106 0.0
c 367.82523 0.0 332.69058 0.0 0.38344496 0.0
c 367.70832 0.0 332.52691 0.0 0.38449887 0.0
c 367.59142 0.0 332.36323 0.0 0.38555277 0.0
c 367.47452 0.0 332.19955 0.0 0.38660667 0.0
c 367.35762 0.0 332.03588 0.0 0.38766057 0.0
c 367.24071 0.0 331.8722 0.0 0.38871447 0.0
c 367.12381 0.0 331.70852 0.0 0.38976837 0.0
c 367.00691 0.0 331.54485 0.0 0.39082228 0.0
c 366.89001 0.0 331.38117 0.0 0.39187618 0.0
c 366.7731 0.0 331.21749 0.0 0.39293008 0.0
c 366.6562 0.0 331.05381 0.0 0.39398398 0.0
c 366.5393 0.0 330.89014 0.0 0.39503788 0.0
c 366.4224 0.0 330.72646 0.0 0.39609179 0.0
c 366.30549 0.0 330.56278 0.0 0.39714569 0.0
c 366.18859 0.0 330.39911 0.0 0.39819959 0.0
c 366.07169 0.0 330.23543 0.0 0.39925349 0.0
c 365.95479 0.0 330.07175 0.0 0.40030739 0.0
c 365.83788 0.0 329.90808 0.0 0.40136129 0.0
c 365.72098 0.0 329.7444 0.0 0.4024152 0.0
c 365.60408 0.0 329.58072 0.0 0.4034691 0.0
c 365.48718 0.0 329.41704 0.0 0.404523 0.0
c 365.37027 0.0 329.25337 0.0 0.4055769 0.0
c 365.25337 0.0 329.08969 0.0 0.4066308 0.0
c 365.13647 0.0 328.92601 0.0 0.4076847 0.0
c 365.01957 0.0 328.76234 0.0 0.40873861 0.0
c 364.90266 0.0 328.59866 0.0 0.40979251 0.0
c 364.78576 0.0 328.43498 0.0 0.41084641 0.0
c 364.66886 0.0 328.27131 0.0 0.41190031 0.0
c 364.55196 0.0 328.10763 0.0 0.41295421 0.0
c 364.43505 0.0 327.94395 0.0 0.41400811 0.0
c 364.31815 0.0 327.78027 0.0 0.41506202 0.0
c 364.20125 0.0 327.6166 0.0 0.41611592 0.0
c 364.08435 0.0 327.45292 0.0 0.41716982 0.0
c 363.96744 0.0 327.28924 0.0 0.41822372 0.0
c 363.85054 0.0 327.12557 0.0 0.41927762 0.0
c 363.73364 0.0 326.96189 0.0 0.42033153 0.0
c 363.61674 0.0 326.79821 0.0 0.42138543 0.0
c 363.49983 0.0 326.63454 0.0 0.42243933 0.0
c 363.38293 0.0 326.47086 0.0 0.42349323 0.0
c 363.26603 0.0 326.30718 0.0 0.42454713 0.0
c 363.14913 0.0 326.1435 0.0 0.42560103 0.0
c 363.03222 0.0 325.97983 0.0 0.42665494 0.0
c 362.91532 0.0 325.81615 0.0 0.42770884 0.0
c 362.79842 0.0 325.65247 0.0 0.42876274 0.0
c 362.68152 0.0 325.4888 0.0 0.42981664 0.0
c 362.56461 0.0 325.32512 0.0 0.43087054 0.0
c 362.44771 0.0 325.16144 0.0 0.43192444 0.0
c 362.33081 0.0 324.99777 0.0 0.43297835 0.0
c 362.21391 0.0 324.83409 0.0 0.43403225 0.0
c 362.097 0.0 324.67041 0.0 0.43508615 0.0
c 361.9801 0.0 324.50673 0.0 0.43614005 0.0
c 361.8632 0.0 324.34306 0.0 0.43719395 0.0
c 361.7463 0.0 324.17938 0.0 0.43824786 0.0
c 361.62939 0.0 324.0157 0.0 0.43930176 0.0
c 361.51249 0.0 323.85203 0.0 0.44035566 0.0
c 361.39559 0.0 323.68835 0.0 0.44140956 0.0
c 361.27869 0.0 323.52467 0.0 0.44246346 0.0
c 361.16178 0.0 323.361 0.0 0.44351736 0.0
c 361.04488 0.0 323.19732 0.0 0.44457127 0.0
c 360.92798 0.0 323.03364 0.0 0.44562517 0.0
c 360.81108 0.0 322.86996 0.0 0.44667907 0.0
c 360.69417 0.0 322.70629 0.0 0.44773297 0.0
c 360.57727 0.0 322.54261 0.0 0.44878687 0.0
c 360.46037 0.0 322.37893 0.0 0.44984077 0.0
c 360.34347 0.0 322.21526 0.0 0.45089468 0.0
c 360.22656 0.0 322.05158 0.0 0.45194858 0.0
c 360.10966 0.0 321.8879 0.0 0.45300248 0.0
c 359.99276 0.0 321.72423 0.0 0.45405638 0.0
c 359.87586 0.0 321.56055 0.0 0.45511028 0.0
c 359.75895 0.0 321.39687 0.0 0.45616418 0.0
c 359.64205 0.0 321.23319 0.0 0.45721809 0.0
c 359.52515 0.0 321.06952 0.0 0.45827199 0.0
c 359.40825 0.0 320.90584 0.0 0.45932589 0.0
c 359.29134 0.0 320.74216 0.0 0.46037979 0.0
c 359.17444 0.0 320.57849 0.0 0.46143369 0.0
c 359.05754 0.0 320.41481 0.0 0.4624876 0.0
c 358.94064 0.0 320.25113 0.0 0.4635415 0.0
c 358.82373 0.0 320.08746 0.0 0.4645954 0.0
c 358.70683 0.0 319.92378 0.0 0.4656493 0.0
c 358.58993 0.0 319.7601 0.0 0.4667032 0.0
c 358.47303 0.0 319.59642 0.0 0.4677571 0.0
c 358.35612 0.0 319.43275 0.0 0.46881101 0.0
c 358.23922 0.0 319.26907 0.0 0.46986491 0.0
c 358.12232 0.0 319.10539 0.0 0.47091881 0.0
c 358.00542 0.0 318.94172 0.0 0.47197271 0.0
c 357.88851 0.0 318.77804 0.0 0.47302661 0.0
c 357.77161 0.0 318.61436 0.0 0.47408051 0.0
c 357.65471 0.0 318.45069 0.0 0.47513442 0.0
c 357.53781 0.0 318.28701 0.0 0.47618832 0.0
c 357.4209 0.0 318.12333 0.0 0.47724222 0.0
c 357.304 0.0 317.95965 0.0 0.47829612 0.0
c 357.1871 0.0 317.79598 0.0 0.47935002 0.0
c 357.0702 0.0 317.6323 0.0 0.48040393 0.0
c 356.95329 0.0 317.46862 0.0 0.48145783 0.0
c 356.83639 0.0 317.30495 0.0 0.48251173 0.0
c 356.71949 0.0 317.14127 0.0 0.48356563 0.0
c 356.60259 0.0 316.97759 0.0 0.48461953 0.0
c 356.48568 0.0 316.81392 0.0 0.48567343 0.0
c 356.36878 0.0 316.65024 0.0 0.48672734 0.0
c 356.25188 0.0 316.48656 0.0 0.48778124 0.0
c 356.13498 0.0 316.32288 0.0 0.48883514 0.0
c 356.01807 0.0 316.15921 0.0 0.48988904 0.0
c 355.90117 0.0 315.99553 0.0 0.49094294 0.0
c 355.78427 0.0 315.83185 0.0 0.49199684 0.0
c 355.66737 0.0 315.66818 0.0 0.49305075 0.0
c 355.55046 0.0 315.5045 0.0 0.49410465 0.0
c 355.43356 0.0 315.34082 0.0 0.49515855 0.0
c 355.31666 0.0 315.17715 0.0 0.49621245 0.0
c 355.19976 0.0 315.01347 0.0 0.49726635 0.0
c 355.08285 0.0 314.84979 0.0 0.49832025 0.0
c 354.96595 0.0 314.68611 0.0 0.49937416 0.0
c 354.84905 0.0 314.52244 0.0 0.50042806 0.0
c 354.73215 0.0 314.35876 0.0 0.50148196 0.0
c 354.61524 0.0 314.19508 0.0 0.50253586 0.0
c 354.49834 0.0 314.03141 0.0 0.50358976 0.0
c 354.38144 0.0 313.86773 0.0 0.50464367 0.0
c 354.26454 0.0 313.70405 0.0 0.50569757 0.0
c 354.14763 0.0 313.54038 0.0 0.50675147 0.0
c 354.03073 0.0 313.3767 0.0 0.50780537 0.0
c 353.91383 0.0 313.21302 0.0 0.50885927 0.0
c 353.79693 0.0 313.04934 0.0 0.50991317 0.0
c 353.68002 0.0 312.88567 0.0 0.51096708 0.0
c 353.56312 0.0 312.72199 0.0 0.51202098 0.0
c 353.44622 0.0 312.55831 0.0 0.51307488 0.0
c 353.32932 0.0 312.39464 0.0 0.51412878 0.0
c 353.21241 0.0 312.23096 0.0 0.51518268 0.0
c 353.09551 0.0 312.06728 0.0 0.51623658 0.0
c 352.97861 0.0 311.90361 0.0 0.51729049 0.0
c 352.86171 0.0 311.73993 0.0 0.51834439 0.0
c 352.7448 0.0 311.57625 0.0 0.51939829 0.0
c 352.6279 0.0 311.41257 0.0 0.52045219 0.0
c 352.511 0.0 311.2489 0.0 0.52150609 0.0
c 352.3941 0.0 311.08522 0.0 0.52256 0.0
c 352.27719 0.0 310.92154 0.0 0.5236139 0.0
c 352.16029 0.0 310.75787 0.0 0.5246678 0.0
c 352.04339 0.0 310.59419 0.0 0.5257217 0.0
c 351.92649 0.0 310.43051 0.0 0.5267756 0.0
c 351.80958 0.0 310.26684 0.0 0.5278295 0.0
c 351.69268 0.0 310.10316 0.0 0.52888341 0.0
c 351.57578 0.0 309.93948 0.0 0.52993731 0.0
c 351.45888 0.0 309.7758 0.0 0.53099121 0.0
c 351.34197 0.0 309.61213 0.0 0.53204511 0.0
c 351.22507 0.0 309.44845 0.0 0.53309901 0.0
c 351.10817 0.0 309.28477 0.0 0.53415291 0.0
c 350.99127 0.0 309.1211 0.0 0.53520682 0.0
c 350.87436 0.0 308.95742 0.0 0.53626072 0.0
c 350.75746 0.0 308.79374 0.0 0.53731462 0.0
c 350.64056 0.0 308.63007 0.0 0.53836852 0.0
c 350.52366 0.0 308.46639 0.0 0.53942242 0.0
c 350.40675 0.0 308.30271 0.0 0.54047633 0.0
c 350.28985 0.0 308.13903 0.0 0.54153023 0.0
c 350.17295 0.0 307.97536 0.0 0.54258413 0.0
c 350.05605 0.0 307.81168 0.0 0.54363803 0.0
c 349.93914 0.0 307.648 0.0 0.54469193 0.0
c 349.82224 0.0 307.48433 0.0 0.54574583 0.0
c 349.70534 0.0 307.32065 0.0 0.54679974 0.0
c 349.58844 0.0 307.15697 0.0 0.54785364 0.0
c 349.47153 0.0 306.9933 0.0 0.54890754 0.0
c 349.35463 0.0 306.82962 0.0 0.54996144 0.0
c 349.23773 0.0 306.66594 0.0 0.55101534 0.0
c 349.12083 0.0 306.50226 0.0 0.55206924 0.0
c 349.00392 0.0 306.33859 0.0 0.55312315 0.0
c 348.88702 0.0 306.17491 0.0 0.55417705 0.0
c 348.77012 0.0 306.01123 0.0 0.55523095 0.0
c 348.65322 0.0 305.84756 0.0 0.55628485 0.0
c 348.53631 0.0 305.68388 0.0 0.55733875 0.0
c 348.41941 0.0 305.5202 0.0 0.55839265 0.0
c 348.30251 0.0 305.35653 0.0 0.55944656 0.0
c 348.18561 0.0 305.19285 0.0 0.56050046 0.0
c 348.0687 0.0 305.02917 0.0 0.56155436 0.0
c 347.9518 0.0 304.86549 0.0 0.56260826 0.0
c 347.8349 0.0 304.70182 0.0 0.56366216 0.0
c 347.718 0.0 304.53814 0.0 0.56471607 0.0
c 347.60109 0.0 304.37446 0.0 0.56576997 0.0
c 347.48419 0.0 304.21079 0.0 0.56682387 0.0
c 347.36729 0.0 304.04711 0.0 0.56787777 0.0
c 347.25039 0.0 303.88343 0.0 0.56893167 0.0
c 347.13348 0.0 303.71976 0.0 0.56998557 0.0
c 347.01658 0.0 303.55608 0.0 0.57103948 0.0
c 346.89968 0.0 303.3924 0.0 0.57209338 0.0
c 346.78278 0.0 303.22872 0.0 0.57314728 0.0
c 346.66587 0.0 303.06505 0.0 0.57420118 0.0
c 346.54897 0.0 302.90137 0.0 0.57525508 0.0
c 346.43207 0.0 302.73769 0.0 0.57630898 0.0
c 346.31517 0.0 302.57402 0.0 0.57736289 0.0
c 346.19826 0.0 302.41034 0.0 0.57841679 0.0
c 346.08136 0.0 302.24666 0.0 0.57947069 0.0
c 345.96446 0.0 302.08299 0.0 0.58052459 0.0
c 345.84756 0.0 301.91931 0.0 0.58157849 0.0
c 345.73065 0.0 301.75563 0.0 0.5826324 0.0
c 345.61375 0.0 301.59195 0.0 0.5836863 0.0
c 345.49685 0.0 301.42828 0.0 0.5847402 0.0
c 345.37995 0.0 301.2646 0.0 0.5857941 0.0
c 345.26304 0.0 301.10092 0.0 0.586848 0.0
c 345.14614 0.0 300.93725 0.0 0.5879019 0.0
c 345.02924 0.0 300.77357 0.0 0.58895581 0.0
c 344.91234 0.0 300.60989 0.0 0.59000971 0.0
c 344.79543 0.0 300.44622 0.0 0.59106361 0.0
c 344.67853 0.0 300.28254 0.0 0.59211751 0.0
c 344.56163 0.0 300.11886 0.0 0.59317141 0.0
c 344.44473 0.0 299.95518 0.0 0.59422531 0.0
c 344.32782 0.0 299.79151 0.0 0.59527922 0.0
c 344.21092 0.0 299.62783 0.0 0.59633312 0.0
c 344.09402 0.0 299.46415 0.0 0.59738702 0.0
c 343.97712 0.0 299.30048 0.0 0.59844092 0.0
c 343.86021 0.0 299.1368 0.0 0.59949482 0.0
c 343.74331 0.0 298.97312 0.0 0.60054872 0.0
c 343.62641 0.0 298.80945 0.0 0.60160263 0.0
c 343.50951 0.0 298.64577 0.0 0.60265653 0.0
c 343.3926 0.0 298.48209 0.0 0.60371043 0.0
c 343.2757 0.0 298.31841 0.0 0.60476433 0.0
c 343.1588 0.0 298.15474 0.0 0.60581823 0.0
c 343.0419 0.0 297.99106 0.0 0.60687214 0.0
c 342.92499 0.0 297.82738 0.0 0.60792604 0.0
c 342.80809 0.0 297.66371 0.0 0.60897994 0.0
c 342.69119 0.0 297.50003 0.0 0.61003384 0.0
c 342.57429 0.0 297.33635 0.0 0.61108774 0.0
c 342.45738 0.0 297.17268 0.0 0.61214164 0.0
c 342.34048 0.0 297.009 0.0 0.61319555 0.0
c 342.22358 0.0 296.84532 0.0 0.61424945 0.0
c 342.10668 0.0 296.68164 0.0 0.61530335 0.0
c 341.98978 0.0 296.51797 0.0 0.61635725 0.0
c 341.87287 0.0 296.35429 0.0 0.61741115 0.0
c 341.75597 0.0 296.19061 0.0 0.61846505 0.0
c 341.63907 0.0 296.02694 0.0 0.61951896 0.0
c 341.52217 0.0 295.86326 0.0 0.62057286 0.0
c 341.40526 0.0 295.69958 0.0 0.62162676 0.0
c 341.28836 0.0 295.53591 0.0 0.62268066 0.0
c 341.17146 0.0 295.37223 0.0 0.62373456 0.0
c 341.05456 0.0 295.20855 0.0 0.62478847 0.0
c 340.93765 0.0 295.04488 0.0 0.62584237 0.0
c 340.82075 0.0 294.8812 0.0 0.62689627 0.0
c 340.70385 0.0 294.71752 0.0 0.62795017 0.0
c 340.58695 0.0 294.55384 0.0 0.62900407 0.0
c 340.47004 0.0 294.39017 0.0 0.63005797 0.0
c 340.35314 0.0 294.22649 0.0 0.63111188 0.0
c 340.23624 0.0 294.06281 0.0 0.63216578 0.0
c 340.11934 0.0 293.89914 0.0 0.63321968 0.0
c 340.00243 0.0 293.73546 0.0 0.63427358 0.0
c 339.88553 0.0 293.57178 0.0 0.63532748 0.0
c 339.76863 0.0 293.40811 0.0 0.63638138 0.0
c 339.65173 0.0 293.24443 0.0 0.63743529 0.0
c 339.53482 0.0 293.08075 0.0 0.63848919 0.0
c 339.41792 0.0 292.91707 0.0 0.63954309 0.0
c 339.30102 0.0 292.7534 0.0 0.64059699 0.0
c 339.18412 0.0 292.58972 0.0 0.64165089 0.0
c 339.06721 0.0 292.42604 0.0 0.64270479 0.0
c 338.95031 0.0 292.26237 0.0 0.6437587 0.0
c 338.83341 0.0 292.09869 0.0 0.6448126 0.0
c 338.71651 0.0 291.93501 0.0 0.6458665 0.0
c 338.5996 0.0 291.77134 0.0 0.6469204 0.0
c 338.4827 0.0 291.60766 0.0 0.6479743 0.0
c 338.3658 0.0 291.44398 0.0 0.64902821 0.0
c 338.2489 0.0 291.2803 0.0 0.65008211 0.0
c 338.13199 0.0 291.11663 0.0 0.65113601 0.0
c 338.01509 0.0 290.95295 0.0 0.65218991 0.0
c 337.89819 0.0 290.78927 0.0 0.65324381 0.0
c 337.78129 0.0 290.6256 0.0 0.65429771 0.0
c 337.66438 0.0 290.46192 0.0 0.65535162 0.0
c 337.54748 0.0 290.29824 0.0 0.65640552 0.0
c 337.43058 0.0 290.13457 0.0 0.65745942 0.0
c 337.31368 0.0 289.97089 0.0 0.65851332 0.0
c 337.19677 0.0 289.80721 0.0 0.65956722 0.0
c 337.07987 0.0 289.64353 0.0 0.66062112 0.0
c 336.96297 0.0 289.47986 0.0 0.66167503 0.0
c 336.84607 0.0 289.31618 0.0 0.66272893 0.0
c 336.72916 0.0 289.1525 0.0 0.66378283 0.0
c 336.61226 0.0 288.98883 0.0 0.66483673 0.0
c 336.49536 0.0 288.82515 0.0 0.66589063 0.0
c 336.37846 0.0 288.66147 0.0 0.66694454 0.0
c 336.26155 0.0 288.4978 0.0 0.66799844 0.0
c 336.14465 0.0 288.33412 0.0 0.66905234 0.0
c 336.02775 0.0 288.17044 0.0 0.67010624 0.0
c 335.91085 0.0 288.00676 0.0 0.67116014 0.0
c 335.79394 0.0 287.84309 0.0 0.67221404 0.0
c 335.67704 0.0 287.67941 0.0 0.67326795 0.0
c 335.56014 0.0 287.51573 0.0 0.67432185 0.0
c 335.44324 0.0 287.35206 0.0 0.67537575 0.0
c 335.32633 0.0 287.18838 0.0 0.67642965 0.0
c 335.20943 0.0 287.0247 0.0 0.67748355 0.0
c 335.09253 0.0 286.86103 0.0 0.67853745 0.0
c 334.97563 0.0 286.69735 0.0 0.67959136 0.0
c 334.85872 0.0 286.53367 0.0 0.68064526 0.0
c 334.74182 0.0 286.36999 0.0 0.68169916 0.0
c 334.62492 0.0 286.20632 0.0 0.68275306 0.0
c 334.50802 0.0 286.04264 0.0 0.68380696 0.0
c 334.39111 0.0 285.87896 0.0 0.68486087 0.0
c 334.27421 0.0 285.71529 0.0 0.68591477 0.0
c 334.15731 0.0 285.55161 0.0 0.68696867 0.0
c 334.04041 0.0 285.38793 0.0 0.68802257 0.0
c 333.9235 0.0 285.22426 0.0 0.68907647 0.0
c 333.8066 0.0 285.06058 0.0 0.69013037 0.0
c 333.6897 0.0 284.8969 0.0 0.69118428 0.0
c 333.5728 0.0 284.73322 0.0 0.69223818 0.0
c 333.45589 0.0 284.56955 0.0 0.69329208 0.0
c 333.33899 0.0 284.40587 0.0 0.69434598 0.0
c 333.22209 0.0 284.24219 0.0 0.69539988 0.0
c 333.10519 0.0 284.07852 0.0 0.69645378 0.0
c 332.98828 0.0 283.91484 0.0 0.69750769 0.0
c 332.87138 0.0 283.75116 0.0 0.69856159 0.0
c 332.75448 0.0 283.58749 0.0 0.69961549 0.0
c 332.63758 0.0 283.42381 0.0 0.70066939 0.0
c 332.52067 0.0 283.26013 0.0 0.70172329 0.0
c 332.40377 0.0 283.09645 0.0 0.70277719 0.0
c 332.28687 0.0 282.93278 0.0 0.7038311 0.0
c 332.16997 0.0 282.7691 0.0 0.704885 0.0
c 332.05306 0.0 282.60542 0.0 0.7059389 0.0
c 331.93616 0.0 282.44175 0.0 0.7069928 0.0
c 331.81926 0.0 282.27807 0.0 0.7080467 0.0
c 331.70236 0.0 282.11439 0.0 0.70910061 0.0
c 331.58545 0.0 281.95072 0.0 0.71015451 0.0
c 331.46855 0.0 281.78704 0.0 0.71120841 0.0
c 331.35165 0.0 281.62336 0.0 0.71226231 0.0
c 331.23475 0.0 281.45968 0.0 0.71331621 0.0
c 331.11784 0.0 281.29601 0.0 0.71437011 0.0
c 331.00094 0.0 281.13233 0.0 0.71542402 0.0
c 330.88404 0.0 280.96865 0.0 0.71647792 0.0
c 330.76714 0.0 280.80498 0.0 0.71753182 0.0
c 330.65023 0.0 280.6413 0.0 0.71858572 0.0
c 330.53333 0.0 280.47762 0.0 0.71963962 0.0
c 330.41643 0.0 280.31395 0.0 0.72069352 0.0
c 330.29953 0.0 280.15027 0.0 0.72174743 0.0
c 330.18262 0.0 279.98659 0.0 0.72280133 0.0
c 330.06572 0.0 279.82291 0.0 0.72385523 0.0
c 329.94882 0.0 279.65924 0.0 0.72490913 0.0
c 329.83192 0.0 279.49556 0.0 0.72596303 0.0
c 329.71501 0.0 279.33188 0.0 0.72701694 0.0
c 329.59811 0.0 279.16821 0.0 0.72807084 0.0
c 329.48121 0.0 279.00453 0.0 0.72912474 0.0
c 329.36431 0.0 278.84085 0.0 0.73017864 0.0
c 329.2474 0.0 278.67718 0.0 0.73123254 0.0
c 329.1305 0.0 278.5135 0.0 0.73228644 0.0
c 329.0136 0.0 278.34982 0.0 0.73334035 0.0
c 328.8967 0.0 278.18614 0.0 0.73439425 0.0
c 328.77979 0.0 278.02247 0.0 0.73544815 0.0
c 328.66289 0.0 277.85879 0.0 0.73650205 0.0
c 328.54599 0.0 277.69511 0.0 0.73755595 0.0
c 328.42909 0.0 277.53144 0.0 0.73860985 0.0
c 328.31218 0.0 277.36776 0.0 0.73966376 0.0
c 328.19528 0.0 277.20408 0.0 0.74071766 0.0
c 328.07838 0.0 277.04041 0.0 0.74177156 0.0
c 327.96148 0.0 276.87673 0.0 0.74282546 0.0
c 327.84457 0.0 276.71305 0.0 0.74387936 0.0
c 327.72767 0.0 276.54937 0.0 0.74493326 0.0
c 327.61077 0.0 276.3857 0.0 0.74598717 0.0
c 327.49387 0.0 276.22202 0.0 0.74704107 0.0
c 327.37696 0.0 276.05834 0.0 0.74809497 0.0
c 327.26006 0.0 275.89467 0.0 0.74914887 0.0
c 327.14316 0.0 275.73099 0.0 0.75020277 0.0
c 327.02626 0.0 275.56731 0.0 0.75125668 0.0
c 326.90935 0.0 275.40364 0.0 0.75231058 0.0
c 326.79245 0.0 275.23996 0.0 0.75336448 0.0
c 326.67555 0.0 275.07628 0.0 0.75441838 0.0
c 326.55865 0.0 274.9126 0.0 0.75547228 0.0
c 326.44174 0.0 274.74893 0.0 0.75652618 0.0
c 326.32484 0.0 274.58525 0.0 0.75758009 0.0
c 326.20794 0.0 274.42157 0.0 0.75863399 0.0
c 326.09104 0.0 274.2579 0.0 0.75968789 0.0
c 325.97413 0.0 274.09422 0.0 0.76074179 0.0
c 325.85723 0.0 273.93054 0.0 0.76179569 0.0
c 325.74033 0.0 273.76687 0.0 0.76284959 0.0
c 325.62343 0.0 273.60319 0.0 0.7639035 0.0
c 325.50652 0.0 273.43951 0.0 0.7649574 0.0
c 325.38962 0.0 273.27583 0.0 0.7660113 0.0
c 325.27272 0.0 273.11216 0.0 0.7670652 0.0
c 325.15582 0.0 272.94848 0.0 0.7681191 0.0
c 325.03891 0.0 272.7848 0.0 0.76917301 0.0
c 324.92201 0.0 272.62113 0.0 0.77022691 0.0
c 324.80511 0.0 272.45745 0.0 0.77128081 0.0
c 324.68821 0.0 272.29377 0.0 0.77233471 0.0
c 324.5713 0.0 272.1301 0.0 0.77338861 0.0
c 324.4544 0.0 271.96642 0.0 0.77444251 0.0
c 324.3375 0.0 271.80274 0.0 0.77549642 0.0
c 324.2206 0.0 271.63906 0.0 0.77655032 0.0
c 324.10369 0.0 271.47539 0.0 0.77760422 0.0
c 323.98679 0.0 271.31171 0.0 0.77865812 0.0
c 323.86989 0.0 271.14803 0.0 0.77971202 0.0
c 323.75299 0.0 270.98436 0.0 0.78076592 0.0
c 323.63608 0.0 270.82068 0.0 0.78181983 0.0
c 323.51918 0.0 270.657 0.0 0.78287373 0.0
c 323.40228 0.0 270.49333 0.0 0.78392763 0.0
c 323.28538 0.0 270.32965 0.0 0.78498153 0.0
c 323.16847 0.0 270.16597 0.0 0.78603543 0.0
c 323.05157 0.0 270.00229 0.0 0.78708933 0.0
c 322.93467 0.0 269.83862 0.0 0.78814324 0.0
c 322.81777 0.0 269.67494 0.0 0.78919714 0.0
c 322.70086 0.0 269.51126 0.0 0.79025104 0.0
c 322.58396 0.0 269.34759 0.0 0.79130494 0.0
c 322.46706 0.0 269.18391 0.0 0.79235884 0.0
c 322.35016 0.0 269.02023 0.0 0.79341275 0.0
c 322.23325 0.0 268.85656 0.0 0.79446665 0.0
c 322.11635 0.0 268.69288 0.0 0.79552055 0.0
c 321.99945 0.0 268.5292 0.0 0.79657445 0.0
c 321.88255 0.0 268.36552 0.0 0.79762835 0.0
c 321.76564 0.0 268.20185 0.0 0.79868225 0.0
c 321.64874 0.0 268.03817 0.0 0.79973616 0.0
c 321.53184 0.0 267.87449 0.0 0.80079006 0.0
c 321.41494 0.0 267.71082 0.0 0.80184396 0.0
c 321.29803 0.0 267.54714 0.0 0.80289786 0.0
c 321.18113 0.0 267.38346 0.0 0.80395176 0.0
c 321.06423 0.0 267.21979 0.0 0.80500566 0.0
c 320.94733 0.0 267.05611 0.0 0.80605957 0.0
c 320.83042 0.0 266.89243 0.0 0.80711347 0.0
c 320.71352 0.0 266.72875 0.0 0.80816737 0.0
c 320.59662 0.0 266.56508 0.0 0.80922127 0.0
c 320.47972 0.0 266.4014 0.0 0.81027517 0.0
c 320.36281 0.0 266.23772 0.0 0.81132908 0.0
c 320.24591 0.0 266.07405 0.0 0.81238298 0.0
c 320.12901 0.0 265.91037 0.0 0.81343688 0.0
c 320.01211 0.0 265.74669 0.0 0.81449078 0.0
c 319.8952 0.0 265.58302 0.0 0.81554468 0.0
c 319.7783 0.0 265.41934 0.0 0.81659858 0.0
c 319.6614 0.0 265.25566 0.0 0.81765249 0.0
c 319.5445 0.0 265.09198 0.0 0.81870639 0.0
c 319.42759 0.0 264.92831 0.0 0.81976029 0.0
c 319.31069 0.0 264.76463 0.0 0.82081419 0.0
c 319.19379 0.0 264.60095 0.0 0.82186809 0.0
c 319.07689 0.0 264.43728 0.0 0.82292199 0.0
c 318.95998 0.0 264.2736 0.0 0.8239759 0.0
c 318.84308 0.0 264.10992 0.0 0.8250298 0.0
c 318.72618 0.0 263.94625 0.0 0.8260837 0.0
c 318.60928 0.0 263.78257 0.0 0.8271376 0.0
c 318.49237 0.0 263.61889 0.0 0.8281915 0.0
c 318.37547 0.0 263.45521 0.0 0.82924541 0.0
c 318.25857 0.0 263.29154 0.0 0.83029931 0.0
c 318.14167 0.0 263.12786 0.0 0.83135321 0.0
c 318.02476 0.0 262.96418 0.0 0.83240711 0.0
c 317.90786 0.0 262.80051 0.0 0.83346101 0.0
c 317.79096 0.0 262.63683 0.0 0.83451491 0.0
c 317.67406 0.0 262.47315 0.0 0.83556882 0.0
c 317.55715 0.0 262.30948 0.0 0.83662272 0.0
c 317.44025 0.0 262.1458 0.0 0.83767662 0.0
c 317.32335 0.0 261.98212 0.0 0.83873052 0.0
c 317.20645 0.0 261.81844 0.0 0.83978442 0.0
c 317.08954 0.0 261.65477 0.0 0.84083832 0.0
c 316.97264 0.0 261.49109 0.0 0.84189223 0.0
c 316.85574 0.0 261.32741 0.0 0.84294613 0.0
c 316.73884 0.0 261.16374 0.0 0.84400003 0.0
c 316.62193 0.0 261.00006 0.0 0.84505393 0.0
c 316.50503 0.0 260.83638 0.0 0.84610783 0.0
c 316.38813 0.0 260.67271 0.0 0.84716173 0.0
c 316.27123 0.0 260.50903 0.0 0.84821564 0.0
c 316.15432 0.0 260.34535 0.0 0.84926954 0.0
c 316.03742 0.0 260.18167 0.0 0.85032344 0.0
c 315.92052 0.0 260.018 0.0 0.85137734 0.0
c 315.80362 0.0 259.85432 0.0 0.85243124 0.0
c 315.68671 0.0 259.69064 0.0 0.85348515 0.0
c 315.56981 0.0 259.52697 0.0 0.85453905 0.0
c 315.45291 0.0 259.36329 0.0 0.85559295 0.0
c 315.33601 0.0 259.19961 0.0 0.85664685 0.0
c 315.2191 0.0 259.03594 0.0 0.85770075 0.0
c 315.1022 0.0 258.87226 0.0 0.85875465 0.0
c 314.9853 0.0 258.70858 0.0 0.85980856 0.0
c 314.8684 0.0 258.54491 0.0 0.86086246 0.0
c 314.75149 0.0 258.38123 0.0 0.86191636 0.0
c 314.63459 0.0 258.21755 0.0 0.86297026 0.0
c 314.51769 0.0 258.05387 0.0 0.86402416 0.0
c 314.40079 0.0 257.8902 0.0 0.86507806 0.0
c 314.28388 0.0 257.72652 0.0 0.86613197 0.0
c 314.16698 0.0 257.56284 0.0 0.86718587 0.0
c 314.05008 0.0 257.39917 0.0 0.86823977 0.0
c 313.93318 0.0 257.23549 0.0 0.86929367 0.0
c 313.81627 0.0 257.07181 0.0 0.87034757 0.0
c 313.69937 0.0 256.90814 0.0 0.87140148 0.0
c 313.58247 0.0 256.74446 0.0 0.87245538 0.0
c 313.46557 0.0 256.58078 0.0 0.87350928 0.0
c 313.34866 0.0 256.4171 0.0 0.87456318 0.0
c 313.23176 0.0 256.25343 0.0 0.87561708 0.0
c 313.11486 0.0 256.08975 0.0 0.87667098 0.0
c 312.99796 0.0 255.92607 0.0 0.87772489 0.0
c 312.88105 0.0 255.7624 0.0 0.87877879 0.0
c 312.76415 0.0 255.59872 0.0 0.87983269 0.0
c 312.64725 0.0 255.43504 0.0 0.88088659 0.0
c 312.53035 0.0 255.27137 0.0 0.88194049 0.0
c 312.41344 0.0 255.10769 0.0 0.88299439 0.0
c 312.29654 0.0 254.94401 0.0 0.8840483 0.0
c 312.17964 0.0 254.78033 0.0 0.8851022 0.0
c 312.06274 0.0 254.61666 0.0 0.8861561 0.0
c 311.94583 0.0 254.45298 0.0 0.88721 0.0
c 311.82893 0.0 254.2893 0.0 0.8882639 0.0
c 311.71203 0.0 254.12563 0.0 0.8893178 0.0
c 311.59513 0.0 253.96195 0.0 0.89037171 0.0
c 311.47822 0.0 253.79827 0.0 0.89142561 0.0
c 311.36132 0.0 253.6346 0.0 0.89247951 0.0
c 311.24442 0.0 253.47092 0.0 0.89353341 0.0
c 311.12752 0.0 253.30724 0.0 0.89458731 0.0
c 311.01061 0.0 253.14356 0.0 0.89564122 0.0
c 310.89371 0.0 252.97989 0.0 0.89669512 0.0
c 310.77681 0.0 252.81621 0.0 0.89774902 0.0
c 310.65991 0.0 252.65253 0.0 0.89880292 0.0
c 310.543 0.0 252.48886 0.0 0.89985682 0.0
c 310.4261 0.0 252.32518 0.0 0.90091072 0.0
c 310.3092 0.0 252.1615 0.0 0.90196463 0.0
c 310.1923 0.0 251.99783 0.0 0.90301853 0.0
c 310.07539 0.0 251.83415 0.0 0.90407243 0.0
c 309.95849 0.0 251.67047 0.0 0.90512633 0.0
c 309.84159 0.0 251.50679 0.0 0.90618023 0.0
c 309.72469 0.0 251.34312 0.0 0.90723413 0.0
c 309.60778 0.0 251.17944 0.0 0.90828804 0.0
c 309.49088 0.0 251.01576 0.0 0.90934194 0.0
c 309.37398 0.0 250.85209 0.0 0.91039584 0.0
c 309.25708 0.0 250.68841 0.0 0.91144974 0.0
c 309.14017 0.0 250.52473 0.0 0.91250364 0.0
c 309.02327 0.0 250.36106 0.0 0.91355755 0.0
c 308.90637 0.0 250.19738 0.0 0.91461145 0.0
c 308.78947 0.0 250.0337 0.0 0.91566535 0.0
c 308.67256 0.0 249.87002 0.0 0.91671925 0.0
c 308.55566 0.0 249.70635 0.0 0.91777315 0.0
c 308.43876 0.0 249.54267 0.0 0.91882705 0.0
c 308.32186 0.0 249.37899 0.0 0.91988096 0.0
c 308.20495 0.0 249.21532 0.0 0.92093486 0.0
c 308.08805 0.0 249.05164 0.0 0.92198876 0.0
c 307.97115 0.0 248.88796 0.0 0.92304266 0.0
c 307.85425 0.0 248.72429 0.0 0.92409656 0.0
c 307.73734 0.0 248.56061 0.0 0.92515046 0.0
c 307.62044 0.0 248.39693 0.0 0.92620437 0.0
c 307.50354 0.0 248.23325 0.0 0.92725827 0.0
c 307.38664 0.0 248.06958 0.0 0.92831217 0.0
c 307.26973 0.0 247.9059 0.0 0.92936607 0.0
c 307.15283 0.0 247.74222 0.0 0.93041997 0.0
c 307.03593 0.0 247.57855 0.0 0.93147387 0.0
c 306.91903 0.0 247.41487 0.0 0.93252778 0.0
c 306.80212 0.0 247.25119 0.0 0.93358168 0.0
c 306.68522 0.0 247.08752 0.0 0.93463558 0.0
c 306.56832 0.0 246.92384 0.0 0.93568948 0.0
c 306.45142 0.0 246.76016 0.0 0.93674338 0.0
c 306.33451 0.0 246.59648 0.0 0.93779729 0.0
c 306.21761 0.0 246.43281 0.0 0.93885119 0.0
c 306.10071 0.0 246.26913 0.0 0.93990509 0.0
c 305.98381 0.0 246.10545 0.0 0.94095899 0.0
c 305.8669 0.0 245.94178 0.0 0.94201289 0.0
c 305.75 0.0 245.7781 0.0 0.94306679 0.0
c 305.6331 0.0 245.61442 0.0 0.9441207 0.0
c 305.5162 0.0 245.45075 0.0 0.9451746 0.0
c 305.39929 0.0 245.28707 0.0 0.9462285 0.0
c 305.28239 0.0 245.12339 0.0 0.9472824 0.0
c 305.16549 0.0 244.95971 0.0 0.9483363 0.0
c 305.04859 0.0 244.79604 0.0 0.9493902 0.0
c 304.93168 0.0 244.63236 0.0 0.95044411 0.0
c 304.81478 0.0 244.46868 0.0 0.95149801 0.0
c 304.69788 0.0 244.30501 0.0 0.95255191 0.0
c 304.58098 0.0 244.14133 0.0 0.95360581 0.0
c 304.46407 0.0 243.97765 0.0 0.95465971 0.0
c 304.34717 0.0 243.81398 0.0 0.95571362 0.0
c 304.23027 0.0 243.6503 0.0 0.95676752 0.0
c 304.11337 0.0 243.48662 0.0 0.95782142 0.0
c 303.99646 0.0 243.32294 0.0 0.95887532 0.0
c 303.87956 0.0 243.15927 0.0 0.95992922 0.0
c 303.76266 0.0 242.99559 0.0 0.96098312 0.0
c 303.64576 0.0 242.83191 0.0 0.96203703 0.0
c 303.52885 0.0 242.66824 0.0 0.96309093 0.0
c 303.41195 0.0 242.50456 0.0 0.96414483 0.0
c 303.29505 0.0 242.34088 0.0 0.96519873 0.0
c 303.17815 0.0 242.17721 0.0 0.96625263 0.0
c 303.06124 0.0 242.01353 0.0 0.96730653 0.0
c 302.94434 0.0 241.84985 0.0 0.96836044 0.0
c 302.82744 0.0 241.68617 0.0 0.96941434 0.0
c 302.71054 0.0 241.5225 0.0 0.97046824 0.0
c 302.59363 0.0 241.35882 0.0 0.97152214 0.0
c 302.47673 0.0 241.19514 0.0 0.97257604 0.0
c 302.35983 0.0 241.03147 0.0 0.97362995 0.0
c 302.24293 0.0 240.86779 0.0 0.97468385 0.0
c 302.12602 0.0 240.70411 0.0 0.97573775 0.0
c 302.00912 0.0 240.54044 0.0 0.97679165 0.0
c 301.89222 0.0 240.37676 0.0 0.97784555 0.0
c 301.77532 0.0 240.21308 0.0 0.97889945 0.0
c 301.65841 0.0 240.0494 0.0 0.97995336 0.0
c 301.54151 0.0 239.88573 0.0 0.98100726 0.0
c 301.42461 0.0 239.72205 0.0 0.98206116 0.0
c 301.30771 0.0 239.55837 0.0 0.98311506 0.0
c 301.1908 0.0 239.3947 0.0 0.98416896 0.0
c 301.0739 0.0 239.23102 0.0 0.98522286 0.0
c 300.957 0.0 239.06734 0.0 0.98627677 0.0
c 300.8401 0.0 238.90367 0.0 0.98733067 0.0
c 300.72319 0.0 238.73999 0.0 0.98838457 0.0
c 300.60629 0.0 238.57631 0.0 0.98943847 0.0
c 300.48939 0.0 238.41263 0.0 0.99049237 0.0
c 300.37249 0.0 238.24896 0.0 0.99154627 0.0
c 300.25558 0.0 238.08528 0.0 0.99260018 0.0
c 300.13868 0.0 237.9216 0.0 0.99365408 0.0
c 300.02178 0.0 237.75793 0.0 0.99470798 0.0
c 299.90488 0.0 237.59425 0.0 0.99576188 0.0
c 299.78797 0.0 237.43057 0.0 0.99681578 0.0
c 299.67107 0.0 237.2669 0.0 0.99786969 0.0
c 299.55417 0.0 237.10322 0.0 0.99892359 0.0
c 299.43727 0.0 236.93954 0.0 0.99997749 0.0
c 299.32036 0.0 236.77586 0.0 1.00103139 0.0
c 299.20346 0.0 236.61219 0.0 1.00208529 0.0
c 299.08656 0.0 236.44851 0.0 1.00313919 0.0
c 298.96966 0.0 236.28483 0.0 1.0041931 0.0
c 298.85275 0.0 236.12116 0.0 1.005247 0.0
c 298.73585 0.0 235.95748 0.0 1.0063009 0.0
c 298.61895 0.0 235.7938 0.0 1.0073548 0.0
c 298.50205 0.0 235.63013 0.0 1.0084087 0.0
c 298.38514 0.0 235.46645 0.0 1.0094626 0.0
c 298.26824 0.0 235.30277 0.0 1.01051651 0.0
c 298.15134 0.0 235.13909 0.0 1.01157041 0.0
c 298.03444 0.0 234.97542 0.0 1.01262431 0.0
c 297.91753 0.0 234.81174 0.0 1.01367821 0.0
c 297.80063 0.0 234.64806 0.0 1.01473211 0.0
c 297.68373 0.0 234.48439 0.0 1.01578602 0.0
c 297.56683 0.0 234.32071 0.0 1.01683992 0.0
c 297.44993 0.0 234.15703 0.0 1.01789382 0.0
c 297.33302 0.0 233.99336 0.0 1.01894772 0.0
c 297.21612 0.0 233.82968 0.0 1.02000162 0.0
c 297.09922 0.0 233.666 0.0 1.02105552 0.0
c 296.98232 0.0 233.50232 0.0 1.02210943 0.0
c 296.86541 0.0 233.33865 0.0 1.02316333 0.0
c 296.74851 0.0 233.17497 0.0 1.02421723 0.0
c 296.63161 0.0 233.01129 0.0 1.02527113 0.0
c 296.51471 0.0 232.84762 0.0 1.02632503 0.0
c 296.3978 0.0 232.68394 0.0 1.02737893 0.0
c 296.2809 0.0 232.52026 0.0 1.02843284 0.0
c 296.164 0.0 232.35659 0.0 1.02948674 0.0
c 296.0471 0.0 232.19291 0.0 1.03054064 0.0
c 295.93019 0.0 232.02923 0.0 1.03159454 0.0
c 295.81329 0.0 231.86555 0.0 1.03264844 0.0
c 295.69639 0.0 231.70188 0.0 1.03370234 0.0
c 295.57949 0.0 231.5382 0.0 1.03475625 0.0
c 295.46258 0.0 231.37452 0.0 1.03581015 0.0
c 295.34568 0.0 231.21085 0.0 1.03686405 0.0
c 295.22878 0.0 231.04717 0.0 1.03791795 0.0
c 295.11188 0.0 230.88349 0.0 1.03897185 0.0
c 294.99497 0.0 230.71982 0.0 1.04002576 0.0
c 294.87807 0.0 230.55614 0.0 1.04107966 0.0
c 294.76117 0.0 230.39246 0.0 1.04213356 0.0
c 294.64427 0.0 230.22878 0.0 1.04318746 0.0
c 294.52736 0.0 230.06511 0.0 1.04424136 0.0
c 294.41046 0.0 229.90143 0.0 1.04529526 0.0
c 294.29356 0.0 229.73775 0.0 1.04634917 0.0
c 294.17666 0.0 229.57408 0.0 1.04740307 0.0
c 294.05975 0.0 229.4104 0.0 1.04845697 0.0
c 293.94285 0.0 229.24672 0.0 1.04951087 0.0
c 293.82595 0.0 229.08305 0.0 1.05056477 0.0
c 293.70905 0.0 228.91937 0.0 1.05161867 0.0
c 293.59214 0.0 228.75569 0.0 1.05267258 0.0
c 293.47524 0.0 228.59201 0.0 1.05372648 0.0
c 293.35834 0.0 228.42834 0.0 1.05478038 0.0
c 293.24144 0.0 228.26466 0.0 1.05583428 0.0
c 293.12453 0.0 228.10098 0.0 1.05688818 0.0
c 293.00763 0.0 227.93731 0.0 1.05794209 0.0
c 292.89073 0.0 227.77363 0.0 1.05899599 0.0
c 292.77383 0.0 227.60995 0.0 1.06004989 0.0
c 292.65692 0.0 227.44628 0.0 1.06110379 0.0
c 292.54002 0.0 227.2826 0.0 1.06215769 0.0
c 292.42312 0.0 227.11892 0.0 1.06321159 0.0
c 292.30622 0.0 226.95524 0.0 1.0642655 0.0
c 292.18931 0.0 226.79157 0.0 1.0653194 0.0
c 292.07241 0.0 226.62789 0.0 1.0663733 0.0
c 291.95551 0.0 226.46421 0.0 1.0674272 0.0
c 291.83861 0.0 226.30054 0.0 1.0684811 0.0
c 291.7217 0.0 226.13686 0.0 1.069535 0.0
c 291.6048 0.0 225.97318 0.0 1.07058891 0.0
c 291.4879 0.0 225.80951 0.0 1.07164281 0.0
c 291.371 0.0 225.64583 0.0 1.07269671 0.0
c 291.25409 0.0 225.48215 0.0 1.07375061 0.0
c 291.13719 0.0 225.31847 0.0 1.07480451 0.0
c 291.02029 0.0 225.1548 0.0 1.07585841 0.0
c 290.90339 0.0 224.99112 0.0 1.07691232 0.0
c 290.78648 0.0 224.82744 0.0 1.07796622 0.0
c 290.66958 0.0 224.66377 0.0 1.07902012 0.0
c 290.55268 0.0 224.50009 0.0 1.08007402 0.0
c 290.43578 0.0 224.33641 0.0 1.08112792 0.0
c 290.31887 0.0 224.17274 0.0 1.08218183 0.0
c 290.20197 0.0 224.00906 0.0 1.08323573 0.0
c 290.08507 0.0 223.84538 0.0 1.08428963 0.0
c 289.96817 0.0 223.6817 0.0 1.08534353 0.0
c 289.85126 0.0 223.51803 0.0 1.08639743 0.0
c 289.73436 0.0 223.35435 0.0 1.08745133 0.0
c 289.61746 0.0 223.19067 0.0 1.08850524 0.0
c 289.50056 0.0 223.027 0.0 1.08955914 0.0
c 289.38365 0.0 222.86332 0.0 1.09061304 0.0
c 289.26675 0.0 222.69964 0.0 1.09166694 0.0
c 289.14985 0.0 222.53597 0.0 1.09272084 0.0
c 289.03295 0.0 222.37229 0.0 1.09377474 0.0
c 288.91604 0.0 222.20861 0.0 1.09482865 0.0
c 288.79914 0.0 222.04493 0.0 1.09588255 0.0
c 288.68224 0.0 221.88126 0.0 1.09693645 0.0
