c 326.0 0.0 334.0 3.79376345 0.0560996 0.0
c 326.0 0.0 334.0 3.79576508 0.0560996 0.0
c 326.0 0.0 334.0 3.79776672 0.0560996 0.0
c 326.0 0.0 334.0 3.79976835 0.0560996 0.0
c 326.0 0.0 334.0 3.80176998 0.0560996 0.0
c 326.0 0.0 334.0 3.80377162 0.0560996 0.0
c 326.0 0.0 334.0 3.80577325 0.0560996 0.0
c 326.0 0.0 334.0 3.80777488 0.0560996 0.0
c 326.0 0.0 334.0 3.80977652 0.0560996 0.0
c 326.0 0.0 334.0 3.81177815 0.0560996 0.0
c 326.0 0.0 334.0 3.81377978 0.0560996 0.0
c 326.0 0.0 334.0 3.81578142 0.0560996 0.0
c 326.0 0.0 334.0 3.81778305 0.0560996 0.0
c 326.0 0.0 334.0 3.81978468 0.0560996 0.0
c 326.0 0.0 334.0 3.82178632 0.0560996 0.0
c 326.0 0.0 334.0 3.82378795 0.0560996 0.0
c 326.0 0.0 334.0 3.82578959 0.0560996 0.0
c 326.0 0.0 334.0 3.82779122 0.0560996 0.0
c 326.0 0.0 334.0 3.82979285 0.0560996 0.0
c 326.0 0.0 334.0 3.83179449 0.0560996 0.0
c 326.0 0.0 334.0 3.83379612 0.0560996 0.0
c 326.0 0.0 334.0 3.83579775 0.0560996 0.0
c 326.0 0.0 334.0 3.83779939 0.0560996 0.0
c 326.0 0.0 334.0 3.83980102 0.0560996 0.0
c 326.0 0.0 334.0 3.84180265 0.0560996 0.0
c 326.0 0.0 334.0 3.84380429 0.0560996 0.0
c 326.0 0.0 334.0 3.84580592 0.0560996 0.0
c 326.0 0.0 334.0 3.84780755 0.0560996 0.0
c 326.0 0.0 334.0 3.84980919 0.0560996 0.0
c 326.0 0.0 334.0 3.85181082 0.0560996 0.0
c 326.0 0.0 334.0 3.85381245 0.0560996 0.0
c 326.0 0.0 334.0 3.85581409 0.0560996 0.0
c 326.0 0.0 334.0 3.85781572 0.0560996 0.0
c 326.0 0.0 334.0 3.85981735 0.0560996 0.0
c 326.0 0.0 334.0 3.86181899 0.0560996 0.0
c 326.0 0.0 334.0 3.86382062 0.0560996 0.0
c 326.0 0.0 334.0 3.86582225 0.0560996 0.0
c 326.0 0.0 334.0 3.86782389 0.0560996 0.0
c 326.0 0.0 334.0 3.86982552 0.0560996 0.0
c 326.0 0.0 334.0 3.87182715 0.0560996 0.0
c 326.0 0.0 334.0 3.87382879 0.0560996 0.0
c 326.0 0.0 334.0 3.87583042 0.0560996 0.0
c 326.0 0.0 334.0 3.87783205 0.0560996 0.0
c 326.0 0.0 334.0 3.87983369 0.0560996 0.0
c 326.0 0.0 334.0 3.88183532 0.0560996 0.0
c 326.0 0.0 334.0 3.88383695 0.0560996 0.0
c 326.0 0.0 334.0 3.88583859 0.0560996 0.0
c 326.0 0.0 334.0 3.88784022 0.0560996 0.0
c 326.0 0.0 334.0 3.88984186 0.0560996 0.0
c 326.0 0.0 334.0 3.89184349 0.0560996 0.0
c 326.0 0.0 334.0 3.89384512 0.0560996 0.0
c 326.0 0.0 334.0 3.89584676 0.0560996 0.0
c 326.0 0.0 334.0 3.89784839 0.0560996 0.0
c 326.0 0.0 334.0 3.89985002 0.0560996 0.0
c 326.0 0.0 334.0 3.90185166 0.0560996 0.0
c 326.0 0.0 334.0 3.90385329 0.0560996 0.0
c 326.0 0.0 334.0 3.90585492 0.0560996 0.0
c 326.0 0.0 334.0 3.90785656 0.0560996 0.0
c 326.0 0.0 334.0 3.90985819 0.0560996 0.0
c 326.0 0.0 334.0 3.91185982 0.0560996 0.0
c 326.0 0.0 334.0 3.91386146 0.0560996 0.0
c 326.0 0.0 334.0 3.91586309 0.0560996 0.0
c 326.0 0.0 334.0 3.91786472 0.0560996 0.0
c 326.0 0.0 334.0 3.91986636 0.0560996 0.0
c 326.0 0.0 334.0 3.92186799 0.0560996 0.0
c 326.0 0.0 334.0 3.92386962 0.0560996 0.0
c 326.0 0.0 334.0 3.92587126 0.0560996 0.0
c 326.0 0.0 334.0 3.92787289 0.0560996 0.0
c 326.0 0.0 334.0 3.92987452 0.0560996 0.0
c 326.0 0.0 334.0 3.93187616 0.0560996 0.0
c 326.0 0.0 334.0 3.93387779 0.0560996 0.0
c 326.0 0.0 334.0 3.93587942 0.0560996 0.0
c 326.0 0.0 334.0 3.93788106 0.0560996 0.0
c 326.0 0.0 334.0 3.93988269 0.0560996 0.0
c 326.0 0.0 334.0 3.94188432 0.0560996 0.0
c 326.0 0.0 334.0 3.94388596 0.0560996 0.0
c 326.0 0.0 334.0 3.94588759 0.0560996 0.0
c 326.0 0.0 334.0 3.94788922 0.0560996 0.0
c 326.0 0.0 334.0 3.94989086 0.0560996 0.0
c 326.0 0.0 334.0 3.95189249 0.0560996 0.0
c 326.0 0.0 334.0 3.95389413 0.0560996 0.0
c 326.0 0.0 334.0 3.95589576 0.0560996 0.0
c 326.0 0.0 334.0 3.95789739 0.0560996 0.0
c 326.0 0.0 334.0 3.95989903 0.0560996 0.0
c 326.0 0.0 334.0 3.96190066 0.0560996 0.0
c 326.0 0.0 334.0 3.96390229 0.0560996 0.0
c 326.0 0.0 334.0 3.96590393 0.0560996 0.0
c 326.0 0.0 334.0 3.96790556 0.0560996 0.0
c 326.0 0.0 334.0 3.96990719 0.0560996 0.0
c 326.0 0.0 334.0 3.97190883 0.0560996 0.0
c 326.0 0.0 334.0 3.97391046 0.0560996 0.0
c 326.0 0.0 334.0 3.97591209 0.0560996 0.0
c 326.0 0.0 334.0 3.97791373 0.0560996 0.0
c 326.0 0.0 334.0 3.97991536 0.0560996 0.0
c 326.0 0.0 334.0 3.98191699 0.0560996 0.0
c 326.0 0.0 334.0 3.98391863 0.0560996 0.0
c 326.0 0.0 334.0 3.98592026 0.0560996 0.0
c 326.0 0.0 334.0 3.98792189 0.0560996 0.0
c 326.0 0.0 334.0 3.98992353 0.0560996 0.0
c 326.0 0.0 334.0 3.99192516 0.0560996 0.0
c 326.0 0.0 334.0 3.99392679 0.0560996 0.0
c 326.0 0.0 334.0 3.99592843 0.0560996 0.0
c 326.0 0.0 334.0 3.99793006 0.0560996 0.0
c 326.0 0.0 334.0 3.99993169 0.0560996 0.0
c 326.0 0.0 334.0 4.00193333 0.0560996 0.0
c 326.0 0.0 334.0 4.00393496 0.0560996 0.0
c 326.0 0.0 334.0 4.00593659 0.0560996 0.0
c 326.0 0.0 334.0 4.00793823 0.0560996 0.0
c 326.0 0.0 334.0 4.00993986 0.0560996 0.0
c 326.0 0.0 334.0 4.0119415 0.0560996 0.0
c 326.0 0.0 334.0 4.01394313 0.0560996 0.0
c 326.0 0.0 334.0 4.01594476 0.0560996 0.0
c 326.0 0.0 334.0 4.0179464 0.0560996 0.0
c 326.0 0.0 334.0 4.01994803 0.0560996 0.0
c 326.0 0.0 334.0 4.02194966 0.0560996 0.0
c 326.0 0.0 334.0 4.0239513 0.0560996 0.0
c 326.0 0.0 334.0 4.02595293 0.0560996 0.0
c 326.0 0.0 334.0 4.02795456 0.0560996 0.0
c 326.0 0.0 334.0 4.0299562 0.0560996 0.0
c 326.0 0.0 334.0 4.03195783 0.0560996 0.0
c 326.0 0.0 334.0 4.03395946 0.0560996 0.0
c 326.0 0.0 334.0 4.0359611 0.0560996 0.0
c 326.0 0.0 334.0 4.03796273 0.0560996 0.0
c 326.0 0.0 334.0 4.03996436 0.0560996 0.0
c 326.0 0.0 334.0 4.041966 0.0560996 0.0
c 326.0 0.0 334.0 4.04396763 0.0560996 0.0
c 326.0 0.0 334.0 4.04596926 0.0560996 0.0
c 326.0 0.0 334.0 4.0479709 0.0560996 0.0
c 326.0 0.0 334.0 4.04997253 0.0560996 0.0
c 326.0 0.0 334.0 4.05197416 0.0560996 0.0
c 326.0 0.0 334.0 4.0539758 0.0560996 0.0
c 326.0 0.0 334.0 4.05597743 0.0560996 0.0
c 326.0 0.0 334.0 4.05797906 0.0560996 0.0
c 326.0 0.0 334.0 4.0599807 0.0560996 0.0
c 326.0 0.0 334.0 4.06198233 0.0560996 0.0
c 326.0 0.0 334.0 4.06398396 0.0560996 0.0
c 326.0 0.0 334.0 4.0659856 0.0560996 0.0
c 326.0 0.0 334.0 4.06798723 0.0560996 0.0
c 326.0 0.0 334.0 4.06998886 0.0560996 0.0
c 326.0 0.0 334.0 4.0719905 0.0560996 0.0
c 326.0 0.0 334.0 4.07399213 0.0560996 0.0
c 326.0 0.0 334.0 4.07599377 0.0560996 0.0
c 326.0 0.0 334.0 4.0779954 0.0560996 0.0
c 326.0 0.0 334.0 4.07999703 0.0560996 0.0
c 326.0 0.0 334.0 4.08199867 0.0560996 0.0
c 326.0 0.0 334.0 4.0840003 0.0560996 0.0
c 326.0 0.0 334.0 4.08600193 0.0560996 0.0
c 326.0 0.0 334.0 4.08800357 0.0560996 0.0
c 326.0 0.0 334.0 4.0900052 0.0560996 0.0
c 326.0 0.0 334.0 4.09200683 0.0560996 0.0
c 326.0 0.0 334.0 4.09400847 0.0560996 0.0
c 326.0 0.0 334.0 4.0960101 0.0560996 0.0
c 326.0 0.0 334.0 4.09801173 0.0560996 0.0
c 326.0 0.0 334.0 4.10001337 0.0560996 0.0
c 326.0 0.0 334.0 4.102015 0.0560996 0.0
c 326.0 0.0 334.0 4.10401663 0.0560996 0.0
c 326.0 0.0 334.0 4.10601827 0.0560996 0.0
c 326.0 0.0 334.0 4.1080199 0.0560996 0.0
c 326.0 0.0 334.0 4.11002153 0.0560996 0.0
c 326.0 0.0 334.0 4.11202317 0.0560996 0.0
c 326.0 0.0 334.0 4.1140248 0.0560996 0.0
c 326.0 0.0 334.0 4.11602643 0.0560996 0.0
c 326.0 0.0 334.0 4.11802807 0.0560996 0.0
c 326.0 0.0 334.0 4.1200297 0.0560996 0.0
c 326.0 0.0 334.0 4.12203133 0.0560996 0.0
c 326.0 0.0 334.0 4.12403297 0.0560996 0.0
c 326.0 0.0 334.0 4.1260346 0.0560996 0.0
c 326.0 0.0 334.0 4.12803623 0.0560996 0.0
c 326.0 0.0 334.0 4.13003787 0.0560996 0.0
c 326.0 0.0 334.0 4.1320395 0.0560996 0.0
c 326.0 0.0 334.0 4.13404113 0.0560996 0.0
c 326.0 0.0 334.0 4.13604277 0.0560996 0.0
c 326.0 0.0 334.0 4.1380444 0.0560996 0.0
c 326.0 0.0 334.0 4.14004604 0.0560996 0.0
c 326.0 0.0 334.0 4.14204767 0.0560996 0.0
c 326.0 0.0 334.0 4.1440493 0.0560996 0.0
c 326.0 0.0 334.0 4.14605094 0.0560996 0.0
c 326.0 0.0 334.0 4.14805257 0.0560996 0.0
c 326.0 0.0 334.0 4.1500542 0.0560996 0.0
c 326.0 0.0 334.0 4.15205584 0.0560996 0.0
c 326.0 0.0 334.0 4.15405747 0.0560996 0.0
c 326.0 0.0 334.0 4.1560591 0.0560996 0.0
c 326.0 0.0 334.0 4.15806074 0.0560996 0.0
c 326.0 0.0 334.0 4.16006237 0.0560996 0.0
c 326.0 0.0 334.0 4.162064 0.0560996 0.0
c 326.0 0.0 334.0 4.16406564 0.0560996 0.0
c 326.0 0.0 334.0 4.16606727 0.0560996 0.0
c 326.0 0.0 334.0 4.1680689 0.0560996 0.0
c 326.0 0.0 334.0 4.17007054 0.0560996 0.0
c 326.0 0.0 334.0 4.17207217 0.0560996 0.0
c 326.0 0.0 334.0 4.1740738 0.0560996 0.0
c 326.0 0.0 334.0 4.17607544 0.0560996 0.0
c 326.0 0.0 334.0 4.17807707 0.0560996 0.0
c 326.0 0.0 334.0 4.1800787 0.0560996 0.0
c 326.0 0.0 334.0 4.18208034 0.0560996 0.0
c 326.0 0.0 334.0 4.18408197 0.0560996 0.0
c 326.0 0.0 334.0 4.1860836 0.0560996 0.0
c 326.0 0.0 334.0 4.18808524 0.0560996 0.0
c 326.0 0.0 334.0 4.19008687 0.0560996 0.0
c 326.0 0.0 334.0 4.1920885 0.0560996 0.0
c 326.0 0.0 334.0 4.19409014 0.0560996 0.0
c 326.0 0.0 334.0 4.19609177 0.0560996 0.0
c 326.0 0.0 334.0 4.19809341 0.0560996 0.0
c 326.0 0.0 334.0 4.20009504 0.0560996 0.0
c 326.0 0.0 334.0 4.20209667 0.0560996 0.0
c 326.0 0.0 334.0 4.20409831 0.0560996 0.0
c 326.0 0.0 334.0 4.20609994 0.0560996 0.0
c 326.0 0.0 334.0 4.20810157 0.0560996 0.0
c 326.0 0.0 334.0 4.21010321 0.0560996 0.0
c 326.0 0.0 334.0 4.21210484 0.0560996 0.0
c 326.0 0.0 334.0 4.21410647 0.0560996 0.0
c 326.0 0.0 334.0 4.21610811 0.0560996 0.0
c 326.0 0.0 334.0 4.21810974 0.0560996 0.0
c 326.0 0.0 334.0 4.22011137 0.0560996 0.0
c 326.0 0.0 334.0 4.22211301 0.0560996 0.0
c 326.0 0.0 334.0 4.22411464 0.0560996 0.0
c 326.0 0.0 334.0 4.22611627 0.0560996 0.0
c 326.0 0.0 334.0 4.22811791 0.0560996 0.0
c 326.0 0.0 334.0 4.23011954 0.0560996 0.0
c 326.0 0.0 334.0 4.23212117 0.0560996 0.0
c 326.0 0.0 334.0 4.23412281 0.0560996 0.0
c 326.0 0.0 334.0 4.23612444 0.0560996 0.0
c 326.0 0.0 334.0 4.23812607 0.0560996 0.0
c 326.0 0.0 334.0 4.24012771 0.0560996 0.0
c 326.0 0.0 334.0 4.24212934 0.0560996 0.0
c 326.0 0.0 334.0 4.24413097 0.0560996 0.0
c 326.0 0.0 334.0 4.24613261 0.0560996 0.0
c 326.0 0.0 334.0 4.24813424 0.0560996 0.0
c 326.0 0.0 334.0 4.25013587 0.0560996 0.0
c 326.0 0.0 334.0 4.25213751 0.0560996 0.0
c 326.0 0.0 334.0 4.25413914 0.0560996 0.0
c 326.0 0.0 334.0 4.25614077 0.0560996 0.0
c 326.0 0.0 334.0 4.25814241 0.0560996 0.0
c 326.0 0.0 334.0 4.26014404 0.0560996 0.0
c 326.0 0.0 334.0 4.26214568 0.0560996 0.0
c 326.0 0.0 334.0 4.26414731 0.0560996 0.0
c 326.0 0.0 334.0 4.26614894 0.0560996 0.0
c 326.0 0.0 334.0 4.26815058 0.0560996 0.0
c 326.0 0.0 334.0 4.27015221 0.0560996 0.0
c 326.0 0.0 334.0 4.27215384 0.0560996 0.0
c 326.0 0.0 334.0 4.27415548 0.0560996 0.0
c 326.0 0.0 334.0 4.27615711 0.0560996 0.0
c 326.0 0.0 334.0 4.27815874 0.0560996 0.0
c 326.0 0.0 334.0 4.28016038 0.0560996 0.0
c 326.0 0.0 334.0 4.28216201 0.0560996 0.0
c 326.0 0.0 334.0 4.28416364 0.0560996 0.0
c 326.0 0.0 334.0 4.28616528 0.0560996 0.0
c 326.0 0.0 334.0 4.28816691 0.0560996 0.0
c 326.0 0.0 334.0 4.29016854 0.0560996 0.0
c 326.0 0.0 334.0 4.29217018 0.0560996 0.0
c 326.0 0.0 334.0 4.29417181 0.0560996 0.0
c 326.0 0.0 334.0 4.29617344 0.0560996 0.0
c 326.0 0.0 334.0 4.29817508 0.0560996 0.0
c 326.0 0.0 334.0 4.30017671 0.0560996 0.0
c 326.0 0.0 334.0 4.30217834 0.0560996 0.0
c 326.0 0.0 334.0 4.30417998 0.0560996 0.0
c 326.0 0.0 334.0 4.30618161 0.0560996 0.0
c 326.0 0.0 334.0 4.30818324 0.0560996 0.0
c 326.0 0.0 334.0 4.31018488 0.0560996 0.0
c 326.0 0.0 334.0 4.31218651 0.0560996 0.0
c 326.0 0.0 334.0 4.31418814 0.0560996 0.0
c 326.0 0.0 334.0 4.31618978 0.0560996 0.0
c 326.0 0.0 334.0 4.31819141 0.0560996 0.0
c 326.0 0.0 334.0 4.32019304 0.0560996 0.0
c 326.0 0.0 334.0 4.32219468 0.0560996 0.0
c 326.0 0.0 334.0 4.32419631 0.0560996 0.0
c 326.0 0.0 334.0 4.32619795 0.0560996 0.0
c 326.0 0.0 334.0 4.32819958 0.0560996 0.0
c 326.0 0.0 334.0 4.33020121 0.0560996 0.0
c 326.0 0.0 334.0 4.33220285 0.0560996 0.0
c 326.0 0.0 334.0 4.33420448 0.0560996 0.0
c 326.0 0.0 334.0 4.33620611 0.0560996 0.0
c 326.0 0.0 334.0 4.33820775 0.0560996 0.0
c 326.0 0.0 334.0 4.34020938 0.0560996 0.0
c 326.0 0.0 334.0 4.34221101 0.0560996 0.0
c 326.0 0.0 334.0 4.34421265 0.0560996 0.0
c 326.0 0.0 334.0 4.34621428 0.0560996 0.0
c 326.0 0.0 334.0 4.34821591 0.0560996 0.0
c 326.0 0.0 334.0 4.35021755 0.0560996 0.0
c 326.0 0.0 334.0 4.35221918 0.0560996 0.0
c 326.0 0.0 334.0 4.35422081 0.0560996 0.0
c 326.0 0.0 334.0 4.35622245 0.0560996 0.0
c 326.0 0.0 334.0 4.35822408 0.0560996 0.0
c 326.0 0.0 334.0 4.36022571 0.0560996 0.0
c 326.0 0.0 334.0 4.36222735 0.0560996 0.0
c 326.0 0.0 334.0 4.36422898 0.0560996 0.0
c 326.0 0.0 334.0 4.36623061 0.0560996 0.0
c 326.0 0.0 334.0 4.36823225 0.0560996 0.0
c 326.0 0.0 334.0 4.37023388 0.0560996 0.0
c 326.0 0.0 334.0 4.37223551 0.0560996 0.0
c 326.0 0.0 334.0 4.37423715 0.0560996 0.0
c 326.0 0.0 334.0 4.37623878 0.0560996 0.0
c 326.0 0.0 334.0 4.37824041 0.0560996 0.0
c 326.0 0.0 334.0 4.38024205 0.0560996 0.0
c 326.0 0.0 334.0 4.38224368 0.0560996 0.0
c 326.0 0.0 334.0 4.38424532 0.0560996 0.0
c 326.0 0.0 334.0 4.38624695 0.0560996 0.0
c 326.0 0.0 334.0 4.38824858 0.0560996 0.0
c 326.0 0.0 334.0 4.39025022 0.0560996 0.0
c 326.0 0.0 334.0 4.39225185 0.0560996 0.0
c 326.0 0.0 334.0 4.39425348 0.0560996 0.0
c 326.0 0.0 334.0 4.39625512 0.0560996 0.0
c 326.0 0.0 334.0 4.39825675 0.0560996 0.0
c 326.0 0.0 334.0 4.40025838 0.0560996 0.0
c 326.0 0.0 334.0 4.40226002 0.0560996 0.0
c 326.0 0.0 334.0 4.40426165 0.0560996 0.0
c 326.0 0.0 334.0 4.40626328 0.0560996 0.0
c 326.0 0.0 334.0 4.40826492 0.0560996 0.0
c 326.0 0.0 334.0 4.41026655 0.0560996 0.0
c 326.0 0.0 334.0 4.41226818 0.0560996 0.0
c 326.0 0.0 334.0 4.41426982 0.0560996 0.0
c 326.0 0.0 334.0 4.41627145 0.0560996 0.0
c 326.0 0.0 334.0 4.41827308 0.0560996 0.0
c 326.0 0.0 334.0 4.42027472 0.0560996 0.0
c 326.0 0.0 334.0 4.42227635 0.0560996 0.0
c 326.0 0.0 334.0 4.42427798 0.0560996 0.0
c 326.0 0.0 334.0 4.42627962 0.0560996 0.0
c 326.0 0.0 334.0 4.42828125 0.0560996 0.0
c 326.0 0.0 334.0 4.43028288 0.0560996 0.0
c 326.0 0.0 334.0 4.43228452 0.0560996 0.0
c 326.0 0.0 334.0 4.43428615 0.0560996 0.0
c 326.0 0.0 334.0 4.43628778 0.0560996 0.0
c 326.0 0.0 334.0 4.43828942 0.0560996 0.0
c 326.0 0.0 334.0 4.44029105 0.0560996 0.0
c 326.0 0.0 334.0 4.44229268 0.0560996 0.0
c 326.0 0.0 334.0 4.44429432 0.0560996 0.0
c 326.0 0.0 334.0 4.44629595 0.0560996 0.0
c 326.0 0.0 334.0 4.44829759 0.0560996 0.0
c 326.0 0.0 334.0 4.45029922 0.0560996 0.0
c 326.0 0.0 334.0 4.45230085 0.0560996 0.0
c 326.0 0.0 334.0 4.45430249 0.0560996 0.0
c 326.0 0.0 334.0 4.45630412 0.0560996 0.0
c 326.0 0.0 334.0 4.45830575 0.0560996 0.0
c 326.0 0.0 334.0 4.46030739 0.0560996 0.0
c 326.0 0.0 334.0 4.46230902 0.0560996 0.0
c 326.0 0.0 334.0 4.46431065 0.0560996 0.0
c 326.0 0.0 334.0 4.46631229 0.0560996 0.0
c 326.0 0.0 334.0 4.46831392 0.0560996 0.0
c 326.0 0.0 334.0 4.47031555 0.0560996 0.0
c 326.0 0.0 334.0 4.47231719 0.0560996 0.0
c 326.0 0.0 334.0 4.47431882 0.0560996 0.0
c 326.0 0.0 334.0 4.47632045 0.0560996 0.0
c 326.0 0.0 334.0 4.47832209 0.0560996 0.0
c 326.0 0.0 334.0 4.48032372 0.0560996 0.0
c 326.0 0.0 334.0 4.48232535 0.0560996 0.0
c 326.0 0.0 334.0 4.48432699 0.0560996 0.0
c 326.0 0.0 334.0 4.48632862 0.0560996 0.0
c 326.0 0.0 334.0 4.48833025 0.0560996 0.0
c 326.0 0.0 334.0 4.49033189 0.0560996 0.0
c 326.0 0.0 334.0 4.49233352 0.0560996 0.0
c 326.0 0.0 334.0 4.49433515 0.0560996 0.0
c 326.0 0.0 334.0 4.49633679 0.0560996 0.0
c 326.0 0.0 334.0 4.49833842 0.0560996 0.0
c 326.0 0.0 334.0 4.50034005 0.0560996 0.0
c 326.0 0.0 334.0 4.50234169 0.0560996 0.0
c 326.0 0.0 334.0 4.50434332 0.0560996 0.0
c 326.0 0.0 334.0 4.50634495 0.0560996 0.0
c 326.0 0.0 334.0 4.50834659 0.0560996 0.0
c 326.0 0.0 334.0 4.51034822 0.0560996 0.0
c 326.0 0.0 334.0 4.51234986 0.0560996 0.0
c 326.0 0.0 334.0 4.51435149 0.0560996 0.0
c 326.0 0.0 334.0 4.51635312 0.0560996 0.0
c 326.0 0.0 334.0 4.51835476 0.0560996 0.0
c 326.0 0.0 334.0 4.52035639 0.0560996 0.0
c 326.0 0.0 334.0 4.52235802 0.0560996 0.0
c 326.0 0.0 334.0 4.52435966 0.0560996 0.0
c 326.0 0.0 334.0 4.52636129 0.0560996 0.0
c 326.0 0.0 334.0 4.52836292 0.0560996 0.0
c 326.0 0.0 334.0 4.53036456 0.0560996 0.0
c 326.0 0.0 334.0 4.53236619 0.0560996 0.0
c 326.0 0.0 334.0 4.53436782 0.0560996 0.0
c 326.0 0.0 334.0 4.53636946 0.0560996 0.0
c 326.0 0.0 334.0 4.53837109 0.0560996 0.0
c 326.0 0.0 334.0 4.54037272 0.0560996 0.0
c 326.0 0.0 334.0 4.54237436 0.0560996 0.0
c 326.0 0.0 334.0 4.54437599 0.0560996 0.0
c 326.0 0.0 334.0 4.54637762 0.0560996 0.0
c 326.0 0.0 334.0 4.54837926 0.0560996 0.0
c 326.0 0.0 334.0 4.55038089 0.0560996 0.0
c 326.0 0.0 334.0 4.55238252 0.0560996 0.0
c 326.0 0.0 334.0 4.55438416 0.0560996 0.0
c 326.0 0.0 334.0 4.55638579 0.0560996 0.0
c 326.0 0.0 334.0 4.55838742 0.0560996 0.0
c 326.0 0.0 334.0 4.56038906 0.0560996 0.0
c 326.0 0.0 334.0 4.56239069 0.0560996 0.0
c 326.0 0.0 334.0 4.56439232 0.0560996 0.0
c 326.0 0.0 334.0 4.56639396 0.0560996 0.0
c 326.0 0.0 334.0 4.56839559 0.0560996 0.0
c 326.0 0.0 334.0 4.57039723 0.0560996 0.0
c 326.0 0.0 334.0 4.57239886 0.0560996 0.0
c 326.0 0.0 334.0 4.57440049 0.0560996 0.0
c 326.0 0.0 334.0 4.57640213 0.0560996 0.0
c 326.0 0.0 334.0 4.57840376 0.0560996 0.0
c 326.0 0.0 334.0 4.58040539 0.0560996 0.0
c 326.0 0.0 334.0 4.58240703 0.0560996 0.0
c 326.0 0.0 334.0 4.58440866 0.0560996 0.0
c 326.0 0.0 334.0 4.58641029 0.0560996 0.0
c 326.0 0.0 334.0 4.58841193 0.0560996 0.0
c 326.0 0.0 334.0 4.59041356 0.0560996 0.0
c 326.0 0.0 334.0 4.59241519 0.0560996 0.0
c 326.0 0.0 334.0 4.59441683 0.0560996 0.0
c 326.0 0.0 334.0 4.59641846 0.0560996 0.0
c 326.0 0.0 334.0 4.59842009 0.0560996 0.0
c 326.0 0.0 334.0 4.60042173 0.0560996 0.0
c 326.0 0.0 334.0 4.60242336 0.0560996 0.0
c 326.0 0.0 334.0 4.60442499 0.0560996 0.0
c 326.0 0.0 334.0 4.60642663 0.0560996 0.0
c 326.0 0.0 334.0 4.60842826 0.0560996 0.0
c 326.0 0.0 334.0 4.61042989 0.0560996 0.0
c 326.0 0.0 334.0 4.61243153 0.0560996 0.0
c 326.0 0.0 334.0 4.61443316 0.0560996 0.0
c 326.0 0.0 334.0 4.61643479 0.0560996 0.0
c 326.0 0.0 334.0 4.61843643 0.0560996 0.0
c 326.0 0.0 334.0 4.62043806 0.0560996 0.0
c 326.0 0.0 334.0 4.62243969 0.0560996 0.0
c 326.0 0.0 334.0 4.62444133 0.0560996 0.0
c 326.0 0.0 334.0 4.62644296 0.0560996 0.0
c 326.0 0.0 334.0 4.62844459 0.0560996 0.0
c 326.0 0.0 334.0 4.63044623 0.0560996 0.0
c 326.0 0.0 334.0 4.63244786 0.0560996 0.0
c 326.0 0.0 334.0 4.6344495 0.0560996 0.0
c 326.0 0.0 334.0 4.63645113 0.0560996 0.0
c 326.0 0.0 334.0 4.63845276 0.0560996 0.0
c 326.0 0.0 334.0 4.6404544 0.0560996 0.0
c 326.0 0.0 334.0 4.64245603 0.0560996 0.0
c 326.0 0.0 334.0 4.64445766 0.0560996 0.0
c 326.0 0.0 334.0 4.6464593 0.0560996 0.0
c 326.0 0.0 334.0 4.64846093 0.0560996 0.0
c 326.0 0.0 334.0 4.65046256 0.0560996 0.0
c 326.0 0.0 334.0 4.6524642 0.0560996 0.0
c 326.0 0.0 334.0 4.65446583 0.0560996 0.0
c 326.0 0.0 334.0 4.65646746 0.0560996 0.0
c 326.0 0.0 334.0 4.6584691 0.0560996 0.0
c 326.0 0.0 334.0 4.66047073 0.0560996 0.0
c 326.0 0.0 334.0 4.66247236 0.0560996 0.0
c 326.0 0.0 334.0 4.664474 0.0560996 0.0
c 326.0 0.0 334.0 4.66647563 0.0560996 0.0
c 326.0 0.0 334.0 4.66847726 0.0560996 0.0
c 326.0 0.0 334.0 4.6704789 0.0560996 0.0
c 326.0 0.0 334.0 4.67248053 0.0560996 0.0
c 326.0 0.0 334.0 4.67448216 0.0560996 0.0
c 326.0 0.0 334.0 4.6764838 0.0560996 0.0
c 326.0 0.0 334.0 4.67848543 0.0560996 0.0
c 326.0 0.0 334.0 4.68048706 0.0560996 0.0
c 326.0 0.0 334.0 4.6824887 0.0560996 0.0
c 326.0 0.0 334.0 4.68449033 0.0560996 0.0
c 326.0 0.0 334.0 4.68649196 0.0560996 0.0
c 326.0 0.0 334.0 4.6884936 0.0560996 0.0
c 326.0 0.0 334.0 4.69049523 0.0560996 0.0
c 326.0 0.0 334.0 4.69249686 0.0560996 0.0
c 326.0 0.0 334.0 4.6944985 0.0560996 0.0
c 326.0 0.0 334.0 4.69650013 0.0560996 0.0
c 326.0 0.0 334.0 4.69850177 0.0560996 0.0
c 326.0 0.0 334.0 4.7005034 0.0560996 0.0
c 326.0 0.0 334.0 4.70250503 0.0560996 0.0
c 326.0 0.0 334.0 4.70450667 0.0560996 0.0
c 326.0 0.0 334.0 4.7065083 0.0560996 0.0
c 326.0 0.0 334.0 4.70850993 0.0560996 0.0
c 326.0 0.0 334.0 4.71051157 0.0560996 0.0
c 326.0 0.0 334.0 4.7125132 0.0560996 0.0
c 326.0 0.0 334.0 4.71451483 0.0560996 0.0
c 326.0 0.0 334.0 4.71651647 0.0560996 0.0
c 326.0 0.0 334.0 4.7185181 0.0560996 0.0
c 326.0 0.0 334.0 4.72051973 0.0560996 0.0
c 326.0 0.0 334.0 4.72252137 0.0560996 0.0
c 326.0 0.0 334.0 4.724523 0.0560996 0.0
c 326.0 0.0 334.0 4.72652463 0.0560996 0.0
c 326.0 0.0 334.0 4.72852627 0.0560996 0.0
c 326.0 0.0 334.0 4.7305279 0.0560996 0.0
c 326.0 0.0 334.0 4.73252953 0.0560996 0.0
c 326.0 0.0 334.0 4.73453117 0.0560996 0.0
c 326.0 0.0 334.0 4.7365328 0.0560996 0.0
c 326.0 0.0 334.0 4.73853443 0.0560996 0.0
c 326.0 0.0 334.0 4.74053607 0.0560996 0.0
c 326.0 0.0 334.0 4.7425377 0.0560996 0.0
c 326.0 0.0 334.0 4.74453933 0.0560996 0.0
c 326.0 0.0 334.0 4.74654097 0.0560996 0.0
c 326.0 0.0 334.0 4.7485426 0.0560996 0.0
c 326.0 0.0 334.0 4.75054423 0.0560996 0.0
c 326.0 0.0 334.0 4.75254587 0.0560996 0.0
c 326.0 0.0 334.0 4.7545475 0.0560996 0.0
c 326.0 0.0 334.0 4.75654914 0.0560996 0.0
c 326.0 0.0 334.0 4.75855077 0.0560996 0.0
c 326.0 0.0 334.0 4.7605524 0.0560996 0.0
c 326.0 0.0 334.0 4.76255404 0.0560996 0.0
c 326.0 0.0 334.0 4.76455567 0.0560996 0.0
c 326.0 0.0 334.0 4.7665573 0.0560996 0.0
c 326.0 0.0 334.0 4.76855894 0.0560996 0.0
c 326.0 0.0 334.0 4.77056057 0.0560996 0.0
c 326.0 0.0 334.0 4.7725622 0.0560996 0.0
c 326.0 0.0 334.0 4.77456384 0.0560996 0.0
c 326.0 0.0 334.0 4.77656547 0.0560996 0.0
c 326.0 0.0 334.0 4.7785671 0.0560996 0.0
c 326.0 0.0 334.0 4.78056874 0.0560996 0.0
c 326.0 0.0 334.0 4.78257037 0.0560996 0.0
c 326.0 0.0 334.0 4.784572 0.0560996 0.0
c 326.0 0.0 334.0 4.78657364 0.0560996 0.0
c 326.0 0.0 334.0 4.78857527 0.0560996 0.0
c 326.0 0.0 334.0 4.7905769 0.0560996 0.0
c 326.0 0.0 334.0 4.79257854 0.0560996 0.0
c 326.0 0.0 334.0 4.79458017 0.0560996 0.0
c 326.0 0.0 334.0 4.7965818 0.0560996 0.0
c 326.0 0.0 334.0 4.79858344 0.0560996 0.0
c 326.0 0.0 334.0 4.80058507 0.0560996 0.0
c 326.0 0.0 334.0 4.8025867 0.0560996 0.0
c 326.0 0.0 334.0 4.80458834 0.0560996 0.0
c 326.0 0.0 334.0 4.80658997 0.0560996 0.0
c 326.0 0.0 334.0 4.8085916 0.0560996 0.0
c 326.0 0.0 334.0 4.81059324 0.0560996 0.0
c 326.0 0.0 334.0 4.81259487 0.0560996 0.0
c 326.0 0.0 334.0 4.8145965 0.0560996 0.0
c 326.0 0.0 334.0 4.81659814 0.0560996 0.0
c 326.0 0.0 334.0 4.81859977 0.0560996 0.0
c 326.0 0.0 334.0 4.82060141 0.0560996 0.0
c 326.0 0.0 334.0 4.82260304 0.0560996 0.0
c 326.0 0.0 334.0 4.82460467 0.0560996 0.0
c 326.0 0.0 334.0 4.82660631 0.0560996 0.0
c 326.0 0.0 334.0 4.82860794 0.0560996 0.0
c 326.0 0.0 334.0 4.83060957 0.0560996 0.0
c 326.0 0.0 334.0 4.83261121 0.0560996 0.0
c 326.0 0.0 334.0 4.83461284 0.0560996 0.0
c 326.0 0.0 334.0 4.83661447 0.0560996 0.0
c 326.0 0.0 334.0 4.83861611 0.0560996 0.0
c 326.0 0.0 334.0 4.84061774 0.0560996 0.0
c 326.0 0.0 334.0 4.84261937 0.0560996 0.0
c 326.0 0.0 334.0 4.84462101 0.0560996 0.0
c 326.0 0.0 334.0 4.84662264 0.0560996 0.0
c 326.0 0.0 334.0 4.84862427 0.0560996 0.0
c 326.0 0.0 334.0 4.85062591 0.0560996 0.0
c 326.0 0.0 334.0 4.85262754 0.0560996 0.0
c 326.0 0.0 334.0 4.85462917 0.0560996 0.0
c 326.0 0.0 334.0 4.85663081 0.0560996 0.0
c 326.0 0.0 334.0 4.85863244 0.0560996 0.0
c 326.0 0.0 334.0 4.86063407 0.0560996 0.0
c 326.0 0.0 334.0 4.86263571 0.0560996 0.0
c 326.0 0.0 334.0 4.86463734 0.0560996 0.0
c 326.0 0.0 334.0 4.86663897 0.0560996 0.0
c 326.0 0.0 334.0 4.86864061 0.0560996 0.0
c 326.0 0.0 334.0 4.87064224 0.0560996 0.0
c 326.0 0.0 334.0 4.87264387 0.0560996 0.0
c 326.0 0.0 334.0 4.87464551 0.0560996 0.0
c 326.0 0.0 334.0 4.87664714 0.0560996 0.0
c 326.0 0.0 334.0 4.87864877 0.0560996 0.0
c 326.0 0.0 334.0 4.88065041 0.0560996 0.0
c 326.0 0.0 334.0 4.88265204 0.0560996 0.0
c 326.0 0.0 334.0 4.88465368 0.0560996 0.0
c 326.0 0.0 334.0 4.88665531 0.0560996 0.0
c 326.0 0.0 334.0 4.88865694 0.0560996 0.0
c 326.0 0.0 334.0 4.89065858 0.0560996 0.0
c 326.0 0.0 334.0 4.89266021 0.0560996 0.0
c 326.0 0.0 334.0 4.89466184 0.0560996 0.0
c 326.0 0.0 334.0 4.89666348 0.0560996 0.0
c 326.0 0.0 334.0 4.89866511 0.0560996 0.0
c 326.0 0.0 334.0 4.90066674 0.0560996 0.0
c 326.0 0.0 334.0 4.90266838 0.0560996 0.0
c 326.0 0.0 334.0 4.90467001 0.0560996 0.0
c 326.0 0.0 334.0 4.90667164 0.0560996 0.0
c 326.0 0.0 334.0 4.90867328 0.0560996 0.0
c 326.0 0.0 334.0 4.91067491 0.0560996 0.0
c 326.0 0.0 334.0 4.91267654 0.0560996 0.0
c 326.0 0.0 334.0 4.91467818 0.0560996 0.0
c 326.0 0.0 334.0 4.91667981 0.0560996 0.0
c 326.0 0.0 334.0 4.91868144 0.0560996 0.0
c 326.0 0.0 334.0 4.92068308 0.0560996 0.0
c 326.0 0.0 334.0 4.92268471 0.0560996 0.0
c 326.0 0.0 334.0 4.92468634 0.0560996 0.0
c 326.0 0.0 334.0 4.92668798 0.0560996 0.0
c 326.0 0.0 334.0 4.92868961 0.0560996 0.0
c 326.0 0.0 334.0 4.93069124 0.0560996 0.0
c 326.0 0.0 334.0 4.93269288 0.0560996 0.0
c 326.0 0.0 334.0 4.93469451 0.0560996 0.0
c 326.0 0.0 334.0 4.93669614 0.0560996 0.0
c 326.0 0.0 334.0 4.93869778 0.0560996 0.0
c 326.0 0.0 334.0 4.94069941 0.0560996 0.0
c 326.0 0.0 334.0 4.94270105 0.0560996 0.0
c 326.0 0.0 334.0 4.94470268 0.0560996 0.0
c 326.0 0.0 334.0 4.94670431 0.0560996 0.0
c 326.0 0.0 334.0 4.94870595 0.0560996 0.0
c 326.0 0.0 334.0 4.95070758 0.0560996 0.0
c 326.0 0.0 334.0 4.95270921 0.0560996 0.0
c 326.0 0.0 334.0 4.95471085 0.0560996 0.0
c 326.0 0.0 334.0 4.95671248 0.0560996 0.0
c 326.0 0.0 334.0 4.95871411 0.0560996 0.0
c 326.0 0.0 334.0 4.96071575 0.0560996 0.0
c 326.0 0.0 334.0 4.96271738 0.0560996 0.0
c 326.0 0.0 334.0 4.96471901 0.0560996 0.0
c 326.0 0.0 334.0 4.96672065 0.0560996 0.0
c 326.0 0.0 334.0 4.96872228 0.0560996 0.0
c 326.0 0.0 334.0 4.97072391 0.0560996 0.0
c 326.0 0.0 334.0 4.97272555 0.0560996 0.0
c 326.0 0.0 334.0 4.97472718 0.0560996 0.0
c 326.0 0.0 334.0 4.97672881 0.0560996 0.0
c 326.0 0.0 334.0 4.97873045 0.0560996 0.0
c 326.0 0.0 334.0 4.98073208 0.0560996 0.0
c 326.0 0.0 334.0 4.98273371 0.0560996 0.0
c 326.0 0.0 334.0 4.98473535 0.0560996 0.0
c 326.0 0.0 334.0 4.98673698 0.0560996 0.0
c 326.0 0.0 334.0 4.98873861 0.0560996 0.0
c 326.0 0.0 334.0 4.99074025 0.0560996 0.0
c 326.0 0.0 334.0 4.99274188 0.0560996 0.0
c 326.0 0.0 334.0 4.99474351 0.0560996 0.0
c 326.0 0.0 334.0 4.99674515 0.0560996 0.0
c 326.0 0.0 334.0 4.99874678 0.0560996 0.0
c 326.0 0.0 334.0 5.00074841 0.0560996 0.0
c 326.0 0.0 334.0 5.00275005 0.0560996 0.0
c 326.0 0.0 334.0 5.00475168 0.0560996 0.0
c 326.0 0.0 334.0 5.00675332 0.0560996 0.0
c 326.0 0.0 334.0 5.00875495 0.0560996 0.0
c 326.0 0.0 334.0 5.01075658 0.0560996 0.0
c 326.0 0.0 334.0 5.01275822 0.0560996 0.0
c 326.0 0.0 334.0 5.01475985 0.0560996 0.0
c 326.0 0.0 334.0 5.01676148 0.0560996 0.0
c 326.0 0.0 334.0 5.01876312 0.0560996 0.0
c 326.0 0.0 334.0 5.02076475 0.0560996 0.0
c 326.0 0.0 334.0 5.02276638 0.0560996 0.0
c 326.0 0.0 334.0 5.02476802 0.0560996 0.0
c 326.0 0.0 334.0 5.02676965 0.0560996 0.0
c 326.0 0.0 334.0 5.02877128 0.0560996 0.0
c 326.0 0.0 334.0 5.03077292 0.0560996 0.0
c 326.0 0.0 334.0 5.03277455 0.0560996 0.0
c 326.0 0.0 334.0 5.03477618 0.0560996 0.0
c 326.0 0.0 334.0 5.03677782 0.0560996 0.0
c 326.0 0.0 334.0 5.03877945 0.0560996 0.0
c 326.0 0.0 334.0 5.04078108 0.0560996 0.0
c 326.0 0.0 334.0 5.04278272 0.0560996 0.0
c 326.0 0.0 334.0 5.04478435 0.0560996 0.0
c 326.0 0.0 334.0 5.04678598 0.0560996 0.0
c 326.0 0.0 334.0 5.04878762 0.0560996 0.0
c 326.0 0.0 334.0 5.05078925 0.0560996 0.0
c 326.0 0.0 334.0 5.05279088 0.0560996 0.0
c 326.0 0.0 334.0 5.05479252 0.0560996 0.0
c 326.0 0.0 334.0 5.05679415 0.0560996 0.0
c 326.0 0.0 334.0 5.05879578 0.0560996 0.0
c 326.0 0.0 334.0 5.06079742 0.0560996 0.0
c 326.0 0.0 334.0 5.06279905 0.0560996 0.0
c 326.0 0.0 334.0 5.06480068 0.0560996 0.0
c 326.0 0.0 334.0 5.06680232 0.0560996 0.0
c 326.0 0.0 334.0 5.06880395 0.0560996 0.0
c 326.0 0.0 334.0 5.07080559 0.0560996 0.0
c 326.0 0.0 334.0 5.07280722 0.0560996 0.0
c 326.0 0.0 334.0 5.07480885 0.0560996 0.0
c 326.0 0.0 334.0 5.07681049 0.0560996 0.0
c 326.0 0.0 334.0 5.07881212 0.0560996 0.0
c 326.0 0.0 334.0 5.08081375 0.0560996 0.0
c 326.0 0.0 334.0 5.08281539 0.0560996 0.0
c 326.0 0.0 334.0 5.08481702 0.0560996 0.0
c 326.0 0.0 334.0 5.08681865 0.0560996 0.0
c 326.0 0.0 334.0 5.08882029 0.0560996 0.0
c 326.0 0.0 334.0 5.09082192 0.0560996 0.0
c 326.0 0.0 334.0 5.09282355 0.0560996 0.0
c 326.0 0.0 334.0 5.09482519 0.0560996 0.0
c 326.0 0.0 334.0 5.09682682 0.0560996 0.0
c 326.0 0.0 334.0 5.09882845 0.0560996 0.0
c 326.0 0.0 334.0 5.10083009 0.0560996 0.0
c 326.0 0.0 334.0 5.10283172 0.0560996 0.0
c 326.0 0.0 334.0 5.10483335 0.0560996 0.0
c 326.0 0.0 334.0 5.10683499 0.0560996 0.0
c 326.0 0.0 334.0 5.10883662 0.0560996 0.0
c 326.0 0.0 334.0 5.11083825 0.0560996 0.0
c 326.0 0.0 334.0 5.11283989 0.0560996 0.0
c 326.0 0.0 334.0 5.11484152 0.0560996 0.0
c 326.0 0.0 334.0 5.11684315 0.0560996 0.0
c 326.0 0.0 334.0 5.11884479 0.0560996 0.0
c 326.0 0.0 334.0 5.12084642 0.0560996 0.0
c 326.0 0.0 334.0 5.12284805 0.0560996 0.0
c 326.0 0.0 334.0 5.12484969 0.0560996 0.0
c 326.0 0.0 334.0 5.12685132 0.0560996 0.0
c 326.0 0.0 334.0 5.12885296 0.0560996 0.0
c 326.0 0.0 334.0 5.13085459 0.0560996 0.0
c 326.0 0.0 334.0 5.13285622 0.0560996 0.0
c 326.0 0.0 334.0 5.13485786 0.0560996 0.0
c 326.0 0.0 334.0 5.13685949 0.0560996 0.0
c 326.0 0.0 334.0 5.13886112 0.0560996 0.0
c 326.0 0.0 334.0 5.14086276 0.0560996 0.0
c 326.0 0.0 334.0 5.14286439 0.0560996 0.0
c 326.0 0.0 334.0 5.14486602 0.0560996 0.0
c 326.0 0.0 334.0 5.14686766 0.0560996 0.0
c 326.0 0.0 334.0 5.14886929 0.0560996 0.0
c 326.0 0.0 334.0 5.15087092 0.0560996 0.0
c 326.0 0.0 334.0 5.15287256 0.0560996 0.0
c 326.0 0.0 334.0 5.15487419 0.0560996 0.0
c 326.0 0.0 334.0 5.15687582 0.0560996 0.0
c 326.0 0.0 334.0 5.15887746 0.0560996 0.0
c 326.0 0.0 334.0 5.16087909 0.0560996 0.0
c 326.0 0.0 334.0 5.16288072 0.0560996 0.0
c 326.0 0.0 334.0 5.16488236 0.0560996 0.0
c 326.0 0.0 334.0 5.16688399 0.0560996 0.0
c 326.0 0.0 334.0 5.16888562 0.0560996 0.0
c 326.0 0.0 334.0 5.17088726 0.0560996 0.0
c 326.0 0.0 334.0 5.17288889 0.0560996 0.0
c 326.0 0.0 334.0 5.17489052 0.0560996 0.0
c 326.0 0.0 334.0 5.17689216 0.0560996 0.0
c 326.0 0.0 334.0 5.17889379 0.0560996 0.0
c 326.0 0.0 334.0 5.18089542 0.0560996 0.0
c 326.0 0.0 334.0 5.18289706 0.0560996 0.0
c 326.0 0.0 334.0 5.18489869 0.0560996 0.0
c 326.0 0.0 334.0 5.18690032 0.0560996 0.0
c 326.0 0.0 334.0 5.18890196 0.0560996 0.0
c 326.0 0.0 334.0 5.19090359 0.0560996 0.0
c 326.0 0.0 334.0 5.19290523 0.0560996 0.0
c 326.0 0.0 334.0 5.19490686 0.0560996 0.0
c 326.0 0.0 334.0 5.19690849 0.0560996 0.0
c 326.0 0.0 334.0 5.19891013 0.0560996 0.0
c 326.0 0.0 334.0 5.20091176 0.0560996 0.0
c 326.0 0.0 334.0 5.20291339 0.0560996 0.0
c 326.0 0.0 334.0 5.20491503 0.0560996 0.0
c 326.0 0.0 334.0 5.20691666 0.0560996 0.0
c 326.0 0.0 334.0 5.20891829 0.0560996 0.0
c 326.0 0.0 334.0 5.21091993 0.0560996 0.0
c 326.0 0.0 334.0 5.21292156 0.0560996 0.0
c 326.0 0.0 334.0 5.21492319 0.0560996 0.0
c 326.0 0.0 334.0 5.21692483 0.0560996 0.0
c 326.0 0.0 334.0 5.21892646 0.0560996 0.0
c 326.0 0.0 334.0 5.22092809 0.0560996 0.0
c 326.0 0.0 334.0 5.22292973 0.0560996 0.0
c 326.0 0.0 334.0 5.22493136 0.0560996 0.0
c 326.0 0.0 334.0 5.22693299 0.0560996 0.0
c 326.0 0.0 334.0 5.22893463 0.0560996 0.0
c 326.0 0.0 334.0 5.23093626 0.0560996 0.0
c 326.0 0.0 334.0 5.23293789 0.0560996 0.0
c 326.0 0.0 334.0 5.23493953 0.0560996 0.0
c 326.0 0.0 334.0 5.23694116 0.0560996 0.0
c 326.0 0.0 334.0 5.23894279 0.0560996 0.0
c 326.0 0.0 334.0 5.24094443 0.0560996 0.0
c 326.0 0.0 334.0 5.24294606 0.0560996 0.0
c 326.0 0.0 334.0 5.24494769 0.0560996 0.0
c 326.0 0.0 334.0 5.24694933 0.0560996 0.0
c 326.0 0.0 334.0 5.24895096 0.0560996 0.0
c 326.0 0.0 334.0 5.25095259 0.0560996 0.0
c 326.0 0.0 334.0 5.25295423 0.0560996 0.0
c 326.0 0.0 334.0 5.25495586 0.0560996 0.0
c 326.0 0.0 334.0 5.2569575 0.0560996 0.0
c 326.0 0.0 334.0 5.25895913 0.0560996 0.0
c 326.0 0.0 334.0 5.26096076 0.0560996 0.0
c 326.0 0.0 334.0 5.2629624 0.0560996 0.0
c 326.0 0.0 334.0 5.26496403 0.0560996 0.0
c 326.0 0.0 334.0 5.26696566 0.0560996 0.0
c 326.0 0.0 334.0 5.2689673 0.0560996 0.0
c 326.0 0.0 334.0 5.27096893 0.0560996 0.0
c 326.0 0.0 334.0 5.27297056 0.0560996 0.0
c 326.0 0.0 334.0 5.2749722 0.0560996 0.0
c 326.0 0.0 334.0 5.27697383 0.0560996 0.0
c 326.0 0.0 334.0 5.27897546 0.0560996 0.0
c 326.0 0.0 334.0 5.2809771 0.0560996 0.0
c 326.0 0.0 334.0 5.28297873 0.0560996 0.0
c 326.0 0.0 334.0 5.28498036 0.0560996 0.0
c 326.0 0.0 334.0 5.286982 0.0560996 0.0
c 326.0 0.0 334.0 5.28898363 0.0560996 0.0
c 326.0 0.0 334.0 5.29098526 0.0560996 0.0
c 326.0 0.0 334.0 5.2929869 0.0560996 0.0
c 326.0 0.0 334.0 5.29498853 0.0560996 0.0
c 326.0 0.0 334.0 5.29699016 0.0560996 0.0
c 326.0 0.0 334.0 5.2989918 0.0560996 0.0
c 326.0 0.0 334.0 5.30099343 0.0560996 0.0
c 326.0 0.0 334.0 5.30299506 0.0560996 0.0
c 326.0 0.0 334.0 5.3049967 0.0560996 0.0
c 326.0 0.0 334.0 5.30699833 0.0560996 0.0
c 326.0 0.0 334.0 5.30899996 0.0560996 0.0
c 326.0 0.0 334.0 5.3110016 0.0560996 0.0
c 326.0 0.0 334.0 5.31300323 0.0560996 0.0
c 326.0 0.0 334.0 5.31500487 0.0560996 0.0
c 326.0 0.0 334.0 5.3170065 0.0560996 0.0
c 326.0 0.0 334.0 5.31900813 0.0560996 0.0
c 326.0 0.0 334.0 5.32100977 0.0560996 0.0
c 326.0 0.0 334.0 5.3230114 0.0560996 0.0
c 326.0 0.0 334.0 5.32501303 0.0560996 0.0
c 326.0 0.0 334.0 5.32701467 0.0560996 0.0
c 326.0 0.0 334.0 5.3290163 0.0560996 0.0
c 326.0 0.0 334.0 5.33101793 0.0560996 0.0
c 326.0 0.0 334.0 5.33301957 0.0560996 0.0
c 326.0 0.0 334.0 5.3350212 0.0560996 0.0
c 326.0 0.0 334.0 5.33702283 0.0560996 0.0
c 326.0 0.0 334.0 5.33902447 0.0560996 0.0
c 326.0 0.0 334.0 5.3410261 0.0560996 0.0
c 326.0 0.0 334.0 5.34302773 0.0560996 0.0
c 326.0 0.0 334.0 5.34502937 0.0560996 0.0
c 326.0 0.0 334.0 5.347031 0.0560996 0.0
c 326.0 0.0 334.0 5.34903263 0.0560996 0.0
c 326.0 0.0 334.0 5.35103427 0.0560996 0.0
c 326.0 0.0 334.0 5.3530359 0.0560996 0.0
c 326.0 0.0 334.0 5.35503753 0.0560996 0.0
c 326.0 0.0 334.0 5.35703917 0.0560996 0.0
c 326.0 0.0 334.0 5.3590408 0.0560996 0.0
c 326.0 0.0 334.0 5.36104243 0.0560996 0.0
c 326.0 0.0 334.0 5.36304407 0.0560996 0.0
c 326.0 0.0 334.0 5.3650457 0.0560996 0.0
c 326.0 0.0 334.0 5.36704733 0.0560996 0.0
c 326.0 0.0 334.0 5.36904897 0.0560996 0.0
c 326.0 0.0 334.0 5.3710506 0.0560996 0.0
c 326.0 0.0 334.0 5.37305223 0.0560996 0.0
c 326.0 0.0 334.0 5.37505387 0.0560996 0.0
c 326.0 0.0 334.0 5.3770555 0.0560996 0.0
c 326.0 0.0 334.0 5.37905714 0.0560996 0.0
c 326.0 0.0 334.0 5.38105877 0.0560996 0.0
c 326.0 0.0 334.0 5.3830604 0.0560996 0.0
c 326.0 0.0 334.0 5.38506204 0.0560996 0.0
c 326.0 0.0 334.0 5.38706367 0.0560996 0.0
c 326.0 0.0 334.0 5.3890653 0.0560996 0.0
c 326.0 0.0 334.0 5.39106694 0.0560996 0.0
c 326.0 0.0 334.0 5.39306857 0.0560996 0.0
c 326.0 0.0 334.0 5.3950702 0.0560996 0.0
c 326.0 0.0 334.0 5.39707184 0.0560996 0.0
c 326.0 0.0 334.0 5.39907347 0.0560996 0.0
c 326.0 0.0 334.0 5.4010751 0.0560996 0.0
c 326.0 0.0 334.0 5.40307674 0.0560996 0.0
c 326.0 0.0 334.0 5.40507837 0.0560996 0.0
c 326.0 0.0 334.0 5.40708 0.0560996 0.0
c 326.0 0.0 334.0 5.40908164 0.0560996 0.0
c 326.0 0.0 334.0 5.41108327 0.0560996 0.0
c 326.0 0.0 334.0 5.4130849 0.0560996 0.0
c 326.0 0.0 334.0 5.41508654 0.0560996 0.0
c 326.0 0.0 334.0 5.41708817 0.0560996 0.0
c 326.0 0.0 334.0 5.4190898 0.0560996 0.0
c 326.0 0.0 334.0 5.42109144 0.0560996 0.0
c 326.0 0.0 334.0 5.42309307 0.0560996 0.0
c 326.0 0.0 334.0 5.4250947 0.0560996 0.0
c 326.0 0.0 334.0 5.42709634 0.0560996 0.0
c 326.0 0.0 334.0 5.42909797 0.0560996 0.0
c 326.0 0.0 334.0 5.4310996 0.0560996 0.0
c 326.0 0.0 334.0 5.43310124 0.0560996 0.0
c 326.0 0.0 334.0 5.43510287 0.0560996 0.0
c 326.0 0.0 334.0 5.4371045 0.0560996 0.0
c 326.0 0.0 334.0 5.43910614 0.0560996 0.0
c 326.0 0.0 334.0 5.44110777 0.0560996 0.0
c 326.0 0.0 334.0 5.44310941 0.0560996 0.0
c 326.0 0.0 334.0 5.44511104 0.0560996 0.0
c 326.0 0.0 334.0 5.44711267 0.0560996 0.0
c 326.0 0.0 334.0 5.44911431 0.0560996 0.0
c 326.0 0.0 334.0 5.45111594 0.0560996 0.0
c 326.0 0.0 334.0 5.45311757 0.0560996 0.0
c 326.0 0.0 334.0 5.45511921 0.0560996 0.0
c 326.0 0.0 334.0 5.45712084 0.0560996 0.0
c 326.0 0.0 334.0 5.45912247 0.0560996 0.0
c 326.0 0.0 334.0 5.46112411 0.0560996 0.0
c 326.0 0.0 334.0 5.46312574 0.0560996 0.0
c 326.0 0.0 334.0 5.46512737 0.0560996 0.0
c 326.0 0.0 334.0 5.46712901 0.0560996 0.0
c 326.0 0.0 334.0 5.46913064 0.0560996 0.0
c 326.0 0.0 334.0 5.47113227 0.0560996 0.0
c 326.0 0.0 334.0 5.47313391 0.0560996 0.0
c 326.0 0.0 334.0 5.47513554 0.0560996 0.0
c 326.0 0.0 334.0 5.47713717 0.0560996 0.0
c 326.0 0.0 334.0 5.47913881 0.0560996 0.0
c 326.0 0.0 334.0 5.48114044 0.0560996 0.0
c 326.0 0.0 334.0 5.48314207 0.0560996 0.0
c 326.0 0.0 334.0 5.48514371 0.0560996 0.0
c 326.0 0.0 334.0 5.48714534 0.0560996 0.0
c 326.0 0.0 334.0 5.48914697 0.0560996 0.0
c 326.0 0.0 334.0 5.49114861 0.0560996 0.0
c 326.0 0.0 334.0 5.49315024 0.0560996 0.0
c 326.0 0.0 334.0 5.49515187 0.0560996 0.0
c 326.0 0.0 334.0 5.49715351 0.0560996 0.0
c 326.0 0.0 334.0 5.49915514 0.0560996 0.0
c 326.0 0.0 334.0 5.50115678 0.0560996 0.0
c 326.0 0.0 334.0 5.50315841 0.0560996 0.0
c 326.0 0.0 334.0 5.50516004 0.0560996 0.0
c 326.0 0.0 334.0 5.50716168 0.0560996 0.0
c 326.0 0.0 334.0 5.50916331 0.0560996 0.0
c 326.0 0.0 334.0 5.51116494 0.0560996 0.0
c 326.0 0.0 334.0 5.51316658 0.0560996 0.0
c 326.0 0.0 334.0 5.51516821 0.0560996 0.0
c 326.0 0.0 334.0 5.51716984 0.0560996 0.0
c 326.0 0.0 334.0 5.51917148 0.0560996 0.0
c 326.0 0.0 334.0 5.52117311 0.0560996 0.0
c 326.0 0.0 334.0 5.52317474 0.0560996 0.0
c 326.0 0.0 334.0 5.52517638 0.0560996 0.0
c 326.0 0.0 334.0 5.52717801 0.0560996 0.0
c 326.0 0.0 334.0 5.52917964 0.0560996 0.0
c 326.0 0.0 334.0 5.53118128 0.0560996 0.0
c 326.0 0.0 334.0 5.53318291 0.0560996 0.0
c 326.0 0.0 334.0 5.53518454 0.0560996 0.0
c 326.0 0.0 334.0 5.53718618 0.0560996 0.0
c 326.0 0.0 334.0 5.53918781 0.0560996 0.0
c 326.0 0.0 334.0 5.54118944 0.0560996 0.0
c 326.0 0.0 334.0 5.54319108 0.0560996 0.0
c 326.0 0.0 334.0 5.54519271 0.0560996 0.0
c 326.0 0.0 334.0 5.54719434 0.0560996 0.0
c 326.0 0.0 334.0 5.54919598 0.0560996 0.0
c 326.0 0.0 334.0 5.55119761 0.0560996 0.0
c 326.0 0.0 334.0 5.55319924 0.0560996 0.0
c 326.0 0.0 334.0 5.55520088 0.0560996 0.0
c 326.0 0.0 334.0 5.55720251 0.0560996 0.0
c 326.0 0.0 334.0 5.55920414 0.0560996 0.0
c 326.0 0.0 334.0 5.56120578 0.0560996 0.0
c 326.0 0.0 334.0 5.56320741 0.0560996 0.0
c 326.0 0.0 334.0 5.56520905 0.0560996 0.0
c 326.0 0.0 334.0 5.56721068 0.0560996 0.0
c 326.0 0.0 334.0 5.56921231 0.0560996 0.0
c 326.0 0.0 334.0 5.57121395 0.0560996 0.0
c 326.0 0.0 334.0 5.57321558 0.0560996 0.0
c 326.0 0.0 334.0 5.57521721 0.0560996 0.0
c 326.0 0.0 334.0 5.57721885 0.0560996 0.0
c 326.0 0.0 334.0 5.57922048 0.0560996 0.0
c 326.0 0.0 334.0 5.58122211 0.0560996 0.0
c 326.0 0.0 334.0 5.58322375 0.0560996 0.0
c 326.0 0.0 334.0 5.58522538 0.0560996 0.0
c 326.0 0.0 334.0 5.58722701 0.0560996 0.0
c 326.0 0.0 334.0 5.58922865 0.0560996 0.0
c 326.0 0.0 334.0 5.59123028 0.0560996 0.0
c 326.0 0.0 334.0 5.59323191 0.0560996 0.0
c 326.0 0.0 334.0 5.59523355 0.0560996 0.0
c 326.0 0.0 334.0 5.59723518 0.0560996 0.0
c 326.0 0.0 334.0 5.59923681 0.0560996 0.0
c 326.0 0.0 334.0 5.60123845 0.0560996 0.0
c 326.0 0.0 334.0 5.60324008 0.0560996 0.0
c 326.0 0.0 334.0 5.60524171 0.0560996 0.0
c 326.0 0.0 334.0 5.60724335 0.0560996 0.0
c 326.0 0.0 334.0 5.60924498 0.0560996 0.0
c 326.0 0.0 334.0 5.61124661 0.0560996 0.0
c 326.0 0.0 334.0 5.61324825 0.0560996 0.0
c 326.0 0.0 334.0 5.61524988 0.0560996 0.0
c 326.0 0.0 334.0 5.61725151 0.0560996 0.0
c 326.0 0.0 334.0 5.61925315 0.0560996 0.0
c 326.0 0.0 334.0 5.62125478 0.0560996 0.0
c 326.0 0.0 334.0 5.62325641 0.0560996 0.0
c 326.0 0.0 334.0 5.62525805 0.0560996 0.0
c 326.0 0.0 334.0 5.62725968 0.0560996 0.0
c 326.0 0.0 334.0 5.62926132 0.0560996 0.0
c 326.0 0.0 334.0 5.63126295 0.0560996 0.0
c 326.0 0.0 334.0 5.63326458 0.0560996 0.0
c 326.0 0.0 334.0 5.63526622 0.0560996 0.0
c 326.0 0.0 334.0 5.63726785 0.0560996 0.0
c 326.0 0.0 334.0 5.63926948 0.0560996 0.0
c 326.0 0.0 334.0 5.64127112 0.0560996 0.0
c 326.0 0.0 334.0 5.64327275 0.0560996 0.0
c 326.0 0.0 334.0 5.64527438 0.0560996 0.0
c 326.0 0.0 334.0 5.64727602 0.0560996 0.0
c 326.0 0.0 334.0 5.64927765 0.0560996 0.0
c 326.0 0.0 334.0 5.65127928 0.0560996 0.0
c 326.0 0.0 334.0 5.65328092 0.0560996 0.0
c 326.0 0.0 334.0 5.65528255 0.0560996 0.0
